601857 中国石油 日线 不复权
      日期	    开盘	    最高	    最低	    收盘	    成交量	    成交额
2020/01/02	5.86	5.88	5.84	5.87	72808500	427014016.00
2020/01/03	5.87	5.99	5.86	5.95	119856782	712671296.00
2020/01/06	6.03	6.28	6.02	6.23	301646124	1859195904.00
2020/01/07	6.17	6.17	6.07	6.11	152681755	931508864.00
2020/01/08	6.26	6.30	6.15	6.23	215451333	1337592320.00
2020/01/09	6.04	6.08	6.00	6.06	159983683	966146240.00
2020/01/10	6.04	6.04	5.96	5.99	92130621	551691392.00
2020/01/13	5.99	5.99	5.93	5.97	55118392	327829664.00
2020/01/14	5.95	5.98	5.94	5.95	44480419	265271840.00
2020/01/15	5.95	5.97	5.86	5.87	72014546	424495008.00
2020/01/16	5.88	5.89	5.81	5.83	57860992	337630240.00
2020/01/17	5.84	5.87	5.83	5.84	36667641	214376976.00
2020/01/20	5.85	5.86	5.81	5.85	53408389	311510560.00
2020/01/21	5.85	5.85	5.78	5.79	56028546	324824576.00
2020/01/22	5.76	5.77	5.71	5.74	66239738	379676576.00
2020/01/23	5.70	5.72	5.62	5.64	81444447	460859104.00
2020/02/03	5.14	5.29	5.08	5.13	227093729	1167352576.00
2020/02/04	5.07	5.19	5.06	5.17	106459420	547645952.00
2020/02/05	5.17	5.27	5.13	5.21	102318674	532964320.00
2020/02/06	5.25	5.29	5.21	5.27	86647363	455310304.00
2020/02/07	5.24	5.28	5.21	5.28	61128263	319828128.00
2020/02/10	5.24	5.29	5.22	5.28	56130919	295251840.00
2020/02/11	5.27	5.34	5.26	5.30	71171722	377281440.00
2020/02/12	5.29	5.32	5.28	5.31	54500038	288657728.00
2020/02/13	5.33	5.35	5.28	5.28	53568587	284224192.00
2020/02/14	5.26	5.30	5.25	5.28	47917020	252872544.00
2020/02/17	5.29	5.38	5.27	5.38	84392095	450155264.00
2020/02/18	5.38	5.38	5.33	5.35	74201915	396980704.00
2020/02/19	5.35	5.36	5.32	5.33	74189083	395688960.00
2020/02/20	5.35	5.38	5.32	5.38	105637160	564952448.00
2020/02/21	5.35	5.38	5.34	5.37	113816298	609926976.00
2020/02/24	5.34	5.34	5.27	5.28	138156164	731039936.00
2020/02/25	5.20	5.22	5.15	5.19	150412876	779444096.00
2020/02/26	5.15	5.24	5.12	5.22	160220097	833178240.00
2020/02/27	5.20	5.21	5.16	5.17	136252257	705610752.00
2020/02/28	5.11	5.14	5.06	5.07	209149489	1064602688.00
2020/03/02	5.11	5.18	5.10	5.17	139114686	716386368.00
2020/03/03	5.23	5.24	5.17	5.19	125035559	650013376.00
2020/03/04	5.18	5.19	5.15	5.18	89700352	463382144.00
2020/03/05	5.20	5.25	5.18	5.25	153980518	803908160.00
2020/03/06	5.20	5.22	5.17	5.20	109633592	569531776.00
2020/03/09	5.06	5.24	5.02	5.15	226621865	1158158208.00
2020/03/10	5.10	5.16	5.06	5.15	135358732	691745664.00
2020/03/11	5.15	5.17	5.11	5.12	85888083	441412576.00
2020/03/12	5.08	5.11	5.06	5.07	94317442	478813024.00
2020/03/13	5.00	5.08	4.92	5.04	134749475	672317376.00
2020/03/16	5.05	5.13	5.02	5.03	117961612	598050176.00
2020/03/17	5.01	5.06	4.95	5.01	95482098	476788832.00
2020/03/18	5.01	5.03	4.95	4.95	86839957	433600000.00
2020/03/19	4.94	4.96	4.85	4.88	130684222	640038720.00
2020/03/20	4.92	4.94	4.87	4.91	103204371	505579456.00
2020/03/23	4.84	4.85	4.80	4.81	106705582	514036512.00
2020/03/24	4.84	4.87	4.80	4.84	105155949	508054048.00
2020/03/25	4.87	4.89	4.84	4.86	151650210	736600640.00
2020/03/26	4.85	4.85	4.78	4.79	155892679	749711104.00
2020/03/27	4.80	4.81	4.73	4.74	209053431	994193920.00
2020/03/30	4.69	4.69	4.61	4.62	146020918	676286272.00
2020/03/31	4.64	4.65	4.60	4.62	183554957	847471232.00
2020/04/01	4.61	4.62	4.54	4.55	186412968	852264000.00
2020/04/02	4.52	4.74	4.49	4.71	412537466	1904937600.00
2020/04/03	4.73	4.73	4.61	4.63	279856007	1305158272.00
2020/04/07	4.68	4.70	4.65	4.67	249824945	1166377600.00
2020/04/08	4.64	4.66	4.61	4.64	193838632	898071040.00
2020/04/09	4.67	4.68	4.63	4.65	132237118	614778752.00
2020/04/10	4.65	4.65	4.58	4.60	164753045	759242624.00
2020/04/13	4.62	4.64	4.58	4.58	113647632	523325760.00
2020/04/14	4.59	4.60	4.56	4.59	128355795	587443904.00
2020/04/15	4.57	4.57	4.55	4.55	112297162	512079200.00
2020/04/16	4.53	4.54	4.51	4.53	116651794	528045728.00
2020/04/17	4.54	4.58	4.54	4.55	124297105	566497472.00
2020/04/20	4.53	4.57	4.51	4.55	102497802	465492416.00
2020/04/21	4.52	4.53	4.50	4.51	109960957	496455840.00
2020/04/22	4.47	4.47	4.43	4.46	136997191	609949440.00
2020/04/23	4.48	4.59	4.47	4.55	185032553	840846848.00
2020/04/24	4.55	4.56	4.48	4.48	106711101	481471392.00
2020/04/27	4.47	4.50	4.45	4.45	75706314	338545184.00
2020/04/28	4.44	4.45	4.33	4.36	128594575	563227968.00
2020/04/29	4.37	4.41	4.37	4.38	60415182	265211728.00
2020/04/30	4.38	4.46	4.37	4.44	85973295	380815008.00
2020/05/06	4.44	4.49	4.42	4.47	88177097	393435648.00
2020/05/07	4.47	4.48	4.44	4.45	61056105	272009344.00
2020/05/08	4.47	4.48	4.46	4.47	55870408	249644416.00
2020/05/11	4.48	4.49	4.46	4.47	55730677	249246080.00
2020/05/12	4.47	4.47	4.42	4.43	52202891	231767536.00
2020/05/13	4.43	4.43	4.40	4.43	44111721	194804144.00
2020/05/14	4.42	4.42	4.40	4.40	43927251	193437312.00
2020/05/15	4.42	4.43	4.41	4.42	41088010	181603760.00
2020/05/18	4.45	4.46	4.43	4.44	61974604	275266880.00
2020/05/19	4.48	4.51	4.46	4.46	89322364	400332928.00
2020/05/20	4.46	4.46	4.42	4.43	59975700	266014272.00
2020/05/21	4.45	4.47	4.42	4.45	76749769	340611456.00
2020/05/22	4.44	4.44	4.36	4.37	93991808	412772224.00
2020/05/25	4.37	4.37	4.33	4.34	61514353	267082672.00
2020/05/26	4.34	4.36	4.33	4.35	64205918	278758624.00
2020/05/27	4.35	4.35	4.30	4.31	69391811	299635232.00
2020/05/28	4.30	4.33	4.28	4.29	88980863	382362624.00
2020/05/29	4.28	4.29	4.22	4.25	139815262	594238976.00
2020/06/01	4.26	4.30	4.25	4.29	93876816	401813600.00
2020/06/02	4.29	4.31	4.28	4.31	67477346	290071232.00
2020/06/03	4.33	4.37	4.32	4.34	75972862	330470816.00
2020/06/04	4.34	4.35	4.30	4.32	57364217	247462368.00
2020/06/05	4.31	4.32	4.28	4.30	51673183	221838512.00
2020/06/08	4.35	4.36	4.33	4.34	80871474	351105152.00
2020/06/09	4.35	4.35	4.33	4.35	59692860	259045248.00
2020/06/10	4.34	4.35	4.31	4.32	50783402	219627584.00
2020/06/11	4.31	4.32	4.27	4.28	62477333	268287296.00
2020/06/12	4.23	4.27	4.22	4.26	81579721	346374112.00
2020/06/15	4.24	4.25	4.22	4.23	55518983	235140576.00
2020/06/16	4.25	4.28	4.23	4.27	62021404	263491696.00
2020/06/17	4.25	4.26	4.23	4.25	52009560	220893536.00
2020/06/18	4.24	4.32	4.23	4.29	79832736	341813056.00
2020/06/19	4.27	4.31	4.25	4.30	79035747	338442688.00
2020/06/22	4.30	4.31	4.27	4.27	60774765	260633824.00
2020/06/23	4.28	4.28	4.25	4.26	53115905	226543584.00
2020/06/24	4.26	4.27	4.25	4.26	52723594	224645376.00
2020/06/29	4.26	4.27	4.23	4.24	54861604	232907008.00
2020/06/30	4.20	4.20	4.18	4.19	47947188	200938800.00
2020/07/01	4.19	4.26	4.18	4.25	86165989	363009056.00
2020/07/02	4.24	4.33	4.23	4.32	153857647	659477248.00
2020/07/03	4.33	4.45	4.32	4.42	222616461	977995776.00
2020/07/06	4.44	4.74	4.44	4.72	443275190	2033077376.00
2020/07/07	4.77	4.88	4.66	4.70	397893345	1886736384.00
2020/07/08	4.67	4.69	4.58	4.67	270532624	1255098880.00
2020/07/09	4.68	4.77	4.63	4.74	261168874	1224971008.00
2020/07/10	4.70	4.70	4.59	4.60	202448610	939764864.00
2020/07/13	4.59	4.66	4.57	4.63	173551732	801412928.00
2020/07/14	4.62	4.62	4.52	4.56	176757915	808283008.00
2020/07/15	4.58	4.60	4.48	4.49	150545694	681615872.00
2020/07/16	4.50	4.52	4.40	4.41	174747849	778710528.00
2020/07/17	4.40	4.43	4.36	4.39	114824684	504085408.00
2020/07/20	4.40	4.50	4.38	4.49	130034110	578626496.00
2020/07/21	4.50	4.52	4.45	4.47	84861965	379497824.00
2020/07/22	4.50	4.65	4.50	4.61	283144151	1303041536.00
2020/07/23	4.58	4.60	4.48	4.54	177301977	803923520.00
2020/07/24	4.62	4.66	4.49	4.50	216125883	988549056.00
2020/07/27	4.51	4.53	4.42	4.46	104263759	465300416.00
2020/07/28	4.47	4.51	4.46	4.47	79414097	356134560.00
2020/07/29	4.45	4.51	4.42	4.50	90811197	405241056.00
2020/07/30	4.50	4.51	4.45	4.46	69025380	308697728.00
2020/07/31	4.44	4.51	4.42	4.45	99610118	443949984.00
2020/08/03	4.45	4.50	4.43	4.48	124056138	553528896.00
2020/08/04	4.49	4.55	4.46	4.53	138654129	624202112.00
2020/08/05	4.53	4.53	4.46	4.50	107714697	484087008.00
2020/08/06	4.53	4.55	4.49	4.53	141514626	639520832.00
2020/08/07	4.50	4.51	4.44	4.45	115958049	518026048.00
2020/08/10	4.45	4.48	4.43	4.47	79108815	352778304.00
2020/08/11	4.49	4.50	4.44	4.45	92287648	413343296.00
2020/08/12	4.43	4.47	4.41	4.46	98193925	436188480.00
2020/08/13	4.46	4.50	4.45	4.47	72893696	326345184.00
2020/08/14	4.47	4.49	4.44	4.48	63621909	283906240.00
2020/08/17	4.47	4.55	4.47	4.54	158287650	715400896.00
2020/08/18	4.54	4.55	4.51	4.53	93325518	422979712.00
2020/08/19	4.53	4.56	4.50	4.52	97898016	443528192.00
2020/08/20	4.52	4.52	4.45	4.46	101289920	453711200.00
2020/08/21	4.47	4.48	4.45	4.46	57202289	255417728.00
2020/08/24	4.48	4.48	4.45	4.46	60808981	271358784.00
2020/08/25	4.47	4.47	4.43	4.45	55872314	248596400.00
2020/08/26	4.45	4.46	4.42	4.43	65748886	291875808.00
2020/08/27	4.42	4.44	4.41	4.43	47470328	210154096.00
2020/08/28	4.41	4.45	4.40	4.45	79414758	351063296.00
2020/08/31	4.44	4.46	4.42	4.43	63957297	284304992.00
2020/09/01	4.42	4.43	4.39	4.41	71032894	312822080.00
2020/09/02	4.40	4.40	4.34	4.35	107928308	470682944.00
2020/09/03	4.34	4.37	4.31	4.31	84640042	366929536.00
2020/09/04	4.29	4.31	4.27	4.31	72138413	309760672.00
2020/09/07	4.30	4.32	4.28	4.28	62805500	269923872.00
2020/09/08	4.29	4.31	4.28	4.31	68232926	293003488.00
2020/09/09	4.28	4.30	4.26	4.28	75194851	322182112.00
2020/09/10	4.30	4.30	4.23	4.24	80951505	345039488.00
2020/09/11	4.23	4.26	4.21	4.24	57173409	241936064.00
2020/09/14	4.25	4.27	4.24	4.26	38679581	164565184.00
2020/09/15	4.26	4.27	4.23	4.24	43619502	185322832.00
2020/09/16	4.25	4.29	4.24	4.25	70086386	298688608.00
2020/09/17	4.26	4.28	4.22	4.23	82148861	349003040.00
2020/09/18	4.25	4.28	4.23	4.27	90199282	383406752.00
2020/09/21	4.28	4.28	4.25	4.25	62860331	268049856.00
2020/09/22	4.16	4.18	4.13	4.14	80997216	336639392.00
2020/09/23	4.14	4.15	4.11	4.11	51865100	213956112.00
2020/09/24	4.10	4.11	4.07	4.10	65893121	269260928.00
2020/09/25	4.10	4.11	4.08	4.09	35983562	147172400.00
2020/09/28	4.09	4.13	4.09	4.10	43686826	179352720.00
2020/09/29	4.11	4.11	4.09	4.09	37578762	154065248.00
2020/09/30	4.09	4.12	4.07	4.11	61408409	251664112.00
2020/10/09	4.12	4.14	4.12	4.13	54100576	223498384.00
2020/10/12	4.13	4.19	4.12	4.18	93048731	386727200.00
2020/10/13	4.17	4.17	4.14	4.15	43817109	181802768.00
2020/10/14	4.14	4.15	4.10	4.11	65172620	268204512.00
2020/10/15	4.10	4.12	4.09	4.11	50961732	209334928.00
2020/10/16	4.11	4.13	4.10	4.11	47526356	195560640.00
2020/10/19	4.11	4.15	4.10	4.11	74216150	305774816.00
2020/10/20	4.10	4.10	4.08	4.10	38608445	157965488.00
2020/10/21	4.10	4.11	4.08	4.11	50575344	207199088.00
2020/10/22	4.10	4.11	4.08	4.10	35413200	145000944.00
2020/10/23	4.10	4.15	4.10	4.12	81067392	334514240.00
2020/10/26	4.11	4.12	4.09	4.11	57819936	237118784.00
2020/10/27	4.09	4.10	4.08	4.10	47797393	195633840.00
2020/10/28	4.09	4.10	4.07	4.09	52160005	212998544.00
2020/10/29	4.07	4.07	4.04	4.05	63573298	258052704.00
2020/10/30	4.08	4.11	4.06	4.07	95492446	390580096.00
2020/11/02	4.06	4.08	4.04	4.06	64819536	262825232.00
2020/11/03	4.07	4.14	4.06	4.12	95688649	392542720.00
2020/11/04	4.12	4.13	4.09	4.11	58295954	239444176.00
2020/11/05	4.12	4.14	4.10	4.12	77021348	317069856.00
2020/11/06	4.12	4.15	4.10	4.13	101192107	418175104.00
2020/11/09	4.15	4.19	4.14	4.18	127064599	529775616.00
2020/11/10	4.23	4.28	4.19	4.20	182402909	773523840.00
2020/11/11	4.20	4.27	4.20	4.27	142254503	604470720.00
2020/11/12	4.26	4.27	4.22	4.22	76485691	323769504.00
2020/11/13	4.21	4.22	4.16	4.18	78219909	326508960.00
2020/11/16	4.19	4.25	4.17	4.25	99182712	419208288.00
2020/11/17	4.26	4.32	4.24	4.28	121867196	521329408.00
2020/11/18	4.26	4.29	4.24	4.26	91598550	390391328.00
2020/11/19	4.25	4.26	4.22	4.24	72451736	307084192.00
2020/11/20	4.23	4.24	4.20	4.24	75679042	319478336.00
2020/11/23	4.24	4.34	4.23	4.31	196908319	845945216.00
2020/11/24	4.31	4.34	4.28	4.33	122229169	526655840.00
2020/11/25	4.38	4.44	4.31	4.31	222786687	976343616.00
2020/11/26	4.31	4.34	4.28	4.29	105128053	452717120.00
2020/11/27	4.29	4.31	4.25	4.30	125167949	534496640.00
2020/11/30	4.31	4.37	4.27	4.31	190298550	823167616.00
2020/12/01	4.28	4.32	4.25	4.30	103898018	445092032.00
2020/12/02	4.29	4.33	4.27	4.30	85786652	369154464.00
2020/12/03	4.31	4.33	4.28	4.30	76602424	329827584.00
2020/12/04	4.30	4.31	4.26	4.29	81127889	347175776.00
2020/12/07	4.29	4.29	4.23	4.24	84910509	361182048.00
2020/12/08	4.24	4.26	4.20	4.21	60007714	253462736.00
2020/12/09	4.21	4.23	4.18	4.18	60396677	254149344.00
2020/12/10	4.18	4.21	4.18	4.19	62846049	263505072.00
2020/12/11	4.22	4.24	4.19	4.22	90635718	381705920.00
2020/12/14	4.20	4.24	4.17	4.19	64564180	270657760.00
2020/12/15	4.18	4.19	4.13	4.15	68078348	282327040.00
2020/12/16	4.15	4.17	4.14	4.15	43062070	178973968.00
2020/12/17	4.16	4.22	4.14	4.22	77813308	325455776.00
2020/12/18	4.21	4.28	4.20	4.26	98544928	419055584.00
2020/12/21	4.26	4.28	4.24	4.25	73250859	311918912.00
2020/12/22	4.23	4.24	4.13	4.14	100900143	421929504.00
2020/12/23	4.14	4.16	4.13	4.14	65782985	272628928.00
2020/12/24	4.16	4.17	4.13	4.16	54134886	224619312.00
2020/12/25	4.15	4.18	4.14	4.17	42183070	175443184.00
2020/12/28	4.17	4.18	4.12	4.14	75957196	315104352.00
2020/12/29	4.14	4.16	4.10	4.13	75961009	313543584.00
2020/12/30	4.12	4.14	4.11	4.13	50012566	206322496.00
2020/12/31	4.13	4.16	4.12	4.15	61264087	254098064.00
2021/01/04	4.15	4.20	4.14	4.19	96907113	403962848.00
2021/01/05	4.17	4.18	4.13	4.18	81851611	340130528.00
2021/01/06	4.20	4.26	4.20	4.25	138665156	587466048.00
2021/01/07	4.25	4.25	4.19	4.25	113085133	478465600.00
2021/01/08	4.25	4.30	4.24	4.29	152421290	653176192.00
2021/01/11	4.29	4.30	4.21	4.22	119641410	508870848.00
2021/01/12	4.21	4.31	4.20	4.31	143888797	613851840.00
2021/01/13	4.31	4.40	4.29	4.36	185290946	805044736.00
2021/01/14	4.33	4.39	4.31	4.33	128560607	558369792.00
2021/01/15	4.35	4.37	4.27	4.28	146794503	632946496.00
2021/01/18	4.25	4.28	4.24	4.25	90718352	386260384.00
2021/01/19	4.25	4.29	4.24	4.26	74803843	318870336.00
2021/01/20	4.27	4.31	4.23	4.27	81031637	345732672.00
2021/01/21	4.25	4.28	4.24	4.25	71767521	305833120.00
2021/01/22	4.25	4.26	4.18	4.18	98588245	414158624.00
2021/01/25	4.18	4.18	4.13	4.15	79340697	329259584.00
2021/01/26	4.14	4.18	4.13	4.16	60511883	251736160.00
2021/01/27	4.16	4.18	4.14	4.15	72089555	299821184.00
2021/01/28	4.14	4.15	4.11	4.13	80810465	333092704.00
2021/01/29	4.13	4.13	4.08	4.09	85750155	351731392.00
2021/02/01	4.09	4.10	4.06	4.08	77991811	317569376.00
2021/02/02	4.09	4.12	4.08	4.09	63664326	260867504.00
2021/02/03	4.11	4.12	4.08	4.09	54129961	221481936.00
2021/02/04	4.11	4.11	4.05	4.09	81347240	331741536.00
2021/02/05	4.10	4.11	4.07	4.09	60496214	247240992.00
2021/02/08	4.10	4.12	4.08	4.12	70048415	287662912.00
2021/02/09	4.12	4.19	4.11	4.17	100174773	416136224.00
2021/02/10	4.16	4.22	4.15	4.20	89065007	373293792.00
2021/02/18	4.43	4.48	4.35	4.38	453701363	2006809600.00
2021/02/19	4.34	4.36	4.29	4.32	209440542	905330112.00
2021/02/22	4.34	4.53	4.33	4.45	360095877	1599993344.00
2021/02/23	4.51	4.54	4.45	4.48	262327277	1178545152.00
2021/02/24	4.48	4.48	4.30	4.36	221193140	972012416.00
2021/02/25	4.43	4.50	4.41	4.43	190364182	845552640.00
2021/02/26	4.37	4.41	4.35	4.36	129860843	568304960.00
2021/03/01	4.39	4.40	4.33	4.37	112500173	490738688.00
2021/03/02	4.34	4.35	4.26	4.27	158120480	679084992.00
2021/03/03	4.28	4.33	4.26	4.31	103706925	445787360.00
2021/03/04	4.32	4.37	4.31	4.33	120797848	523389184.00
2021/03/05	4.39	4.43	4.34	4.42	212177099	932162560.00
2021/03/08	4.53	4.58	4.49	4.51	317476844	1442799232.00
2021/03/09	4.48	4.52	4.41	4.47	198175668	884804736.00
2021/03/10	4.46	4.47	4.39	4.39	116971016	518078272.00
2021/03/11	4.42	4.45	4.39	4.44	106602200	471419680.00
2021/03/12	4.46	4.48	4.41	4.45	108147674	480526336.00
2021/03/15	4.43	4.52	4.43	4.51	143431847	644391296.00
2021/03/16	4.49	4.50	4.44	4.47	92965905	414855680.00
2021/03/17	4.45	4.45	4.39	4.44	92878001	410329600.00
2021/03/18	4.43	4.44	4.41	4.41	77613380	343180288.00
2021/03/19	4.32	4.36	4.30	4.32	146109801	632201280.00
2021/03/22	4.31	4.36	4.30	4.36	75187588	325738432.00
2021/03/23	4.35	4.35	4.31	4.32	63729753	275666304.00
2021/03/24	4.29	4.30	4.26	4.27	88091142	376815456.00
2021/03/25	4.30	4.32	4.28	4.28	65311351	280798112.00
2021/03/26	4.29	4.31	4.27	4.29	59173993	253819520.00
2021/03/29	4.31	4.34	4.29	4.30	85542117	368839584.00
2021/03/30	4.31	4.32	4.29	4.30	69064287	296944192.00
2021/03/31	4.29	4.31	4.27	4.30	73192943	313973056.00
2021/04/01	4.30	4.30	4.27	4.28	60253780	257730960.00
2021/04/02	4.30	4.30	4.27	4.28	65511675	280812096.00
2021/04/06	4.27	4.28	4.24	4.25	63693232	270872576.00
2021/04/07	4.24	4.28	4.24	4.27	69200985	294963296.00
2021/04/08	4.26	4.28	4.25	4.26	61459554	261998720.00
2021/04/09	4.25	4.29	4.25	4.27	70902434	302752480.00
2021/04/12	4.27	4.30	4.26	4.28	71342216	305391360.00
2021/04/13	4.28	4.29	4.23	4.25	72718016	309045952.00
2021/04/14	4.25	4.26	4.23	4.25	47314417	200902272.00
2021/04/15	4.27	4.27	4.25	4.27	61020370	259925280.00
2021/04/16	4.27	4.32	4.26	4.31	84298740	362021088.00
2021/04/19	4.31	4.31	4.28	4.29	92841650	398259552.00
2021/04/20	4.28	4.29	4.26	4.27	55123941	235633280.00
2021/04/21	4.26	4.27	4.23	4.23	81596140	346116032.00
2021/04/22	4.24	4.24	4.15	4.17	162949740	683413696.00
2021/04/23	4.17	4.18	4.15	4.17	56813040	236286720.00
2021/04/26	4.17	4.19	4.16	4.17	55434274	231327216.00
2021/04/27	4.17	4.17	4.12	4.14	59998330	248355936.00
2021/04/28	4.14	4.17	4.13	4.17	45653797	189551680.00
2021/04/29	4.18	4.21	4.17	4.20	69819050	292917280.00
2021/04/30	4.25	4.27	4.22	4.25	138481387	587688320.00
2021/05/06	4.28	4.41	4.27	4.38	270055045	1177531264.00
2021/05/07	4.38	4.45	4.36	4.44	245375358	1084078080.00
2021/05/10	4.47	4.59	4.47	4.58	321335771	1456396288.00
2021/05/11	4.55	4.57	4.50	4.56	221170045	1003396544.00
2021/05/12	4.56	4.69	4.55	4.69	246311948	1147197568.00
2021/05/13	4.69	4.71	4.62	4.69	205380543	958194816.00
2021/05/14	4.64	4.68	4.58	4.65	203216228	939816640.00
2021/05/17	4.68	4.73	4.64	4.66	157231873	735955072.00
2021/05/18	4.71	4.89	4.69	4.87	286449853	1377350400.00
2021/05/19	4.85	4.85	4.76	4.80	146280199	701558592.00
2021/05/20	4.71	4.71	4.61	4.66	180200326	838893632.00
2021/05/21	4.62	4.70	4.61	4.69	130572029	610412864.00
2021/05/24	4.71	4.73	4.60	4.62	136556725	633676160.00
2021/05/25	4.67	4.74	4.66	4.72	166266122	781691200.00
2021/05/26	4.71	4.71	4.66	4.68	99747776	467104288.00
2021/05/27	4.67	4.70	4.64	4.64	104585905	487134464.00
2021/05/28	4.67	4.71	4.65	4.67	78185313	365405472.00
2021/05/31	4.66	4.66	4.60	4.62	88406417	408384448.00
2021/06/01	4.63	4.72	4.61	4.71	128459929	598514048.00
2021/06/02	4.73	4.77	4.68	4.71	132293892	624362304.00
2021/06/03	4.76	4.82	4.74	4.75	132868875	635187968.00
2021/06/04	4.71	4.73	4.65	4.69	111174350	520526624.00
2021/06/07	4.73	4.76	4.72	4.75	106802570	506364928.00
2021/06/08	4.73	4.75	4.70	4.72	80919951	381952768.00
2021/06/09	4.76	4.90	4.75	4.89	228646166	1108292352.00
2021/06/10	4.85	4.94	4.84	4.91	146494571	717599232.00
2021/06/11	4.93	5.31	4.92	5.19	439871268	2260760576.00
2021/06/15	5.21	5.35	5.15	5.23	329884758	1728374400.00
2021/06/16	5.33	5.43	5.21	5.31	327243836	1744749312.00
2021/06/17	5.25	5.25	5.10	5.23	282219317	1465022848.00
2021/06/18	5.15	5.21	5.09	5.15	196681969	1011534016.00
2021/06/21	5.20	5.22	5.06	5.11	186233261	957016768.00
2021/06/22	5.20	5.45	5.19	5.38	301101530	1608917248.00
2021/06/23	5.38	5.42	5.29	5.38	179770310	962719680.00
2021/06/24	5.38	5.42	5.32	5.39	132352359	710331136.00
2021/06/25	5.40	5.55	5.34	5.41	217172960	1180095232.00
2021/06/28	5.48	5.52	5.35	5.35	160496395	867318784.00
2021/06/29	5.22	5.31	5.10	5.24	166082569	866051008.00
2021/06/30	5.25	5.31	5.20	5.29	104135616	546913920.00
2021/07/01	5.31	5.32	5.17	5.24	131834225	692114112.00
2021/07/02	5.35	5.44	5.21	5.23	228263366	1211280256.00
2021/07/05	5.21	5.24	5.08	5.19	168500655	868896512.00
2021/07/06	5.24	5.27	5.21	5.25	108448875	568334144.00
2021/07/07	5.11	5.16	5.06	5.12	176769971	903264192.00
2021/07/08	5.05	5.09	4.94	4.99	201439206	1009462464.00
2021/07/09	5.02	5.05	4.94	4.99	140322842	698251840.00
2021/07/12	5.05	5.06	4.92	4.93	151192147	753096064.00
2021/07/13	4.93	5.00	4.88	4.95	130243825	642536832.00
2021/07/14	4.95	4.96	4.86	4.88	132631065	649847168.00
2021/07/15	4.80	4.90	4.76	4.86	163533047	788464448.00
2021/07/16	4.82	4.86	4.80	4.82	109456278	528485696.00
2021/07/19	4.81	4.81	4.69	4.74	132306496	627354816.00
2021/07/20	4.65	4.71	4.58	4.70	189554043	878353024.00
2021/07/21	4.70	4.72	4.63	4.68	91956780	429424992.00
2021/07/22	4.75	4.84	4.72	4.74	168187865	803299584.00
2021/07/23	4.74	4.80	4.70	4.71	113808370	539374784.00
2021/07/26	4.71	4.72	4.60	4.63	140986148	654604800.00
2021/07/27	4.65	4.78	4.64	4.70	185250883	873168512.00
2021/07/28	4.65	4.73	4.58	4.65	156298096	726249920.00
2021/07/29	4.67	4.68	4.60	4.64	126760280	586599296.00
2021/07/30	4.64	4.73	4.60	4.68	120652888	563748224.00
2021/08/02	4.65	4.68	4.55	4.67	145445121	672397760.00
2021/08/03	4.60	4.63	4.57	4.58	128018000	588495808.00
2021/08/04	4.58	4.63	4.56	4.61	82971888	381465312.00
2021/08/05	4.57	4.60	4.55	4.56	99971248	456895552.00
2021/08/06	4.57	4.58	4.51	4.55	94095256	427064480.00
2021/08/09	4.51	4.57	4.50	4.54	80072142	363554496.00
2021/08/10	4.53	4.56	4.50	4.55	89859950	406666144.00
2021/08/11	4.57	4.64	4.57	4.61	143398923	660651456.00
2021/08/12	4.61	4.64	4.57	4.60	93787358	432269696.00
2021/08/13	4.60	4.61	4.54	4.55	95321927	436110656.00
2021/08/16	4.54	4.62	4.52	4.60	128490359	590009920.00
2021/08/17	4.59	4.62	4.51	4.53	141404592	644469376.00
2021/08/18	4.51	4.55	4.48	4.54	114550677	516395744.00
2021/08/19	4.50	4.51	4.43	4.44	141052508	629432576.00
2021/08/20	4.43	4.45	4.37	4.40	132496951	582751360.00
2021/08/23	4.39	4.46	4.39	4.43	100281056	444226400.00
2021/08/24	4.49	4.52	4.47	4.51	134590994	605311552.00
2021/08/25	4.54	4.61	4.50	4.61	136977460	623849152.00
2021/08/26	4.61	4.70	4.59	4.65	158848460	738955840.00
2021/08/27	4.67	4.73	4.65	4.73	164829467	774002560.00
2021/08/30	4.78	4.88	4.77	4.86	240349140	1159501184.00
2021/08/31	4.84	4.95	4.78	4.94	216671818	1056313792.00
2021/09/01	4.96	5.00	4.87	4.93	177335823	874749952.00
2021/09/02	4.92	4.99	4.89	4.96	147180093	727690560.00
2021/09/03	5.02	5.08	5.01	5.05	180042394	908595072.00
2021/09/06	5.03	5.10	5.00	5.01	133887827	673689536.00
2021/09/07	5.02	5.15	5.00	5.13	204743489	1042099264.00
2021/09/08	5.10	5.23	5.08	5.16	143115301	736914176.00
2021/09/09	5.16	5.33	5.15	5.27	255254540	1342188800.00
2021/09/10	5.24	5.30	5.16	5.19	211373070	1102471936.00
2021/09/13	5.26	5.51	5.24	5.50	391445040	2116002048.00
2021/09/14	5.53	5.99	5.46	5.71	660045926	3766091264.00
2021/09/15	5.62	6.11	5.60	5.99	592728613	3515749120.00
2021/09/16	6.15	6.19	5.86	5.95	541831229	3263725824.00
2021/09/17	5.78	5.94	5.50	5.70	431724314	2471115008.00
2021/09/22	5.63	6.15	5.58	6.11	490501184	2884718080.00
2021/09/23	6.15	6.18	5.92	5.99	433737638	2613908736.00
2021/09/24	6.05	6.25	5.94	5.97	370097507	2248674048.00
2021/09/27	6.10	6.36	6.06	6.21	565182628	3500043264.00
2021/09/28	6.30	6.49	6.09	6.49	558838749	3530201600.00
2021/09/29	6.29	6.29	5.86	6.04	580119931	3537612544.00
2021/09/30	5.94	6.07	5.79	6.01	331622535	1970997760.00
2021/10/08	6.36	6.47	6.13	6.28	376290774	2371218944.00
2021/10/11	6.33	6.39	6.11	6.15	263885657	1634055424.00
2021/10/12	6.12	6.26	5.91	6.00	300847619	1822498048.00
2021/10/13	5.90	5.93	5.54	5.75	383123761	2194026496.00
2021/10/14	5.74	5.80	5.66	5.70	193726194	1110525696.00
2021/10/15	5.75	6.00	5.68	5.95	301990121	1766343296.00
2021/10/18	5.99	6.08	5.86	6.01	203643268	1219266176.00
2021/10/19	5.90	5.99	5.84	5.96	180080788	1067329536.00
2021/10/20	5.85	5.92	5.81	5.85	161208047	943179968.00
2021/10/21	5.91	5.98	5.85	5.88	154179771	911696064.00
2021/10/22	5.83	5.88	5.66	5.70	199879302	1147465472.00
2021/10/25	5.76	6.02	5.70	5.91	215676103	1271729152.00
2021/10/26	5.97	5.98	5.82	5.85	132676344	782663232.00
2021/10/27	5.82	5.90	5.74	5.81	148011878	859622848.00
2021/10/28	5.70	5.70	5.41	5.45	309001878	1696123904.00
2021/10/29	5.51	5.53	5.33	5.48	216514984	1174390912.00
2021/11/01	5.47	5.51	5.36	5.38	175052221	947709760.00
2021/11/02	5.43	5.44	5.16	5.27	208280649	1100756992.00
2021/11/03	5.19	5.26	5.13	5.18	165409306	858111104.00
2021/11/04	5.10	5.11	5.01	5.07	204028543	1031993728.00
2021/11/05	5.02	5.05	4.90	4.90	189981593	941446528.00
2021/11/08	4.95	5.03	4.91	4.93	154833469	768503872.00
2021/11/09	4.93	4.94	4.83	4.85	149191854	725611136.00
2021/11/10	4.90	4.91	4.79	4.85	178855653	865339072.00
2021/11/11	4.80	4.85	4.77	4.82	167893108	808301056.00
2021/11/12	4.83	4.85	4.78	4.81	145004216	697528192.00
2021/11/15	4.80	4.83	4.76	4.81	123106308	590162944.00
2021/11/16	4.81	4.85	4.77	4.77	172511911	828369216.00
2021/11/17	4.77	4.83	4.74	4.83	127566080	612273088.00
2021/11/18	4.78	4.81	4.76	4.77	136866113	653996288.00
2021/11/19	4.77	4.85	4.74	4.83	150205121	721496832.00
2021/11/22	4.79	4.85	4.78	4.85	171120839	823435456.00
2021/11/23	4.83	4.92	4.83	4.86	155065058	756515008.00
2021/11/24	4.92	5.02	4.92	4.95	170729997	846303808.00
2021/11/25	4.95	4.97	4.86	4.87	116386844	569104256.00
2021/11/26	4.85	4.85	4.75	4.77	154764664	740648384.00
2021/11/29	4.66	4.78	4.64	4.74	150200197	706559104.00
2021/11/30	4.73	4.78	4.69	4.71	120112740	568513536.00
2021/12/01	4.70	4.87	4.69	4.86	150573017	722644608.00
2021/12/02	4.83	4.95	4.82	4.89	125435150	613948032.00
2021/12/03	4.93	4.97	4.85	4.92	115217682	565984640.00
2021/12/06	4.91	4.97	4.88	4.89	100108172	492309568.00
2021/12/07	4.94	4.97	4.90	4.96	129564119	639942656.00
2021/12/08	4.99	5.04	4.97	5.01	140922137	704781952.00
2021/12/09	5.02	5.09	5.00	5.08	134619349	681697408.00
2021/12/10	5.06	5.06	4.93	4.97	159231077	793767552.00
2021/12/13	4.96	5.01	4.94	4.96	115811588	575072384.00
2021/12/14	4.94	4.94	4.82	4.86	158425015	770081280.00
2021/12/15	4.83	4.85	4.79	4.83	94357633	455152800.00
2021/12/16	4.85	4.95	4.84	4.94	134647190	660270720.00
2021/12/17	4.93	4.99	4.91	4.94	105737521	522552576.00
2021/12/20	4.90	4.92	4.85	4.85	106975700	522262144.00
2021/12/21	4.85	4.91	4.84	4.90	76004596	370761024.00
2021/12/22	4.93	4.99	4.89	4.89	109723930	540769088.00
2021/12/23	4.92	5.05	4.90	5.03	211651675	1054923712.00
2021/12/24	5.04	5.05	4.93	4.94	107186965	532242656.00
2021/12/27	4.92	5.00	4.92	4.95	77364082	383846880.00
2021/12/28	5.00	5.02	4.91	4.93	114325369	565165056.00
2021/12/29	4.93	4.94	4.90	4.91	75112809	369162144.00
2021/12/30	4.92	4.95	4.90	4.90	90608053	445570048.00
2021/12/31	4.90	4.93	4.88	4.91	74548057	365839904.00
2022/01/04	4.92	4.95	4.90	4.94	124041416	611133248.00
2022/01/05	4.93	4.98	4.92	4.96	140126563	694345536.00
2022/01/06	4.94	5.02	4.92	4.98	143780027	717102976.00
2022/01/07	5.03	5.32	5.02	5.27	421615754	2190315264.00
2022/01/10	5.23	5.37	5.17	5.30	270629782	1425931392.00
2022/01/11	5.28	5.33	5.23	5.24	127473024	672188096.00
2022/01/12	5.38	5.44	5.29	5.33	280558623	1505850880.00
2022/01/13	5.44	5.58	5.41	5.48	306367397	1682746752.00
2022/01/14	5.46	5.46	5.28	5.29	210384911	1121965696.00
2022/01/17	5.39	5.42	5.21	5.32	182212676	965912192.00
2022/01/18	5.32	5.52	5.30	5.49	240013773	1302118016.00
2022/01/19	5.53	5.57	5.41	5.50	299087476	1642503680.00
2022/01/20	5.29	5.44	5.25	5.40	273962817	1470115328.00
2022/01/21	5.31	5.32	5.13	5.17	282994872	1470192640.00
2022/01/24	5.20	5.32	5.16	5.30	156477117	820494400.00
2022/01/25	5.22	5.26	5.14	5.14	166905101	867155264.00
2022/01/26	5.25	5.29	5.18	5.28	180541543	947424832.00
2022/01/27	5.31	5.37	5.22	5.24	155682051	825570112.00
2022/01/28	5.23	5.27	4.99	5.02	290057098	1471544832.00
2022/02/07	5.19	5.50	5.18	5.48	399682364	2148159488.00
2022/02/08	5.41	5.55	5.39	5.53	247678610	1356727552.00
2022/02/09	5.45	5.52	5.43	5.48	174885770	957223040.00
2022/02/10	5.49	5.61	5.43	5.52	217250216	1199388672.00
2022/02/11	5.50	5.87	5.49	5.80	457650110	2619387392.00
2022/02/14	5.99	6.04	5.76	5.82	331317041	1943458816.00
2022/02/15	5.78	5.78	5.58	5.65	258532149	1465627904.00
2022/02/16	5.50	5.67	5.45	5.64	237509303	1320619904.00
2022/02/17	5.58	5.75	5.54	5.70	245660209	1384281472.00
2022/02/18	5.61	5.67	5.54	5.63	188989889	1058818752.00
2022/02/21	5.64	5.66	5.53	5.57	136993664	761733120.00
2022/02/22	5.70	5.80	5.64	5.80	370577473	2120971520.00
2022/02/23	5.68	5.72	5.59	5.67	250608585	1413266176.00
2022/02/24	5.67	6.08	5.63	5.91	607702744	3568694528.00
2022/02/25	5.74	5.81	5.63	5.73	397493197	2275530240.00
2022/02/28	5.75	5.88	5.73	5.77	258270622	1494400512.00
2022/03/01	5.77	5.77	5.65	5.73	214210256	1220164608.00
2022/03/02	5.92	5.96	5.81	5.84	327413548	1920291584.00
2022/03/03	5.90	6.02	5.88	5.93	380417250	2260470272.00
2022/03/04	5.85	5.89	5.75	5.81	244565628	1421202560.00
2022/03/07	6.00	6.03	5.90	5.94	379340639	2261667584.00
2022/03/08	5.88	6.00	5.76	5.90	306942766	1803427840.00
2022/03/09	5.92	5.97	5.55	5.74	360225560	2092346496.00
2022/03/10	5.55	5.68	5.50	5.66	296143422	1656891904.00
2022/03/11	5.57	5.58	5.40	5.58	267913096	1474349696.00
2022/03/14	5.46	5.63	5.45	5.46	177188189	981229504.00
2022/03/15	5.38	5.38	5.00	5.00	347531371	1789253504.00
2022/03/16	5.02	5.10	4.86	5.08	283301719	1411043200.00
2022/03/17	5.10	5.15	5.03	5.13	252972330	1288119808.00
2022/03/18	5.21	5.30	5.19	5.25	235789522	1237072256.00
2022/03/21	5.27	5.29	5.16	5.20	176933675	922136256.00
2022/03/22	5.27	5.37	5.27	5.35	210744022	1122790784.00
2022/03/23	5.30	5.36	5.26	5.32	130049329	691336832.00
2022/03/24	5.41	5.47	5.34	5.35	157370770	850596288.00
2022/03/25	5.30	5.42	5.28	5.37	126648867	680087360.00
2022/03/28	5.40	5.64	5.36	5.56	249619217	1378987136.00
2022/03/29	5.48	5.64	5.46	5.62	161280476	896083584.00
2022/03/30	5.60	5.60	5.45	5.53	200788855	1106057728.00
2022/03/31	5.50	5.57	5.46	5.52	160490422	884331840.00
2022/04/01	5.40	5.50	5.34	5.47	178146739	966531776.00
2022/04/06	5.47	5.64	5.44	5.61	198105775	1100751744.00
2022/04/07	5.56	5.68	5.55	5.56	159378475	892401664.00
2022/04/08	5.58	5.65	5.52	5.58	116766097	651070400.00
2022/04/11	5.60	5.66	5.47	5.50	144435608	804562752.00
2022/04/12	5.45	5.49	5.34	5.46	174259457	944636032.00
2022/04/13	5.51	5.59	5.50	5.52	158306477	878165824.00
2022/04/14	5.56	5.62	5.54	5.60	133318156	745071872.00
2022/04/15	5.67	5.70	5.54	5.54	130514686	731917440.00
2022/04/18	5.55	5.62	5.39	5.40	145985840	800685568.00
2022/04/19	5.40	5.61	5.37	5.60	218290612	1206365568.00
2022/04/20	5.52	5.58	5.40	5.41	161246050	881412224.00
2022/04/21	5.41	5.46	5.12	5.16	279973221	1469169152.00
2022/04/22	5.09	5.32	5.07	5.28	183162438	960613056.00
2022/04/25	5.18	5.26	5.04	5.05	217306551	1117316096.00
2022/04/26	5.05	5.12	4.95	4.99	183424627	920463552.00
2022/04/27	4.99	5.09	4.96	5.08	185774041	934677376.00
2022/04/28	5.08	5.21	5.04	5.18	155100803	797468416.00
2022/04/29	5.25	5.39	5.17	5.38	203559721	1075245824.00
2022/05/05	5.41	5.49	5.39	5.45	210120364	1144826752.00
2022/05/06	5.34	5.37	5.24	5.29	138016440	733108992.00
2022/05/09	5.29	5.36	5.26	5.34	86649714	460910336.00
2022/05/10	5.15	5.20	5.07	5.18	224050374	1150308096.00
2022/05/11	5.15	5.21	5.13	5.19	142339672	736444992.00
2022/05/12	5.21	5.23	5.10	5.13	127664030	659143744.00
2022/05/13	5.18	5.20	5.13	5.16	139908302	722474368.00
2022/05/16	5.20	5.21	5.13	5.17	104224779	538342528.00
2022/05/17	5.20	5.26	5.19	5.23	142940510	746165760.00
2022/05/18	5.20	5.21	5.13	5.18	124480813	643253376.00
2022/05/19	5.10	5.14	5.05	5.14	148689236	757342912.00
2022/05/20	5.15	5.22	5.13	5.22	158182090	820897984.00
2022/05/23	5.23	5.24	5.19	5.22	103424939	539762112.00
2022/05/24	5.23	5.29	5.17	5.18	158388401	830107520.00
2022/05/25	5.20	5.35	5.19	5.32	160125094	846648640.00
2022/05/26	5.35	5.38	5.28	5.36	113706252	606352576.00
2022/05/27	5.41	5.60	5.41	5.55	283364611	1561958656.00
2022/05/30	5.59	5.63	5.49	5.53	150544309	834789440.00
2022/05/31	5.59	5.67	5.57	5.66	196761557	1109759232.00
2022/06/01	5.60	5.61	5.50	5.55	119452325	663222720.00
2022/06/02	5.47	5.50	5.41	5.47	117270948	639713664.00
2022/06/06	5.58	5.58	5.45	5.50	168892065	927432064.00
2022/06/07	5.50	5.54	5.46	5.50	140688290	773916608.00
2022/06/08	5.53	5.64	5.52	5.64	176343726	985233728.00
2022/06/09	5.70	5.88	5.70	5.80	273842389	1592285184.00
2022/06/10	5.74	5.91	5.72	5.89	209447419	1222107136.00
2022/06/13	5.83	6.03	5.80	5.89	229769681	1353928576.00
2022/06/14	5.84	6.22	5.82	6.21	414591965	2516716544.00
2022/06/15	6.18	6.32	6.13	6.13	387524793	2411257600.00
2022/06/16	6.10	6.14	5.89	5.92	297729640	1770849536.00
2022/06/17	5.84	5.93	5.76	5.83	275674455	1609253504.00
2022/06/20	5.69	5.69	5.39	5.45	516937377	2829470208.00
2022/06/21	5.45	5.49	5.41	5.44	195210751	1064545536.00
2022/06/22	5.45	5.46	5.31	5.32	227919033	1225150336.00
2022/06/23	5.29	5.40	5.25	5.40	213141206	1134453632.00
2022/06/24	5.37	5.39	5.30	5.34	165082240	880934336.00
2022/06/27	5.36	5.41	5.34	5.39	164277004	884171712.00
2022/06/28	5.34	5.36	5.30	5.36	145428839	775085888.00
2022/06/29	5.37	5.40	5.30	5.31	170405974	909708544.00
2022/06/30	5.28	5.31	5.28	5.30	122909343	650754496.00
2022/07/01	5.26	5.27	5.22	5.27	94472541	495762144.00
2022/07/04	5.27	5.32	5.27	5.31	99234192	526008512.00
2022/07/05	5.35	5.44	5.35	5.40	183166525	988893696.00
2022/07/06	5.24	5.27	5.17	5.22	260292699	1357046912.00
2022/07/07	5.19	5.20	5.15	5.16	173513657	896039360.00
2022/07/08	5.22	5.24	5.17	5.19	101462729	527116160.00
2022/07/11	5.19	5.20	5.12	5.13	113981265	585700928.00
2022/07/12	5.13	5.15	5.11	5.12	84690184	434052128.00
2022/07/13	5.08	5.09	5.04	5.09	127989082	648483776.00
2022/07/14	5.08	5.08	5.04	5.07	80039653	405141152.00
2022/07/15	5.05	5.06	5.00	5.01	134534554	676264896.00
2022/07/18	5.06	5.16	5.06	5.15	131367035	671775936.00
2022/07/19	5.18	5.21	5.15	5.20	110816402	574197760.00
2022/07/20	5.24	5.28	5.23	5.24	101040301	530715968.00
2022/07/21	5.24	5.24	5.16	5.19	89275477	463824480.00
2022/07/22	5.17	5.24	5.16	5.20	77830958	404616448.00
2022/07/25	5.20	5.23	5.17	5.19	63440070	329940416.00
2022/07/26	5.21	5.26	5.21	5.25	79516911	416541568.00
2022/07/27	5.23	5.26	5.20	5.21	72627070	379251680.00
2022/07/28	5.26	5.29	5.23	5.25	79731660	418939168.00
2022/07/29	5.24	5.30	5.19	5.20	80701134	422263584.00
2022/08/01	5.20	5.24	5.17	5.22	74500032	388110848.00
2022/08/02	5.16	5.16	5.04	5.12	131903457	672221120.00
2022/08/03	5.11	5.16	5.08	5.08	81279874	416168992.00
2022/08/04	5.08	5.10	5.04	5.07	79798353	404384608.00
2022/08/05	5.05	5.06	5.00	5.05	150053692	754377728.00
2022/08/08	5.03	5.07	5.02	5.06	69201470	349378368.00
2022/08/09	5.07	5.13	5.06	5.10	76281323	389265120.00
2022/08/10	5.10	5.17	5.09	5.13	71448252	366763264.00
2022/08/11	5.16	5.20	5.14	5.19	69863960	361707104.00
2022/08/12	5.22	5.25	5.20	5.24	80357815	420496960.00
2022/08/15	5.17	5.23	5.13	5.19	85092028	442255008.00
2022/08/16	5.15	5.17	5.10	5.14	91282917	468653504.00
2022/08/17	5.14	5.17	5.11	5.16	55378378	284827296.00
2022/08/18	5.16	5.19	5.10	5.11	72538588	372035392.00
2022/08/19	5.14	5.22	5.13	5.18	101916616	528030656.00
2022/08/22	5.18	5.24	5.17	5.23	94546755	493577888.00
2022/08/23	5.23	5.32	5.19	5.30	143797003	757985664.00
2022/08/24	5.39	5.43	5.31	5.33	183026291	980940672.00
2022/08/25	5.37	5.49	5.35	5.49	237340566	1288967424.00
2022/08/26	5.48	5.50	5.40	5.44	189349011	1031633152.00
2022/08/29	5.43	5.49	5.40	5.48	136098240	741597440.00
2022/08/30	5.53	5.57	5.43	5.47	114007867	625140672.00
2022/08/31	5.38	5.39	5.31	5.34	135330257	723995968.00
2022/09/01	5.32	5.43	5.30	5.36	120335591	646181888.00
2022/09/02	5.36	5.45	5.34	5.42	101659702	550012288.00
2022/09/05	5.45	5.58	5.44	5.56	182015694	1005539904.00
2022/09/06	5.57	5.63	5.53	5.61	143971049	804798016.00
2022/09/07	5.56	5.60	5.52	5.58	106307805	590529664.00
2022/09/08	5.51	5.57	5.44	5.53	132046776	727985408.00
2022/09/09	5.58	5.63	5.55	5.59	122927586	687255680.00
2022/09/13	5.63	5.65	5.55	5.55	104931206	586175296.00
2022/09/14	5.50	5.59	5.47	5.52	97692448	541043584.00
2022/09/15	5.56	5.60	5.47	5.54	104033135	576123072.00
2022/09/16	5.49	5.50	5.35	5.37	267740260	1444287744.00
2022/09/19	5.34	5.37	5.27	5.35	132258592	703667328.00
2022/09/20	5.19	5.22	5.15	5.16	102096418	529009344.00
2022/09/21	5.14	5.24	5.09	5.23	100292430	518874400.00
2022/09/22	5.20	5.36	5.17	5.34	133156134	704153664.00
2022/09/23	5.31	5.52	5.31	5.44	198461171	1082860160.00
2022/09/26	5.34	5.37	5.11	5.11	199024248	1042257088.00
2022/09/27	5.11	5.17	5.03	5.10	160613542	814547840.00
2022/09/28	5.09	5.13	5.04	5.07	96626922	490629920.00
2022/09/29	5.14	5.18	5.06	5.11	94855711	486091360.00
2022/09/30	5.08	5.16	5.08	5.13	81957230	420427456.00
2022/10/10	5.29	5.37	5.24	5.27	189152408	1004290304.00
2022/10/11	5.28	5.29	5.19	5.21	112114720	586118592.00
2022/10/12	5.18	5.21	5.13	5.20	109270714	564699392.00
2022/10/13	5.17	5.18	5.10	5.13	145112826	743335936.00
2022/10/14	5.17	5.19	5.15	5.17	110454219	571103232.00
2022/10/17	5.13	5.19	5.08	5.18	99963626	513878400.00
2022/10/18	5.16	5.19	5.13	5.16	71151860	366763744.00
2022/10/19	5.12	5.17	5.11	5.11	72631696	372904320.00
2022/10/20	5.13	5.17	5.10	5.16	93401874	479892960.00
2022/10/21	5.14	5.19	5.14	5.19	90678302	468794624.00
2022/10/24	5.19	5.23	5.12	5.17	110497188	570885184.00
2022/10/25	5.17	5.18	5.09	5.12	86514392	443829120.00
2022/10/26	5.12	5.14	5.07	5.08	116103963	592150848.00
2022/10/27	5.10	5.12	5.07	5.11	86330056	440285184.00
2022/10/28	5.12	5.15	5.07	5.07	131020648	669389952.00
2022/10/31	5.05	5.06	4.76	4.79	320579633	1565377024.00
2022/11/01	4.77	4.85	4.77	4.85	135844778	654137280.00
2022/11/02	4.85	4.90	4.82	4.89	106095921	516021792.00
2022/11/03	4.86	4.91	4.85	4.89	97299473	474624800.00
2022/11/04	4.89	4.97	4.88	4.95	103384083	510325920.00
2022/11/07	4.97	5.08	4.97	5.05	118876054	598486080.00
2022/11/08	5.06	5.08	5.03	5.06	69175857	349353568.00
2022/11/09	5.02	5.06	5.00	5.02	60064063	301993248.00
2022/11/10	4.97	4.98	4.90	4.95	109540647	540991488.00
2022/11/11	5.00	5.05	4.98	5.05	114443125	574087744.00
2022/11/14	5.05	5.11	5.02	5.03	106260408	538174912.00
2022/11/15	5.00	5.05	4.98	5.03	78599168	394664320.00
2022/11/16	5.03	5.10	5.03	5.06	100522366	509102560.00
2022/11/17	5.06	5.06	5.01	5.04	78534512	395189856.00
2022/11/18	5.01	5.03	4.99	5.00	80496443	403148736.00
2022/11/21	4.98	4.99	4.94	4.97	67854887	336726304.00
2022/11/22	4.98	5.10	4.97	5.07	138939020	702533888.00
2022/11/23	5.10	5.18	5.09	5.14	153283904	787554688.00
2022/11/24	5.09	5.14	5.08	5.11	81120636	414613664.00
2022/11/25	5.12	5.20	5.10	5.18	111422854	576177344.00
2022/11/28	5.13	5.15	5.07	5.11	102115433	521716704.00
2022/11/29	5.14	5.20	5.12	5.19	126721093	655844160.00
2022/11/30	5.18	5.24	5.17	5.24	128176582	669028480.00
2022/12/01	5.27	5.28	5.19	5.19	104470111	545472704.00
2022/12/02	5.20	5.23	5.17	5.20	87684841	455819072.00
2022/12/05	5.23	5.35	5.22	5.32	171965499	911416960.00
2022/12/06	5.28	5.31	5.25	5.28	117608670	620424064.00
2022/12/07	5.24	5.25	5.17	5.19	129510662	674021376.00
2022/12/08	5.18	5.20	5.13	5.15	113714634	587271360.00
2022/12/09	5.16	5.18	5.12	5.14	95434070	490964192.00
2022/12/12	5.14	5.16	5.08	5.09	117512320	600057344.00
2022/12/13	5.11	5.13	5.08	5.10	89767943	457994176.00
2022/12/14	5.11	5.15	5.09	5.14	82193454	420972768.00
2022/12/15	5.16	5.17	5.08	5.09	76014605	388116800.00
2022/12/16	5.07	5.13	5.05	5.11	71833099	366146048.00
2022/12/19	5.10	5.11	5.01	5.02	90435893	456061888.00
2022/12/20	5.01	5.05	4.98	5.00	76654952	383635584.00
2022/12/21	5.01	5.02	4.98	4.99	50173534	250868416.00
2022/12/22	5.03	5.05	4.99	5.00	59682672	299427648.00
2022/12/23	4.98	5.01	4.97	4.98	59499670	296821472.00
2022/12/26	5.00	5.03	4.97	4.98	68345386	340746848.00
2022/12/27	5.00	5.01	4.98	5.01	57356738	286865088.00
2022/12/28	5.00	5.07	4.98	5.05	83727285	421366240.00
2022/12/29	5.03	5.03	4.96	4.96	124861888	621860480.00
2022/12/30	4.96	4.98	4.95	4.97	73679568	366223392.00
2023/01/03	4.98	5.01	4.95	5.01	74673018	372173216.00
2023/01/04	4.98	5.00	4.96	4.99	85407262	425278880.00
2023/01/05	4.97	4.99	4.96	4.98	76422070	380338336.00
2023/01/06	4.98	4.99	4.97	4.97	64045963	318747360.00
2023/01/09	4.99	4.99	4.97	4.98	66437661	330872992.00
2023/01/10	4.98	4.99	4.96	4.96	53017358	263568384.00
2023/01/11	4.97	5.00	4.96	4.97	76981535	383423936.00
2023/01/12	4.99	5.05	4.98	5.04	113467056	570154112.00
2023/01/13	5.04	5.10	5.03	5.09	103360976	524451520.00
2023/01/16	5.11	5.13	5.07	5.11	102921732	525867936.00
2023/01/17	5.11	5.11	5.06	5.08	73499427	373258240.00
2023/01/18	5.09	5.12	5.07	5.09	73749609	375479200.00
2023/01/19	5.09	5.10	5.06	5.10	83618404	424551104.00
2023/01/20	5.13	5.21	5.13	5.19	165726426	857520768.00
2023/01/30	5.24	5.25	5.17	5.21	139074398	724596992.00
2023/01/31	5.19	5.22	5.16	5.17	101993434	528747264.00
2023/02/01	5.18	5.21	5.16	5.20	118695254	615762944.00
2023/02/02	5.19	5.19	5.15	5.18	100102720	517674080.00
2023/02/03	5.16	5.18	5.13	5.17	110465588	569107328.00
2023/02/06	5.14	5.16	5.12	5.15	82479479	423853312.00
2023/02/07	5.16	5.19	5.15	5.17	68331685	353259936.00
2023/02/08	5.21	5.21	5.14	5.15	81475138	422281184.00
2023/02/09	5.16	5.18	5.15	5.17	55023501	284175680.00
2023/02/10	5.16	5.17	5.13	5.14	65802000	338556928.00
2023/02/13	5.15	5.17	5.13	5.15	77696687	400015808.00
2023/02/14	5.16	5.17	5.14	5.17	50960059	262841504.00
2023/02/15	5.16	5.17	5.13	5.15	69021272	355163744.00
2023/02/16	5.15	5.21	5.14	5.15	145396169	753082112.00
2023/02/17	5.15	5.19	5.14	5.15	81773943	422054816.00
2023/02/20	5.15	5.25	5.14	5.24	151956987	792181632.00
2023/02/21	5.24	5.30	5.23	5.26	126627588	666045184.00
2023/02/22	5.25	5.28	5.23	5.24	71010801	372941344.00
2023/02/23	5.25	5.28	5.22	5.25	93199281	489305728.00
2023/02/24	5.25	5.26	5.21	5.23	70626710	369312960.00
2023/02/27	5.22	5.25	5.21	5.21	61928471	323920000.00
2023/02/28	5.22	5.23	5.19	5.23	78091859	407149024.00
2023/03/01	5.22	5.29	5.21	5.28	119014626	626730752.00
2023/03/02	5.28	5.39	5.26	5.36	191389157	1022773504.00
2023/03/03	5.37	5.52	5.35	5.50	239504045	1307700096.00
2023/03/06	5.52	5.62	5.48	5.51	198012047	1094943872.00
2023/03/07	5.53	5.84	5.52	5.64	448196726	2558296064.00
2023/03/08	5.55	5.60	5.51	5.57	192283334	1068594048.00
2023/03/09	5.55	5.67	5.55	5.57	153406399	858210560.00
2023/03/10	5.54	5.59	5.43	5.44	179783988	988683904.00
2023/03/13	5.48	5.68	5.47	5.68	251070616	1406885504.00
2023/03/14	5.64	5.68	5.51	5.55	204665763	1143522176.00
2023/03/15	5.55	5.72	5.50	5.65	223151492	1252531200.00
2023/03/16	5.55	5.57	5.47	5.48	239996822	1323381120.00
2023/03/17	5.51	5.89	5.49	5.83	523508836	3004463872.00
2023/03/20	5.80	5.99	5.74	5.77	426152516	2502695424.00
2023/03/21	5.80	5.84	5.62	5.68	225596445	1283749376.00
2023/03/22	5.70	5.78	5.66	5.70	149398910	853797504.00
2023/03/23	5.69	5.79	5.66	5.77	185728109	1064222016.00
2023/03/24	5.74	5.74	5.63	5.64	182370863	1031542144.00
2023/03/27	5.60	5.60	5.50	5.58	158995323	881552448.00
2023/03/28	5.65	5.73	5.59	5.67	174559798	988182272.00
2023/03/29	5.71	5.71	5.59	5.61	123527183	695506688.00
2023/03/30	5.70	6.03	5.69	6.00	574240950	3403190016.00
2023/03/31	5.99	6.01	5.90	5.92	208251836	1237145856.00
2023/04/03	6.05	6.18	5.97	6.00	341157713	2071494144.00
2023/04/04	6.04	6.24	6.00	6.17	294045568	1805461248.00
2023/04/06	6.12	6.20	6.08	6.18	182910017	1124653824.00
2023/04/07	6.16	6.21	6.11	6.15	119806394	736244416.00
2023/04/10	6.16	6.49	6.16	6.46	338428346	2163040512.00
2023/04/11	6.42	6.60	6.37	6.56	276352128	1798648192.00
2023/04/12	6.57	6.87	6.57	6.83	311541327	2106278656.00
2023/04/13	6.86	7.14	6.74	6.78	454045641	3135648768.00
2023/04/14	6.78	6.94	6.70	6.90	275387997	1886902144.00
2023/04/17	6.87	7.37	6.82	7.34	425572372	3052584960.00
2023/04/18	7.29	7.34	7.16	7.29	270398992	1957647360.00
2023/04/19	7.24	7.45	7.16	7.19	255674917	1856897664.00
2023/04/20	7.12	7.36	7.06	7.32	280152765	2017221120.00
2023/04/21	7.25	7.52	7.19	7.29	274566805	2023327488.00
2023/04/24	7.29	7.42	7.21	7.32	234465186	1716641152.00
2023/04/25	7.36	7.63	7.35	7.62	338419760	2548347648.00
2023/04/26	7.50	7.60	7.38	7.54	258525790	1934923904.00
2023/04/27	7.41	7.55	7.30	7.50	206108477	1536494464.00
2023/04/28	7.47	7.89	7.43	7.89	274782821	2112599040.00
2023/05/04	7.59	8.16	7.55	8.01	355548901	2784410880.00
2023/05/05	8.01	8.04	7.79	7.97	236169561	1866190080.00
2023/05/08	8.02	8.58	8.02	8.58	349088043	2916760320.00
2023/05/09	8.59	8.64	8.09	8.09	412498864	3452312832.00
2023/05/10	8.09	8.13	7.64	7.77	413916289	3230949120.00
2023/05/11	7.75	7.78	7.57	7.63	201756976	1546282624.00
2023/05/12	7.66	7.84	7.49	7.50	268904603	2053507072.00
2023/05/15	7.42	7.51	7.24	7.47	294277031	2171734528.00
2023/05/16	7.45	7.75	7.42	7.52	217459551	1647173376.00
2023/05/17	7.43	7.55	7.32	7.47	123544342	917987136.00
2023/05/18	7.55	7.82	7.55	7.71	203892037	1570114304.00
2023/05/19	7.68	7.71	7.48	7.53	149611355	1133297408.00
2023/05/22	7.49	7.59	7.38	7.49	129673636	970143360.00
2023/05/23	7.49	7.58	7.35	7.35	122260329	909478912.00
2023/05/24	7.32	7.38	7.19	7.22	162257214	1180595072.00
2023/05/25	7.20	7.27	7.02	7.16	228173645	1622169088.00
2023/05/26	7.15	7.20	7.01	7.11	124126220	882285952.00
2023/05/29	7.25	7.71	7.23	7.62	269256722	2025538048.00
2023/05/30	7.58	7.90	7.55	7.67	216972952	1672886528.00
2023/05/31	7.58	7.69	7.40	7.50	188431686	1416284032.00
2023/06/01	7.53	7.79	7.49	7.63	180321308	1379439232.00
2023/06/02	7.71	7.81	7.62	7.65	143249684	1100956544.00
2023/06/05	7.72	7.85	7.70	7.72	138072732	1071486272.00
2023/06/06	7.67	7.80	7.63	7.66	123733318	955815232.00
2023/06/07	7.60	7.71	7.50	7.66	102944041	783697088.00
2023/06/08	7.66	7.87	7.57	7.82	169108414	1314294144.00
2023/06/09	7.78	7.86	7.72	7.86	172568767	1343450880.00
2023/06/12	7.80	8.05	7.74	7.78	184586940	1448406912.00
2023/06/13	7.74	7.76	7.45	7.61	205049159	1548413312.00
2023/06/14	7.68	7.77	7.57	7.60	136019260	1041567744.00
2023/06/15	7.53	7.58	7.44	7.56	124400510	932983104.00
2023/06/16	7.62	7.68	7.50	7.58	159342885	1207846528.00
2023/06/19	7.59	7.59	7.44	7.52	115489213	866478656.00
2023/06/20	7.55	7.55	7.30	7.37	148095946	1096714112.00
2023/06/21	7.34	7.65	7.29	7.52	242941656	1833499392.00
2023/06/26	7.45	7.59	7.41	7.46	156712777	1174811136.00
2023/06/27	7.48	7.81	7.42	7.73	216718488	1656062336.00
2023/06/28	7.53	7.59	7.46	7.54	150864596	1134413184.00
2023/06/29	7.55	7.59	7.45	7.47	96594306	725031680.00
2023/06/30	7.47	7.55	7.43	7.47	76316433	571649536.00
2023/07/03	7.49	7.85	7.47	7.82	172080619	1326177408.00
2023/07/04	7.81	8.04	7.74	7.79	139681924	1097123200.00
2023/07/05	7.82	7.90	7.72	7.79	79614915	620086272.00
2023/07/06	7.79	7.85	7.70	7.75	94931872	736436480.00
2023/07/07	7.71	7.84	7.60	7.73	103496295	800094592.00
2023/07/10	7.79	7.82	7.60	7.63	111697319	855640448.00
2023/07/11	7.67	7.67	7.58	7.64	72391189	552296896.00
2023/07/12	7.68	7.87	7.66	7.78	143731897	1116498304.00
2023/07/13	7.82	8.24	7.79	8.24	261837143	2115647872.00
2023/07/14	8.22	8.35	8.18	8.24	124415864	1026037440.00
2023/07/17	8.22	8.23	8.06	8.13	80565548	653946368.00
2023/07/18	8.14	8.14	7.99	8.06	76312091	614220288.00
2023/07/19	8.08	8.24	8.06	8.14	85057974	691697664.00
2023/07/20	8.13	8.17	7.99	8.02	87135471	703490176.00
2023/07/21	8.00	8.07	7.94	8.01	58732449	470161472.00
2023/07/24	7.95	8.04	7.86	7.96	63284445	503326560.00
2023/07/25	8.14	8.21	8.00	8.03	133645029	1080696960.00
2023/07/26	8.02	8.05	7.81	7.86	139892937	1103422208.00
2023/07/27	7.87	8.02	7.84	7.87	104170795	825482816.00
2023/07/28	7.84	7.97	7.77	7.97	123084921	971164736.00
2023/07/31	7.91	8.06	7.83	7.92	140341628	1109332608.00
2023/08/01	7.93	8.08	7.93	8.08	129472883	1038893824.00
2023/08/02	8.09	8.10	7.56	7.63	335115364	2597086976.00
2023/08/03	7.55	7.65	7.46	7.58	152392216	1152998016.00
2023/08/04	7.62	7.77	7.60	7.62	154400322	1184207360.00
2023/08/07	7.65	7.75	7.59	7.69	77311884	593741440.00
2023/08/08	7.65	7.82	7.60	7.79	105964849	821059392.00
2023/08/09	7.78	7.84	7.71	7.80	80913618	630596608.00
2023/08/10	7.87	7.98	7.85	7.92	109298395	865728512.00
2023/08/11	7.91	7.94	7.78	7.79	76412621	599803840.00
2023/08/14	7.73	7.88	7.72	7.84	80889613	631516864.00
2023/08/15	7.84	7.87	7.76	7.84	62627910	488963040.00
2023/08/16	7.79	7.80	7.60	7.65	99103702	759743488.00
2023/08/17	7.62	7.71	7.55	7.69	59523333	454387616.00
2023/08/18	7.66	7.77	7.66	7.68	57790105	446330112.00
2023/08/21	7.69	7.72	7.56	7.56	64894982	493237632.00
2023/08/22	7.56	7.78	7.50	7.73	116979027	897416256.00
2023/08/23	7.73	7.83	7.70	7.75	87824350	683773696.00
2023/08/24	7.73	7.79	7.64	7.66	81838220	629310592.00
2023/08/25	7.63	7.75	7.60	7.71	74605010	573940096.00
2023/08/28	8.02	8.03	7.73	7.83	177925690	1393457920.00
2023/08/29	7.80	7.85	7.72	7.75	110674140	860366528.00
2023/08/30	7.79	7.89	7.76	7.76	93948485	732550016.00
2023/08/31	7.79	7.82	7.67	7.75	96246053	744508672.00
2023/09/01	7.75	7.81	7.71	7.76	102925169	799154368.00
2023/09/04	7.80	7.96	7.80	7.95	157466215	1243756288.00
2023/09/05	7.93	7.98	7.89	7.95	92497864	733595776.00
2023/09/06	8.02	8.11	7.88	8.08	156405331	1255055872.00
2023/09/07	8.06	8.31	8.06	8.24	162363779	1335213184.00
2023/09/08	8.21	8.23	8.02	8.06	103851001	838222656.00
2023/09/11	8.09	8.21	8.06	8.13	106728215	870277952.00
2023/09/12	8.15	8.22	8.06	8.10	87792804	712529088.00
2023/09/13	8.19	8.31	8.14	8.27	137736612	1134786176.00
2023/09/14	8.28	8.37	8.22	8.34	150251517	1249998080.00
2023/09/15	8.42	8.58	8.25	8.29	203396112	1708515584.00
2023/09/18	8.29	8.33	8.12	8.23	166906416	1365624448.00
2023/09/19	8.22	8.34	8.20	8.32	117834115	978876864.00
2023/09/20	8.14	8.20	8.08	8.12	126761183	1030120704.00
2023/09/21	8.12	8.18	7.99	7.99	106301536	855116416.00
2023/09/22	8.02	8.12	7.97	8.11	111140349	896236288.00
2023/09/25	8.13	8.16	7.98	8.00	121591134	977983680.00
2023/09/26	8.00	8.03	7.96	7.98	89133151	712041536.00
2023/09/27	8.03	8.05	7.98	8.00	75460401	604322944.00
2023/09/28	8.15	8.18	7.96	7.98	125017238	1005081920.00
2023/10/09	7.79	7.94	7.61	7.91	180669164	1404770176.00
2023/10/10	7.92	7.97	7.75	7.79	98931610	775151104.00
2023/10/11	7.81	7.82	7.63	7.66	98997263	762638592.00
2023/10/12	7.66	7.70	7.60	7.67	82617642	632374080.00
2023/10/13	7.61	7.70	7.54	7.67	93665239	713917376.00
2023/10/16	7.75	7.84	7.71	7.80	131471663	1022840960.00
2023/10/17	7.76	7.95	7.71	7.93	108574513	851852672.00
2023/10/18	7.93	8.02	7.91	7.98	97031682	774066496.00
2023/10/19	7.98	7.98	7.71	7.74	119845867	933302016.00
2023/10/20	7.78	7.80	7.67	7.69	85874483	663319232.00
2023/10/23	7.63	7.69	7.51	7.57	86469385	656283200.00
2023/10/24	7.56	7.77	7.55	7.76	118757154	912811328.00
2023/10/25	7.79	7.80	7.31	7.33	220826914	1651755392.00
2023/10/26	7.30	7.48	7.29	7.45	118143698	876673088.00
2023/10/27	7.42	7.52	7.40	7.42	94954882	707619072.00
2023/10/30	7.41	7.42	7.05	7.13	241307776	1724093440.00
2023/10/31	7.10	7.15	7.00	7.12	157033421	1113276544.00
2023/11/01	7.11	7.18	7.05	7.16	121749147	868143488.00
2023/11/02	7.20	7.30	7.16	7.25	117605696	852782656.00
2023/11/03	7.28	7.38	7.22	7.33	106822248	779650240.00
2023/11/06	7.28	7.28	7.03	7.09	263012279	1862123648.00
2023/11/07	7.04	7.13	6.91	7.09	166397408	1171046144.00
2023/11/08	6.99	7.05	6.95	7.03	101630303	711719552.00
2023/11/09	6.99	7.11	6.97	7.09	102899954	726882944.00
2023/11/10	7.08	7.12	7.00	7.08	71698689	507249984.00
2023/11/13	7.11	7.15	7.02	7.14	83948451	595332160.00
2023/11/14	7.15	7.21	7.08	7.10	69723886	495860256.00
2023/11/15	7.11	7.18	7.10	7.18	83414343	596331904.00
2023/11/16	7.14	7.21	7.12	7.13	50110679	358740512.00
2023/11/17	7.06	7.07	6.95	7.04	108065708	756466944.00
2023/11/20	7.07	7.14	7.05	7.10	84335958	599144576.00
2023/11/21	7.14	7.23	7.11	7.13	95362948	683856192.00
2023/11/22	7.14	7.20	7.11	7.12	57726017	413492448.00
2023/11/23	7.10	7.14	7.05	7.11	60476278	428857664.00
2023/11/24	7.11	7.17	7.09	7.12	52717602	376530400.00
2023/11/27	7.13	7.16	7.04	7.13	85257795	605065024.00
2023/11/28	7.12	7.13	7.05	7.07	85311276	603620864.00
2023/11/29	7.09	7.11	7.01	7.06	101349510	715253696.00
2023/11/30	7.07	7.21	7.05	7.18	154368132	1104333184.00
2023/12/01	7.18	7.23	7.13	7.18	98164655	704325696.00
2023/12/04	7.18	7.29	7.17	7.20	77899338	563636928.00
2023/12/05	7.18	7.21	7.05	7.06	73755536	526154560.00
2023/12/06	7.05	7.09	6.81	6.81	187473333	1285485696.00
2023/12/07	6.76	6.82	6.71	6.78	104999643	710900800.00
2023/12/08	6.79	6.97	6.76	6.87	116201497	800368576.00
2023/12/11	6.87	6.91	6.67	6.86	113547547	772144384.00
2023/12/12	6.85	6.92	6.77	6.91	83779197	573794688.00
2023/12/13	6.84	6.86	6.75	6.76	90668816	615881728.00
2023/12/14	6.79	6.82	6.74	6.75	59099659	400725696.00
2023/12/15	6.80	6.82	6.71	6.73	71770339	485491168.00
2023/12/18	6.71	6.80	6.68	6.76	58715226	396818944.00
2023/12/19	6.78	6.79	6.71	6.77	60456234	408034592.00
2023/12/20	6.77	6.85	6.75	6.77	77317422	526177312.00
2023/12/21	6.75	6.80	6.71	6.77	64711609	438099552.00
2023/12/22	6.77	6.87	6.76	6.83	93739184	640323840.00
2023/12/25	6.80	6.94	6.79	6.92	79472698	545944128.00
2023/12/26	6.92	7.03	6.89	6.99	94953825	663657088.00
2023/12/27	7.00	7.17	6.97	7.12	107788964	767431872.00
2023/12/28	7.13	7.18	7.01	7.06	116720455	825151552.00
2023/12/29	7.02	7.12	6.96	7.06	118854125	836445184.00
2024/01/02	7.06	7.19	7.05	7.14	122608689	873933760.00
2024/01/03	7.14	7.30	7.11	7.28	134655887	975419840.00
2024/01/04	7.33	7.46	7.32	7.43	149391302	1103951744.00
2024/01/05	7.39	7.59	7.35	7.49	152900232	1149424640.00
2024/01/08	7.50	7.57	7.42	7.47	116656527	873973696.00
2024/01/09	7.38	7.48	7.32	7.46	106987184	794234816.00
2024/01/10	7.46	7.55	7.39	7.41	79849103	594867520.00
2024/01/11	7.37	7.39	7.20	7.23	128745612	937044608.00
2024/01/12	7.26	7.30	7.17	7.23	95005360	686252160.00
2024/01/15	7.21	7.35	7.18	7.33	87215501	635988800.00
2024/01/16	7.31	7.37	7.25	7.34	100607620	735850368.00
2024/01/17	7.30	7.34	7.20	7.20	100884100	733811264.00
2024/01/18	7.22	7.27	6.89	7.19	195562937	1383391360.00
2024/01/19	7.15	7.20	7.05	7.14	119694368	854091392.00
2024/01/22	7.14	7.20	6.98	7.05	130931082	931752768.00
2024/01/23	7.01	7.08	6.86	7.01	135385464	943482496.00
2024/01/24	7.02	7.27	6.99	7.26	169985431	1215700352.00
2024/01/25	7.30	7.99	7.27	7.99	378027534	2909825536.00
2024/01/26	8.05	8.55	7.88	8.50	593009559	4823883776.00
2024/01/29	8.39	8.85	8.25	8.40	586392463	4976919552.00
2024/01/30	8.32	8.65	8.30	8.40	364425093	3082528768.00
2024/01/31	8.34	8.56	8.30	8.36	321814304	2709883392.00
2024/02/01	8.20	8.35	8.09	8.15	364404315	2985636096.00
2024/02/02	8.10	8.30	7.97	8.10	308338869	2519513344.00
2024/02/05	8.06	8.42	8.06	8.31	435567239	3600174080.00
2024/02/06	8.25	8.34	8.04	8.12	328011383	2674727168.00
2024/02/07	8.10	8.32	7.93	8.31	373426118	3027913472.00
2024/02/08	8.21	8.40	8.13	8.28	268741800	2220830976.00
2024/02/19	8.28	8.66	8.21	8.65	321573775	2732246784.00
2024/02/20	8.60	8.67	8.52	8.64	184550268	1589633024.00
2024/02/21	8.60	8.94	8.58	8.71	312287893	2738330624.00
2024/02/22	8.63	9.21	8.63	9.21	322411660	2885728512.00
2024/02/23	9.29	9.33	9.00	9.07	282484704	2570115840.00
2024/02/26	9.00	9.13	8.81	8.84	248728463	2223115264.00
2024/02/27	8.84	9.01	8.80	8.88	208408701	1851012736.00
2024/02/28	8.81	8.97	8.68	8.84	278727374	2457073664.00
2024/02/29	8.78	8.88	8.74	8.84	206939563	1822502528.00
2024/03/01	8.78	8.88	8.72	8.78	176714038	1552046720.00
2024/03/04	8.81	9.15	8.78	9.12	313545401	2822418944.00
2024/03/05	9.05	9.14	8.93	9.05	249929865	2258240256.00
2024/03/06	9.03	9.18	8.92	8.98	191910508	1735199616.00
2024/03/07	8.95	9.24	8.95	9.07	212986731	1939805568.00
2024/03/08	9.05	9.21	8.96	9.18	202721600	1845160448.00
2024/03/11	9.10	9.14	8.89	9.00	223114002	2006531712.00
2024/03/12	8.95	8.96	8.66	8.68	256919902	2250245376.00
2024/03/13	8.63	8.75	8.53	8.69	173854176	1506428800.00
2024/03/14	8.68	8.92	8.67	8.79	213697775	1887040128.00
2024/03/15	8.80	8.88	8.69	8.85	161067415	1417302912.00
2024/03/18	8.83	8.92	8.75	8.86	108472056	957393664.00
2024/03/19	8.88	9.05	8.87	8.90	154847775	1389004800.00
2024/03/20	8.93	9.18	8.81	9.14	183131638	1658626176.00
2024/03/21	9.08	9.23	9.03	9.17	120783606	1105290880.00
2024/03/22	9.11	9.23	8.96	9.08	160444702	1454068480.00
2024/03/25	9.04	9.38	9.03	9.28	180288068	1667558400.00
2024/03/26	9.29	9.33	9.11	9.21	190946491	1756886656.00
2024/03/27	9.14	9.24	9.09	9.17	132450804	1213742848.00
2024/03/28	9.18	9.32	9.04	9.25	157585261	1448963328.00
2024/03/29	9.33	9.90	9.32	9.88	264647085	2568975104.00
2024/04/01	9.80	9.90	9.66	9.74	194136016	1897318144.00
2024/04/02	9.79	10.12	9.78	9.96	222150619	2211912960.00
2024/04/03	10.07	10.34	10.00	10.18	282812551	2879116032.00
2024/04/08	10.05	10.52	10.00	10.27	281490891	2899428608.00
2024/04/09	10.23	10.42	9.97	10.12	198101747	2010125312.00
2024/04/10	10.06	10.33	10.03	10.27	179033247	1826061440.00
2024/04/11	10.24	10.37	10.18	10.23	158878499	1629392512.00
2024/04/12	10.19	10.31	10.14	10.27	158392436	1621718016.00
2024/04/15	10.17	10.73	10.12	10.67	267663570	2809133824.00
2024/04/16	10.60	11.02	10.59	10.90	318585062	3453312256.00
2024/04/17	10.75	10.93	10.58	10.93	243997534	2623289344.00
2024/04/18	10.72	10.84	10.56	10.62	260051276	2775276288.00
2024/04/19	10.69	11.06	10.68	10.92	341766333	3718371072.00
2024/04/22	10.80	11.05	10.57	10.63	257175836	2763287808.00
2024/04/23	10.54	10.54	10.22	10.35	249454837	2584610048.00
2024/04/24	10.39	10.45	10.24	10.43	158228408	1639942784.00
2024/04/25	10.36	10.55	10.28	10.54	162001712	1687184000.00
2024/04/26	10.61	10.85	10.58	10.68	244980102	2625222912.00
2024/04/29	10.59	10.59	10.20	10.22	332167031	3421211136.00
2024/04/30	10.12	10.40	10.06	10.27	245067206	2520669952.00
2024/05/06	10.00	10.04	9.82	10.01	417952703	4142433792.00
2024/05/07	9.96	10.12	9.94	10.12	242615926	2439618048.00
2024/05/08	10.07	10.32	10.06	10.13	204559297	2083992064.00
2024/05/09	10.16	10.20	10.02	10.07	170534187	1720816896.00
2024/05/10	10.11	10.17	10.05	10.08	155578991	1571078528.00
2024/05/13	9.93	10.10	9.91	10.02	167112341	1674881408.00
2024/05/14	10.04	10.06	9.86	9.93	210858826	2092693120.00
2024/05/15	9.88	9.97	9.80	9.89	144959510	1432059264.00
2024/05/16	9.92	9.94	9.81	9.83	129952952	1279126272.00
2024/05/17	9.83	9.96	9.79	9.92	155688787	1539362560.00
2024/05/20	9.95	10.28	9.88	10.21	287740653	2905889792.00
2024/05/21	10.13	10.18	9.98	10.13	165579572	1673080192.00
2024/05/22	10.10	10.17	10.01	10.05	131460554	1323570304.00
2024/05/23	9.98	10.00	9.89	9.91	128172137	1274158080.00
2024/05/24	9.91	10.06	9.89	9.97	131032908	1307904512.00
2024/05/27	9.98	10.30	9.98	10.24	224801370	2292678400.00
2024/05/28	10.25	10.50	10.22	10.39	211589081	2201043456.00
2024/05/29	10.46	10.53	10.32	10.49	145369863	1520595840.00
2024/05/30	10.36	10.53	10.16	10.20	173354142	1790480128.00
2024/05/31	10.11	10.22	10.08	10.14	135394499	1374058240.00
2024/06/03	10.16	10.28	10.09	10.16	181787212	1851083136.00
2024/06/04	9.96	10.02	9.85	9.99	214128444	2130211840.00
2024/06/05	9.95	10.02	9.70	9.77	217594766	2140009472.00
2024/06/06	9.80	10.08	9.76	9.99	254753743	2539095808.00
2024/06/07	10.06	10.12	9.90	9.99	145314301	1453898752.00
2024/06/11	10.08	10.11	9.78	9.82	197392985	1953840000.00
2024/06/12	9.79	10.01	9.72	10.00	172416942	1706992640.00
2024/06/13	10.01	10.03	9.86	9.91	120775559	1199428224.00
2024/06/14	9.87	9.90	9.80	9.83	125843905	1239005952.00
2024/06/17	9.80	9.83	9.64	9.65	155383510	1508379520.00
2024/06/18	9.69	9.76	9.54	9.76	143145064	1385664512.00
2024/06/19	9.76	9.94	9.74	9.89	147923871	1461070336.00
2024/06/20	9.87	10.08	9.86	10.06	226430922	2258647296.00
2024/06/21	10.05	10.23	9.94	9.97	177274620	1785322112.00
2024/06/24	9.95	10.07	9.95	10.03	118502694	1188036736.00
2024/06/25	10.03	10.20	9.97	10.05	159843932	1609730560.00
2024/06/26	9.83	9.84	9.63	9.70	130294612	1264405888.00
2024/06/27	9.66	9.75	9.56	9.69	138692437	1340837504.00
2024/06/28	9.71	10.34	9.70	10.32	270254946	2723612928.00
2024/07/01	10.29	10.54	10.24	10.43	174330715	1809272320.00
2024/07/02	10.53	10.75	10.42	10.66	177194919	1874149248.00
2024/07/03	10.65	10.74	10.47	10.57	138481809	1466419328.00
2024/07/04	10.58	10.72	10.58	10.64	120380662	1282164352.00
2024/07/05	10.63	10.70	10.34	10.54	165069007	1729155584.00
2024/07/08	10.44	10.75	10.41	10.67	139077789	1479551360.00
2024/07/09	10.66	10.69	10.53	10.64	112851926	1199119744.00
2024/07/10	10.62	10.66	10.31	10.33	156758393	1635268608.00
2024/07/11	10.35	10.47	10.25	10.46	139759018	1450536576.00
2024/07/12	10.43	10.58	10.27	10.33	135935064	1412404224.00
2024/07/15	10.24	10.50	10.14	10.47	153414521	1594666880.00
2024/07/16	10.44	10.56	10.36	10.51	111483575	1168563712.00
2024/07/17	10.46	10.50	10.05	10.09	213949950	2184469760.00
2024/07/18	10.12	10.22	10.01	10.20	148627246	1506784000.00
2024/07/19	10.10	10.11	9.88	9.97	187645919	1868948736.00
2024/07/22	9.86	9.86	9.48	9.63	257641429	2478545152.00
2024/07/23	9.58	9.63	9.50	9.51	144474635	1380092416.00
2024/07/24	9.50	9.64	9.42	9.56	171839606	1636608000.00
2024/07/25	9.55	9.55	9.13	9.16	226172007	2089178496.00
2024/07/26	9.13	9.22	9.02	9.10	165972643	1509720704.00
2024/07/29	9.03	9.16	8.95	9.14	130956211	1187012096.00
2024/07/30	9.06	9.06	8.78	8.78	218352403	1936105472.00
2024/07/31	8.75	8.99	8.74	8.97	200930536	1786098560.00
2024/08/01	9.07	9.17	8.95	9.03	160074494	1449132160.00
2024/08/02	8.87	8.91	8.78	8.86	134672028	1191228800.00
2024/08/05	8.65	8.75	8.39	8.42	293326777	2506938368.00
2024/08/06	8.48	8.57	8.42	8.49	135830397	1152287232.00
2024/08/07	8.44	8.72	8.38	8.59	157756843	1357786496.00
2024/08/08	8.65	8.72	8.54	8.55	99250002	854385920.00
2024/08/09	8.58	8.78	8.56	8.74	159988641	1394823936.00
2024/08/12	8.73	8.80	8.67	8.71	90947914	793562496.00
2024/08/13	8.79	8.88	8.69	8.79	126101491	1105109248.00
2024/08/14	8.71	8.79	8.66	8.78	78073202	682838080.00
2024/08/15	8.75	8.91	8.71	8.86	113933232	1007999872.00
2024/08/16	8.88	9.05	8.87	9.01	126854614	1139101824.00
2024/08/19	8.98	9.12	8.93	9.07	105618802	955618112.00
2024/08/20	9.04	9.09	8.81	8.89	140532524	1254182400.00
2024/08/21	8.84	8.93	8.80	8.93	84565539	750297728.00
2024/08/22	8.88	8.94	8.81	8.90	87891299	781318016.00
2024/08/23	8.92	9.09	8.86	8.93	95981506	859537280.00
2024/08/26	9.01	9.09	8.92	9.05	113732644	1022443904.00
2024/08/27	9.11	9.35	9.05	9.32	217449974	2011545728.00
2024/08/28	9.25	9.35	9.12	9.18	136048440	1254670848.00
2024/08/29	9.14	9.16	8.84	8.90	145857294	1305475840.00
2024/08/30	8.90	9.04	8.80	8.93	154953162	1385639936.00
2024/09/02	8.85	9.07	8.70	9.01	145210793	1300193664.00
2024/09/03	8.98	9.04	8.67	8.71	164742300	1443072128.00
2024/09/04	8.49	8.49	8.17	8.25	234215259	1939150976.00
2024/09/05	8.21	8.28	8.05	8.13	165342472	1342872192.00
2024/09/06	8.11	8.21	8.04	8.04	111047936	901374528.00
2024/09/09	7.99	8.00	7.71	7.82	183015842	1428680704.00
2024/09/10	7.85	7.95	7.82	7.90	125534650	989432384.00
2024/09/11	7.72	7.77	7.55	7.75	202397741	1545930368.00
2024/09/12	7.73	7.87	7.69	7.84	133186801	1037762176.00
2024/09/13	7.88	7.98	7.88	7.90	129717194	1029572480.00
2024/09/18	7.91	8.10	7.91	8.06	117442201	941347776.00
2024/09/19	7.90	7.90	7.70	7.85	115368818	899950272.00
2024/09/20	7.89	8.01	7.83	7.91	133488080	1058130240.00
2024/09/23	7.91	8.09	7.86	8.01	96586603	772046976.00
2024/09/24	8.11	8.37	8.04	8.36	183936323	1513319680.00
2024/09/25	8.51	8.66	8.37	8.40	212473516	1805556480.00
2024/09/26	8.30	8.45	8.25	8.39	295752968	2464797440.00
2024/09/27	8.39	8.40	8.28	8.38	179409373	1496451840.00
2024/09/30	8.53	9.17	8.53	9.02	540926189	4758267392.00
2024/10/08	9.92	9.92	8.90	9.34	642985322	6034716160.00
2024/10/09	9.10	9.13	8.45	8.45	444901825	3873797888.00
2024/10/10	8.47	9.01	8.47	8.74	393485553	3451721216.00
2024/10/11	8.85	8.89	8.63	8.70	251485177	2204109056.00
2024/10/14	8.70	8.84	8.62	8.75	221455125	1934312192.00
2024/10/15	8.58	8.61	8.42	8.43	225516656	1918310016.00
2024/10/16	8.40	8.50	8.32	8.42	166912034	1404550528.00
2024/10/17	8.41	8.59	8.35	8.35	179804141	1522345216.00
2024/10/18	8.39	8.60	8.35	8.54	240218341	2036682496.00
2024/10/21	8.50	8.59	8.41	8.46	229254626	1942472448.00
2024/10/22	8.46	8.51	8.43	8.46	167043506	1414903168.00
2024/10/23	8.50	8.53	8.43	8.48	195556524	1657075968.00
2024/10/24	8.46	8.47	8.38	8.45	97837261	825453440.00
2024/10/25	8.41	8.45	8.38	8.39	121897008	1024342016.00
2024/10/28	8.33	8.37	8.18	8.37	226008481	1865061248.00
2024/10/29	8.29	8.33	8.20	8.20	159037556	1313118592.00
2024/10/30	8.20	8.25	8.08	8.11	158425431	1290071552.00
2024/10/31	8.13	8.16	8.06	8.10	128310150	1039938560.00
2024/11/01	8.13	8.38	8.11	8.30	280524659	2322035712.00
2024/11/04	8.31	8.34	8.13	8.20	194985482	1593503744.00
2024/11/05	8.20	8.29	8.14	8.28	203694483	1676962432.00
2024/11/06	8.23	8.40	8.22	8.26	237345722	1969970816.00
2024/11/07	8.22	8.35	8.16	8.35	244681060	2019718784.00
2024/11/08	8.35	8.39	8.22	8.25	206159231	1710854016.00
2024/11/11	8.20	8.20	8.02	8.09	248767811	2009778944.00
2024/11/12	8.03	8.16	7.99	8.00	213088944	1716917888.00
2024/11/13	7.99	8.16	7.97	8.07	223318088	1803260160.00
2024/11/14	8.03	8.15	8.02	8.03	185058127	1497145344.00
2024/11/15	8.03	8.10	7.98	8.03	185354660	1489484672.00
2024/11/18	8.04	8.23	8.03	8.15	278213056	2270719744.00
2024/11/19	8.19	8.20	8.06	8.13	169755627	1375912192.00
2024/11/20	8.10	8.15	8.06	8.13	117567657	953324032.00
2024/11/21	8.11	8.16	8.08	8.11	103457590	840590784.00
2024/11/22	8.13	8.19	8.01	8.01	166400415	1345764992.00
2024/11/25	8.05	8.15	8.00	8.03	151580229	1222692224.00
2024/11/26	7.97	8.03	7.84	8.02	131371251	1044289920.00
2024/11/27	7.98	8.04	7.94	8.03	96015537	767807360.00
2024/11/28	8.02	8.06	7.99	8.03	75655504	607168000.00
2024/11/29	8.04	8.11	8.03	8.04	129150425	1042135808.00
2024/12/02	8.06	8.07	7.99	8.02	130025201	1042573184.00
2024/12/03	8.01	8.10	7.98	8.10	159973433	1286566272.00
2024/12/04	8.10	8.45	8.10	8.44	432554998	3600733184.00
2024/12/05	8.32	8.38	8.26	8.29	182716202	1517775104.00
2024/12/06	8.28	8.39	8.27	8.32	159833336	1330524032.00
2024/12/09	8.29	8.48	8.24	8.43	212659243	1789796096.00
2024/12/10	8.53	8.58	8.35	8.36	191423022	1612096512.00
2024/12/11	8.34	8.47	8.33	8.45	150390914	1264886144.00
2024/12/12	8.46	8.54	8.42	8.45	139217788	1178253696.00
2024/12/13	8.41	8.43	8.27	8.28	162729605	1355494528.00
2024/12/16	8.26	8.49	8.25	8.45	207205456	1745663872.00
2024/12/17	8.43	8.59	8.43	8.48	162559132	1382591744.00
2024/12/18	8.52	8.59	8.48	8.51	132476689	1130071936.00
2024/12/19	8.46	8.55	8.40	8.42	126127393	1067693440.00
2024/12/20	8.41	8.44	8.33	8.34	106072126	887490560.00
2024/12/23	8.38	8.62	8.37	8.58	223603264	1909500544.00
2024/12/24	8.54	8.82	8.50	8.78	238624272	2083028608.00
2024/12/25	8.76	9.05	8.75	9.02	250352051	2241803008.00
2024/12/26	9.02	9.02	8.85	8.97	184550697	1647425152.00
2024/12/27	8.98	9.07	8.81	8.92	145199007	1291502080.00
2024/12/30	8.92	9.08	8.91	9.00	145925007	1311769472.00
2024/12/31	9.02	9.05	8.92	8.94	155407359	1396986880.00
2025/01/02	8.91	9.01	8.73	8.77	184981442	1636853888.00
2025/01/03	8.81	8.95	8.80	8.85	178965310	1589925376.00
2025/01/06	8.87	8.95	8.68	8.91	170462804	1509884544.00
2025/01/07	8.86	8.93	8.75	8.84	122267327	1077809024.00
2025/01/08	8.86	9.17	8.84	9.05	227508932	2057337728.00
2025/01/09	8.99	9.03	8.70	8.82	153629538	1361696640.00
2025/01/10	8.86	8.91	8.69	8.75	143463802	1258430976.00
2025/01/13	8.90	8.95	8.72	8.87	178167945	1578493952.00
2025/01/14	8.81	8.91	8.75	8.90	158884680	1407341952.00
2025/01/15	8.86	9.02	8.79	8.86	141486900	1258878336.00
2025/01/16	8.93	9.04	8.88	9.00	153454811	1378337152.00
2025/01/17	8.95	8.98	8.82	8.83	150269686	1334268032.00
2025/01/20	8.82	8.82	8.55	8.57	235403568	2033703808.00
2025/01/21	8.53	8.56	8.41	8.45	152266647	1288524288.00
2025/01/22	8.41	8.44	8.20	8.23	192271249	1592888832.00
2025/01/23	8.26	8.37	8.24	8.26	152374577	1262909952.00
2025/01/24	8.23	8.29	8.17	8.22	149177143	1228142336.00
2025/01/27	8.22	8.35	8.19	8.33	155373168	1288482432.00
2025/02/05	8.33	8.34	8.11	8.15	152525262	1244000896.00
2025/02/06	8.15	8.22	8.13	8.20	107576108	879061184.00
2025/02/07	8.18	8.27	8.14	8.26	138216008	1135260160.00
2025/02/10	8.25	8.28	8.20	8.23	110624145	911054656.00
2025/02/11	8.25	8.35	8.23	8.29	147938177	1225927552.00
2025/02/12	8.30	8.30	8.23	8.28	109526961	904916864.00
2025/02/13	8.21	8.27	8.19	8.23	133934369	1102558976.00
2025/02/14	8.23	8.24	8.08	8.11	247682720	2010647168.00
2025/02/17	8.08	8.09	8.02	8.06	178435593	1435086336.00
2025/02/18	8.05	8.14	8.00	8.07	210196149	1697319168.00
2025/02/19	8.07	8.07	7.96	7.98	226900564	1814932736.00
2025/02/20	7.98	8.04	7.95	8.01	133223016	1065418432.00
2025/02/21	8.03	8.03	7.94	7.99	137560896	1097409792.00
2025/02/24	7.94	7.96	7.88	7.90	179447566	1419342336.00
2025/02/25	7.90	7.95	7.80	7.81	179267207	1410284416.00
2025/02/26	7.77	7.85	7.75	7.79	160073072	1245567488.00
2025/02/27	7.78	7.88	7.73	7.88	209897958	1641711872.00
2025/02/28	7.85	7.97	7.84	7.86	201612688	1596440448.00
数据来源:通达信
