601398 工商银行 日线 不复权
      日期	    开盘	    最高	    最低	    收盘	    成交量	    成交额
2020/01/02	5.92	6.03	5.91	5.97	234949397	1404442752.00
2020/01/03	5.97	6.02	5.96	5.99	152213047	911951552.00
2020/01/06	5.96	6.05	5.95	5.97	226509705	1359917440.00
2020/01/07	5.98	6.04	5.98	6.01	116804353	701615808.00
2020/01/08	5.96	5.97	5.90	5.91	158559090	940552704.00
2020/01/09	5.95	5.96	5.88	5.91	137713429	813806656.00
2020/01/10	5.91	5.93	5.86	5.91	97837773	576580160.00
2020/01/13	5.90	5.93	5.87	5.93	108991003	642791808.00
2020/01/14	5.92	5.96	5.91	5.94	136770059	812389824.00
2020/01/15	5.93	5.94	5.87	5.88	128890756	759512896.00
2020/01/16	5.87	5.89	5.79	5.80	269031351	1572007936.00
2020/01/17	5.81	5.84	5.80	5.82	103949027	605076672.00
2020/01/20	5.81	5.86	5.80	5.84	103339962	602786624.00
2020/01/21	5.82	5.83	5.76	5.77	143223669	828268480.00
2020/01/22	5.76	5.79	5.71	5.79	128370788	738870080.00
2020/01/23	5.76	5.78	5.70	5.72	200037655	1146238592.00
2020/02/03	5.30	5.58	5.30	5.42	468039902	2524272128.00
2020/02/04	5.39	5.53	5.36	5.50	401385261	2178867200.00
2020/02/05	5.49	5.52	5.42	5.49	250853805	1374458752.00
2020/02/06	5.50	5.53	5.44	5.50	280995429	1538957696.00
2020/02/07	5.47	5.47	5.40	5.44	237318996	1288428160.00
2020/02/10	5.41	5.43	5.38	5.42	190238633	1027646592.00
2020/02/11	5.43	5.47	5.41	5.46	198498450	1081002752.00
2020/02/12	5.46	5.47	5.42	5.46	203914433	1109148672.00
2020/02/13	5.45	5.45	5.40	5.41	199565762	1082005632.00
2020/02/14	5.40	5.44	5.39	5.43	141576448	767126656.00
2020/02/17	5.42	5.49	5.41	5.49	214194906	1169117312.00
2020/02/18	5.47	5.48	5.44	5.46	184542440	1007061184.00
2020/02/19	5.45	5.50	5.45	5.48	204052382	1115986816.00
2020/02/20	5.48	5.52	5.44	5.51	283668091	1552477568.00
2020/02/21	5.49	5.52	5.47	5.49	223710293	1228187008.00
2020/02/24	5.48	5.49	5.43	5.44	193329190	1053685888.00
2020/02/25	5.40	5.42	5.39	5.41	230133275	1243466240.00
2020/02/26	5.38	5.44	5.36	5.41	257968813	1393315584.00
2020/02/27	5.40	5.42	5.39	5.40	222555623	1202215424.00
2020/02/28	5.37	5.38	5.28	5.30	422937146	2256218880.00
2020/03/02	5.30	5.36	5.29	5.36	239902317	1279829504.00
2020/03/03	5.37	5.40	5.35	5.38	255403193	1374004480.00
2020/03/04	5.37	5.39	5.36	5.39	134281589	721906816.00
2020/03/05	5.40	5.46	5.38	5.46	330539755	1794965760.00
2020/03/06	5.42	5.43	5.39	5.41	195949873	1059304448.00
2020/03/09	5.34	5.35	5.30	5.31	288062025	1532677376.00
2020/03/10	5.29	5.37	5.29	5.36	250820767	1336201344.00
2020/03/11	5.35	5.37	5.32	5.32	169406955	904475648.00
2020/03/12	5.30	5.32	5.27	5.29	246296488	1303003648.00
2020/03/13	5.16	5.27	5.13	5.22	299724107	1553653632.00
2020/03/16	5.22	5.29	5.14	5.17	304466305	1586443648.00
2020/03/17	5.16	5.23	5.12	5.17	257712932	1329255552.00
2020/03/18	5.18	5.20	5.11	5.11	202506811	1045181440.00
2020/03/19	5.11	5.12	4.93	4.99	289884968	1452206720.00
2020/03/20	5.02	5.11	5.00	5.08	212513611	1073508032.00
2020/03/23	5.00	5.03	4.98	4.99	139989311	699169088.00
2020/03/24	5.02	5.12	5.02	5.12	230331606	1166514176.00
2020/03/25	5.17	5.18	5.10	5.18	232178619	1195478400.00
2020/03/26	5.13	5.22	5.11	5.18	155612848	805142976.00
2020/03/27	5.21	5.25	5.18	5.21	172736492	901046976.00
2020/03/30	5.18	5.24	5.15	5.22	195388477	1016609280.00
2020/03/31	5.22	5.24	5.12	5.15	176103197	912323392.00
2020/04/01	5.15	5.19	5.13	5.16	101858447	525623744.00
2020/04/02	5.14	5.19	5.11	5.19	122885637	632366528.00
2020/04/03	5.16	5.18	5.12	5.14	109604624	564119680.00
2020/04/07	5.18	5.19	5.13	5.16	170301628	878022912.00
2020/04/08	5.14	5.15	5.12	5.14	103474315	531023680.00
2020/04/09	5.14	5.15	5.12	5.13	73582092	377790176.00
2020/04/10	5.13	5.14	5.10	5.11	97806890	500477728.00
2020/04/13	5.10	5.13	5.09	5.10	85508709	436405792.00
2020/04/14	5.11	5.13	5.10	5.12	88321771	451932576.00
2020/04/15	5.11	5.13	5.10	5.13	94603541	484407200.00
2020/04/16	5.11	5.13	5.10	5.12	70063172	358394240.00
2020/04/17	5.13	5.17	5.11	5.15	138244872	710819584.00
2020/04/20	5.14	5.15	5.12	5.12	103808722	532094016.00
2020/04/21	5.11	5.12	5.07	5.08	117604888	598287936.00
2020/04/22	5.07	5.10	5.05	5.09	87658356	445105984.00
2020/04/23	5.09	5.09	5.05	5.07	103342243	523778048.00
2020/04/24	5.06	5.07	5.04	5.05	68795221	347600192.00
2020/04/27	5.05	5.11	5.05	5.09	117299682	596976640.00
2020/04/28	5.09	5.12	5.04	5.11	150513612	766309888.00
2020/04/29	5.10	5.15	5.08	5.15	121079635	621183040.00
2020/04/30	5.15	5.18	5.14	5.17	104063910	537925248.00
2020/05/06	5.12	5.12	5.08	5.11	162061217	826750784.00
2020/05/07	5.10	5.11	5.09	5.10	78898187	402339520.00
2020/05/08	5.10	5.12	5.09	5.10	114827797	586300544.00
2020/05/11	5.11	5.14	5.10	5.14	113051885	579421696.00
2020/05/12	5.13	5.15	5.11	5.13	101632081	521289504.00
2020/05/13	5.12	5.13	5.11	5.13	55628021	284796160.00
2020/05/14	5.12	5.13	5.09	5.10	81152500	414442720.00
2020/05/15	5.10	5.12	5.08	5.09	95906130	488458016.00
2020/05/18	5.09	5.10	5.07	5.10	93617881	476194368.00
2020/05/19	5.12	5.13	5.10	5.12	136180096	696256256.00
2020/05/20	5.11	5.12	5.10	5.12	86764868	443325184.00
2020/05/21	5.12	5.13	5.10	5.10	81003105	414491648.00
2020/05/22	5.10	5.11	5.05	5.05	143377084	727859712.00
2020/05/25	5.06	5.10	5.04	5.09	105506493	535413184.00
2020/05/26	5.10	5.11	5.08	5.08	92522125	471204928.00
2020/05/27	5.08	5.13	5.08	5.12	119594005	611686016.00
2020/05/28	5.12	5.18	5.12	5.17	145728739	751332032.00
2020/05/29	5.14	5.15	5.10	5.12	125761411	644333248.00
2020/06/01	5.13	5.16	5.12	5.16	105007887	540140864.00
2020/06/02	5.15	5.19	5.13	5.19	152829199	788749056.00
2020/06/03	5.20	5.24	5.18	5.19	134546779	700101312.00
2020/06/04	5.20	5.21	5.17	5.18	76394115	396059488.00
2020/06/05	5.19	5.22	5.16	5.21	109865757	569906496.00
2020/06/08	5.22	5.26	5.20	5.24	170929414	894672960.00
2020/06/09	5.24	5.28	5.23	5.26	118676521	624176000.00
2020/06/10	5.27	5.28	5.25	5.27	130116167	685774208.00
2020/06/11	5.27	5.30	5.24	5.27	201954547	1065079808.00
2020/06/12	5.23	5.32	5.20	5.22	379726025	2002673536.00
2020/06/15	5.24	5.31	5.23	5.24	216077601	1137899776.00
2020/06/16	5.27	5.31	5.26	5.30	123037983	650848000.00
2020/06/17	5.28	5.30	5.25	5.26	87984468	463475840.00
2020/06/18	5.20	5.22	5.16	5.19	210965506	1095065088.00
2020/06/19	5.18	5.21	5.15	5.20	198605088	1029454848.00
2020/06/22	5.20	5.22	5.16	5.16	156983957	814365120.00
2020/06/23	5.16	5.16	5.12	5.14	179893542	924358336.00
2020/06/24	5.15	5.24	5.14	5.22	194172776	1008333056.00
2020/06/29	5.28	5.31	5.20	5.25	300096304	1574885376.00
2020/06/30	5.00	5.03	4.96	4.98	213559908	1064429248.00
2020/07/01	4.98	4.99	4.92	4.99	195342430	968080256.00
2020/07/02	4.98	5.07	4.96	5.06	333639508	1672846080.00
2020/07/03	5.06	5.18	5.06	5.16	349460778	1791281792.00
2020/07/06	5.20	5.61	5.19	5.60	746359638	4044172288.00
2020/07/07	5.67	5.85	5.56	5.56	622456480	3518396160.00
2020/07/08	5.52	5.59	5.38	5.47	613051056	3357353216.00
2020/07/09	5.43	5.45	5.35	5.38	569342048	3064468992.00
2020/07/10	5.36	5.37	5.20	5.22	626079327	3302585344.00
2020/07/13	5.20	5.25	5.16	5.21	608928410	3167529472.00
2020/07/14	5.19	5.20	5.13	5.14	463922050	2397441280.00
2020/07/15	5.16	5.18	5.07	5.08	461149414	2355023872.00
2020/07/16	5.08	5.13	5.05	5.06	492285809	2505984512.00
2020/07/17	5.06	5.08	5.03	5.06	297529798	1504161280.00
2020/07/20	5.07	5.14	5.05	5.13	386592363	1974500480.00
2020/07/21	5.13	5.14	5.09	5.10	226253759	1154453504.00
2020/07/22	5.10	5.14	5.07	5.09	292661107	1493366784.00
2020/07/23	5.07	5.08	5.02	5.03	375136563	1890158464.00
2020/07/24	5.03	5.03	4.96	4.98	363761006	1817042816.00
2020/07/27	4.98	5.00	4.95	4.97	217634490	1082016256.00
2020/07/28	4.99	5.00	4.96	4.98	174844591	870345472.00
2020/07/29	4.97	5.02	4.93	5.02	275856664	1375574144.00
2020/07/30	5.02	5.02	4.98	4.98	153782861	768439808.00
2020/07/31	4.98	5.01	4.95	4.96	254967287	1268345216.00
2020/08/03	4.98	5.00	4.96	4.98	244686781	1217707520.00
2020/08/04	4.99	5.07	4.97	5.05	401220469	2015491456.00
2020/08/05	5.02	5.03	4.99	5.00	205232006	1027991616.00
2020/08/06	5.01	5.03	4.98	5.02	209927052	1049299520.00
2020/08/07	5.01	5.01	4.97	4.98	192143281	957716736.00
2020/08/10	4.97	5.00	4.96	4.99	200986917	1001722880.00
2020/08/11	4.98	5.02	4.97	4.98	276724552	1383596416.00
2020/08/12	4.97	4.99	4.96	4.99	225612404	1121910784.00
2020/08/13	4.98	5.00	4.97	4.98	116382932	580121536.00
2020/08/14	4.98	5.02	4.97	5.02	208584453	1042149504.00
2020/08/17	5.02	5.11	5.02	5.09	548693326	2783708672.00
2020/08/18	5.09	5.09	5.04	5.05	237195504	1199875584.00
2020/08/19	5.06	5.07	5.03	5.03	163005140	821836864.00
2020/08/20	5.02	5.03	4.99	5.00	164245323	821731200.00
2020/08/21	5.01	5.02	4.99	5.01	130184483	651086272.00
2020/08/24	5.01	5.02	4.99	4.99	120078607	600551232.00
2020/08/25	5.00	5.01	4.98	5.00	154898745	773465216.00
2020/08/26	5.00	5.00	4.97	4.98	151462246	754742720.00
2020/08/27	4.98	4.98	4.96	4.97	141665658	703831744.00
2020/08/28	4.97	5.01	4.96	5.00	210367849	1048187712.00
2020/08/31	4.99	5.01	4.96	4.96	263148438	1312043136.00
2020/09/01	4.96	4.97	4.94	4.96	156648375	776360128.00
2020/09/02	4.96	4.96	4.92	4.92	272900852	1345657216.00
2020/09/03	4.92	4.94	4.89	4.91	183967179	903223936.00
2020/09/04	4.89	4.91	4.88	4.90	140939398	689451456.00
2020/09/07	4.89	4.92	4.88	4.90	152562738	748340480.00
2020/09/08	4.90	4.96	4.89	4.95	199548082	984987776.00
2020/09/09	4.93	4.95	4.92	4.94	161334069	796614912.00
2020/09/10	4.94	4.95	4.90	4.91	144437836	710761024.00
2020/09/11	4.90	4.95	4.90	4.93	149430213	735936768.00
2020/09/14	4.93	4.94	4.91	4.93	102757121	505351328.00
2020/09/15	4.92	4.93	4.91	4.92	82808103	407040416.00
2020/09/16	4.92	4.94	4.90	4.94	107615627	530226176.00
2020/09/17	4.94	4.95	4.92	4.94	120886368	596571648.00
2020/09/18	4.95	4.98	4.93	4.98	260734428	1293690880.00
2020/09/21	4.97	4.99	4.94	4.96	121766522	604081536.00
2020/09/22	4.95	4.96	4.92	4.93	109705020	542057856.00
2020/09/23	4.93	4.94	4.91	4.92	100583616	495260672.00
2020/09/24	4.91	4.92	4.88	4.90	126596512	619885376.00
2020/09/25	4.90	4.91	4.88	4.89	108001750	528791488.00
2020/09/28	4.90	4.94	4.88	4.94	163464701	803113088.00
2020/09/29	4.94	4.95	4.91	4.91	115613449	570003200.00
2020/09/30	4.92	4.95	4.91	4.92	151234271	745278016.00
2020/10/09	4.94	4.94	4.91	4.91	128998422	635218816.00
2020/10/12	4.92	4.97	4.91	4.96	252543847	1248536320.00
2020/10/13	4.95	4.96	4.91	4.92	167433669	825268288.00
2020/10/14	4.92	4.93	4.91	4.92	140848926	692484416.00
2020/10/15	4.92	4.95	4.90	4.93	201150932	992203968.00
2020/10/16	4.92	5.02	4.92	4.99	500955753	2496967936.00
2020/10/19	4.99	5.08	4.98	5.02	345816276	1741740672.00
2020/10/20	5.01	5.01	4.95	4.98	240689629	1197285760.00
2020/10/21	4.98	5.07	4.95	5.05	325876182	1637539328.00
2020/10/22	5.05	5.07	5.02	5.06	191063454	963485760.00
2020/10/23	5.05	5.08	5.03	5.06	235615563	1193368832.00
2020/10/26	5.06	5.07	5.01	5.02	179783563	905802496.00
2020/10/27	5.01	5.04	5.00	5.03	159795896	801971520.00
2020/10/28	5.02	5.03	4.98	5.00	182063873	910381888.00
2020/10/29	4.98	4.99	4.95	4.96	167446150	831255168.00
2020/10/30	4.96	4.98	4.91	4.92	210764327	1040631808.00
2020/11/02	4.92	4.95	4.91	4.94	157226709	775279296.00
2020/11/03	4.95	4.98	4.94	4.95	135357406	671170624.00
2020/11/04	4.97	4.98	4.93	4.95	146498496	726041152.00
2020/11/05	4.97	4.99	4.94	4.95	163734975	811620288.00
2020/11/06	4.95	4.98	4.93	4.96	165958743	822468032.00
2020/11/09	4.97	4.99	4.96	4.98	225602124	1122494976.00
2020/11/10	5.01	5.05	5.00	5.02	259168387	1300974720.00
2020/11/11	5.01	5.08	5.00	5.07	309611502	1564938496.00
2020/11/12	5.06	5.06	5.01	5.01	139875220	702982464.00
2020/11/13	5.01	5.01	4.95	4.96	192265408	955481792.00
2020/11/16	4.97	4.99	4.96	4.98	128241596	637821632.00
2020/11/17	4.98	5.00	4.97	5.00	122033280	608551296.00
2020/11/18	5.00	5.05	4.98	5.03	193561819	972693568.00
2020/11/19	5.02	5.05	5.02	5.04	154569394	778152000.00
2020/11/20	5.05	5.06	5.01	5.03	126572054	636625600.00
2020/11/23	5.01	5.08	5.01	5.07	282580046	1428218368.00
2020/11/24	5.07	5.09	5.05	5.05	189318043	959879168.00
2020/11/25	5.08	5.11	5.04	5.04	200292965	1017147712.00
2020/11/26	5.04	5.10	5.03	5.09	197392278	1002567168.00
2020/11/27	5.11	5.39	5.11	5.39	929749513	4879296000.00
2020/11/30	5.46	5.64	5.31	5.32	1245663654	6850764288.00
2020/12/01	5.31	5.50	5.28	5.47	530373631	2868661504.00
2020/12/02	5.44	5.53	5.35	5.45	351809633	1915490176.00
2020/12/03	5.45	5.48	5.34	5.38	278801930	1502313600.00
2020/12/04	5.38	5.38	5.22	5.31	330280502	1743943296.00
2020/12/07	5.29	5.33	5.17	5.19	275402306	1438818944.00
2020/12/08	5.19	5.22	5.11	5.12	266106433	1368985728.00
2020/12/09	5.14	5.16	5.09	5.10	243722631	1248006400.00
2020/12/10	5.10	5.11	5.04	5.06	259472652	1313829120.00
2020/12/11	5.06	5.08	5.02	5.08	279273263	1408322816.00
2020/12/14	5.07	5.09	5.03	5.05	272105952	1375565056.00
2020/12/15	5.05	5.05	4.98	5.01	340751820	1703696256.00
2020/12/16	5.01	5.05	4.99	5.00	266067496	1333083520.00
2020/12/17	5.00	5.04	4.96	5.03	331127867	1653433856.00
2020/12/18	5.01	5.03	4.98	5.00	219772170	1098952064.00
2020/12/21	5.01	5.02	4.98	5.00	205828822	1029138048.00
2020/12/22	4.99	5.00	4.92	4.94	365749394	1813673088.00
2020/12/23	4.94	4.97	4.93	4.96	219146383	1083275776.00
2020/12/24	4.96	4.98	4.94	4.96	122262763	606453312.00
2020/12/25	4.96	4.97	4.95	4.97	153283872	760124160.00
2020/12/28	4.96	4.97	4.93	4.97	231926812	1148788864.00
2020/12/29	4.97	4.98	4.95	4.98	254202319	1262344576.00
2020/12/30	4.97	4.98	4.94	4.96	254078489	1258737024.00
2020/12/31	4.95	5.01	4.95	4.99	310003990	1545155712.00
2021/01/04	4.97	5.01	4.95	5.01	353951177	1762309504.00
2021/01/05	4.99	4.99	4.94	4.97	371010370	1839470592.00
2021/01/06	4.96	4.98	4.95	4.97	346318359	1717383552.00
2021/01/07	4.97	5.00	4.95	5.00	319047400	1587574784.00
2021/01/08	5.00	5.03	4.98	5.00	342202983	1710555264.00
2021/01/11	5.00	5.04	4.98	4.99	495651500	2483547392.00
2021/01/12	4.99	5.02	4.96	5.02	350495697	1745570176.00
2021/01/13	5.03	5.06	5.00	5.06	404644202	2037164928.00
2021/01/14	5.05	5.15	5.04	5.08	388409548	1975738496.00
2021/01/15	5.10	5.26	5.10	5.15	700663410	3629241344.00
2021/01/18	5.13	5.18	5.08	5.14	398189784	2039374976.00
2021/01/19	5.14	5.22	5.10	5.20	433069019	2239901440.00
2021/01/20	5.18	5.25	5.13	5.15	314566469	1629660416.00
2021/01/21	5.16	5.17	5.10	5.13	245677513	1259494656.00
2021/01/22	5.12	5.12	5.03	5.04	277428648	1402382848.00
2021/01/25	5.03	5.05	4.99	5.05	219055180	1097970432.00
2021/01/26	5.03	5.07	5.01	5.03	210379385	1060814336.00
2021/01/27	5.04	5.15	5.03	5.07	370986633	1891315968.00
2021/01/28	5.05	5.07	5.01	5.03	285079492	1432841344.00
2021/01/29	5.03	5.12	5.02	5.09	411143704	2088594432.00
2021/02/01	5.08	5.15	5.05	5.14	381322201	1949170560.00
2021/02/02	5.14	5.18	5.08	5.09	259998588	1334133632.00
2021/02/03	5.09	5.12	5.03	5.04	337557915	1711432832.00
2021/02/04	5.04	5.12	5.03	5.07	252444008	1280634496.00
2021/02/05	5.07	5.21	5.06	5.18	593744234	3063814656.00
2021/02/08	5.18	5.20	5.12	5.16	367126932	1896286336.00
2021/02/09	5.14	5.15	5.11	5.15	278298845	1427909632.00
2021/02/10	5.24	5.37	5.21	5.25	664704224	3503636736.00
2021/02/18	5.33	5.33	5.22	5.24	328400933	1729904256.00
2021/02/19	5.22	5.30	5.21	5.24	242413124	1272825216.00
2021/02/22	5.25	5.41	5.24	5.37	602082016	3210856192.00
2021/02/23	5.35	5.45	5.32	5.38	467150523	2515406592.00
2021/02/24	5.37	5.42	5.24	5.30	385065747	2050842752.00
2021/02/25	5.29	5.48	5.28	5.44	509700217	2755174912.00
2021/02/26	5.39	5.49	5.35	5.37	435170121	2353185792.00
2021/03/01	5.36	5.42	5.32	5.34	240663315	1289476224.00
2021/03/02	5.35	5.35	5.24	5.29	250031265	1322171904.00
2021/03/03	5.28	5.48	5.26	5.45	446911121	2420613632.00
2021/03/04	5.43	5.51	5.41	5.45	373419253	2041015040.00
2021/03/05	5.43	5.59	5.37	5.57	478774356	2629997824.00
2021/03/08	5.58	5.61	5.51	5.53	429168305	2390324736.00
2021/03/09	5.57	5.63	5.43	5.46	466395021	2577277184.00
2021/03/10	5.44	5.46	5.35	5.40	306784316	1658235904.00
2021/03/11	5.45	5.54	5.43	5.48	282422815	1547729664.00
2021/03/12	5.47	5.50	5.43	5.44	184841636	1009519488.00
2021/03/15	5.45	5.58	5.42	5.55	303797606	1680121728.00
2021/03/16	5.56	5.63	5.54	5.60	273079994	1529009408.00
2021/03/17	5.58	5.60	5.48	5.53	203713443	1125314304.00
2021/03/18	5.52	5.54	5.46	5.48	224544199	1232892928.00
2021/03/19	5.49	5.50	5.32	5.36	332530519	1790956544.00
2021/03/22	5.32	5.45	5.32	5.42	232531340	1256741376.00
2021/03/23	5.40	5.50	5.35	5.40	325973130	1762122112.00
2021/03/24	5.37	5.43	5.33	5.41	189983667	1023433728.00
2021/03/25	5.41	5.46	5.35	5.36	207394817	1119656576.00
2021/03/26	5.37	5.38	5.30	5.35	247198368	1318532480.00
2021/03/29	5.37	5.47	5.33	5.46	347949980	1883572352.00
2021/03/30	5.46	5.48	5.43	5.48	193297381	1055760192.00
2021/03/31	5.47	5.55	5.44	5.54	242434867	1333971712.00
2021/04/01	5.51	5.54	5.47	5.50	132476154	729322816.00
2021/04/02	5.50	5.51	5.40	5.42	184780740	1004165184.00
2021/04/06	5.42	5.43	5.37	5.42	122894235	663506432.00
2021/04/07	5.42	5.46	5.40	5.45	175696199	954364800.00
2021/04/08	5.46	5.47	5.41	5.44	123971365	673843072.00
2021/04/09	5.44	5.44	5.40	5.42	131127592	710198912.00
2021/04/12	5.42	5.50	5.39	5.48	219634806	1197623296.00
2021/04/13	5.48	5.53	5.45	5.51	173937109	955601024.00
2021/04/14	5.51	5.52	5.43	5.45	153373910	838785280.00
2021/04/15	5.43	5.45	5.39	5.45	157215797	851588480.00
2021/04/16	5.43	5.46	5.41	5.43	110874302	602808768.00
2021/04/19	5.44	5.46	5.41	5.44	175754330	955148032.00
2021/04/20	5.43	5.44	5.38	5.39	177071674	956571776.00
2021/04/21	5.38	5.41	5.37	5.37	135364763	729408448.00
2021/04/22	5.38	5.39	5.31	5.33	211498349	1128744320.00
2021/04/23	5.31	5.34	5.27	5.29	164898057	873476416.00
2021/04/26	5.31	5.32	5.26	5.27	170693135	901989184.00
2021/04/27	5.26	5.27	5.22	5.24	149123770	781815680.00
2021/04/28	5.24	5.25	5.18	5.20	182976437	951527104.00
2021/04/29	5.20	5.24	5.18	5.22	188987315	984719680.00
2021/04/30	5.21	5.22	5.08	5.13	395748728	2029640704.00
2021/05/06	5.11	5.18	5.10	5.12	216039682	1111237120.00
2021/05/07	5.12	5.23	5.11	5.22	281997042	1463579776.00
2021/05/10	5.21	5.25	5.18	5.25	207471144	1082434688.00
2021/05/11	5.24	5.25	5.21	5.23	139252141	728865920.00
2021/05/12	5.22	5.28	5.21	5.26	150046333	788520448.00
2021/05/13	5.25	5.28	5.21	5.24	146069572	764148352.00
2021/05/14	5.24	5.28	5.21	5.28	155000539	813767360.00
2021/05/17	5.26	5.29	5.24	5.27	170881970	899549376.00
2021/05/18	5.27	5.27	5.23	5.26	101639997	533290400.00
2021/05/19	5.25	5.26	5.20	5.21	148187187	772568448.00
2021/05/20	5.20	5.23	5.18	5.23	128233876	666829952.00
2021/05/21	5.21	5.22	5.16	5.17	151966814	787505856.00
2021/05/24	5.17	5.20	5.16	5.19	106540901	552108928.00
2021/05/25	5.19	5.26	5.16	5.26	266674619	1392450048.00
2021/05/26	5.25	5.29	5.23	5.26	205603406	1081284352.00
2021/05/27	5.26	5.28	5.23	5.26	183117591	963010880.00
2021/05/28	5.26	5.27	5.23	5.27	170000519	892744960.00
2021/05/31	5.25	5.26	5.19	5.21	291960761	1520925696.00
2021/06/01	5.21	5.21	5.17	5.18	224514102	1162897664.00
2021/06/02	5.18	5.21	5.14	5.19	257745154	1330994560.00
2021/06/03	5.19	5.20	5.15	5.15	193708944	1001184000.00
2021/06/04	5.16	5.20	5.15	5.17	239708428	1240163840.00
2021/06/07	5.18	5.18	5.16	5.17	147696207	763427200.00
2021/06/08	5.17	5.20	5.16	5.20	196300035	1017275136.00
2021/06/09	5.19	5.22	5.18	5.19	206147147	1071905472.00
2021/06/10	5.19	5.22	5.18	5.20	205273227	1067542208.00
2021/06/11	5.20	5.20	5.17	5.19	173573258	899678400.00
2021/06/15	5.18	5.19	5.15	5.16	181207362	935309184.00
2021/06/16	5.16	5.19	5.15	5.17	148655127	768523584.00
2021/06/17	5.17	5.20	5.15	5.18	195878337	1015002304.00
2021/06/18	5.17	5.18	5.16	5.18	153248858	792203520.00
2021/06/21	5.17	5.18	5.15	5.15	199664270	1030022528.00
2021/06/22	5.16	5.18	5.15	5.16	178934078	924193344.00
2021/06/23	5.16	5.17	5.14	5.14	252219354	1299166848.00
2021/06/24	5.14	5.20	5.14	5.20	246529721	1275936000.00
2021/06/25	5.19	5.25	5.18	5.23	246059460	1286463232.00
2021/06/28	5.23	5.23	5.16	5.18	257634469	1337751552.00
2021/06/29	5.18	5.20	5.16	5.17	222693506	1151485056.00
2021/06/30	5.18	5.18	5.16	5.17	154934253	800438592.00
2021/07/01	5.17	5.26	5.16	5.26	277013740	1441176320.00
2021/07/02	5.21	5.27	5.19	5.25	355189284	1854458880.00
2021/07/05	5.23	5.24	5.18	5.20	276171905	1438307968.00
2021/07/06	4.96	4.96	4.93	4.95	265763047	1314029696.00
2021/07/07	4.95	4.96	4.92	4.94	177670765	877305344.00
2021/07/08	4.94	4.95	4.88	4.89	288364812	1412588544.00
2021/07/09	4.89	4.91	4.83	4.85	273742038	1330231168.00
2021/07/12	4.87	4.88	4.75	4.77	505677367	2426435328.00
2021/07/13	4.77	4.78	4.74	4.75	293278041	1394984320.00
2021/07/14	4.75	4.75	4.68	4.71	302082855	1420168192.00
2021/07/15	4.71	4.77	4.69	4.75	277590851	1316100864.00
2021/07/16	4.75	4.75	4.71	4.74	170407398	805756096.00
2021/07/19	4.73	4.74	4.70	4.73	168375795	793714624.00
2021/07/20	4.71	4.72	4.70	4.71	102552924	483183648.00
2021/07/21	4.72	4.73	4.69	4.69	164625857	773916480.00
2021/07/22	4.70	4.72	4.69	4.71	147636965	695491008.00
2021/07/23	4.71	4.72	4.69	4.70	139074561	653652736.00
2021/07/26	4.69	4.70	4.65	4.67	224591633	1047502912.00
2021/07/27	4.66	4.67	4.61	4.62	208899200	969160384.00
2021/07/28	4.61	4.68	4.60	4.67	247993418	1154474112.00
2021/07/29	4.67	4.67	4.61	4.62	171680634	794734080.00
2021/07/30	4.62	4.62	4.57	4.59	184747154	847608512.00
2021/08/02	4.58	4.61	4.53	4.60	214322262	980307712.00
2021/08/03	4.59	4.59	4.55	4.58	135245787	617612544.00
2021/08/04	4.58	4.58	4.54	4.55	148301902	675234432.00
2021/08/05	4.55	4.57	4.53	4.54	109747157	499522176.00
2021/08/06	4.55	4.55	4.51	4.53	158732842	717680000.00
2021/08/09	4.52	4.57	4.51	4.55	192560063	876596544.00
2021/08/10	4.55	4.57	4.52	4.56	177389103	805586240.00
2021/08/11	4.57	4.66	4.57	4.65	330727249	1532111360.00
2021/08/12	4.63	4.67	4.62	4.63	118278136	548759552.00
2021/08/13	4.63	4.64	4.60	4.61	93542819	431809856.00
2021/08/16	4.61	4.64	4.60	4.62	116109333	536195520.00
2021/08/17	4.61	4.64	4.60	4.62	195138306	901396416.00
2021/08/18	4.61	4.68	4.60	4.67	259846618	1206854912.00
2021/08/19	4.66	4.67	4.62	4.64	148278726	687957248.00
2021/08/20	4.64	4.67	4.62	4.66	190342577	884926720.00
2021/08/23	4.64	4.67	4.63	4.63	117707675	546712320.00
2021/08/24	4.63	4.65	4.63	4.63	95453098	442656384.00
2021/08/25	4.64	4.64	4.62	4.63	100384789	464385856.00
2021/08/26	4.62	4.63	4.60	4.62	117689309	542560896.00
2021/08/27	4.61	4.64	4.60	4.64	116129716	536676640.00
2021/08/30	4.63	4.64	4.56	4.58	203426605	933775424.00
2021/08/31	4.59	4.62	4.57	4.62	191711450	880980352.00
2021/09/01	4.61	4.69	4.60	4.68	268103361	1249115520.00
2021/09/02	4.68	4.69	4.66	4.69	146790356	686983936.00
2021/09/03	4.69	4.75	4.66	4.73	202543720	954773056.00
2021/09/06	4.70	4.75	4.70	4.73	160536498	758568384.00
2021/09/07	4.73	4.77	4.70	4.75	194851319	921859136.00
2021/09/08	4.74	4.78	4.73	4.77	174780048	832426944.00
2021/09/09	4.76	4.77	4.72	4.75	155311748	737593984.00
2021/09/10	4.75	4.83	4.74	4.79	250359269	1200536576.00
2021/09/13	4.78	4.78	4.75	4.77	168854899	804351040.00
2021/09/14	4.76	4.78	4.70	4.71	185420345	877628032.00
2021/09/15	4.70	4.72	4.66	4.68	175121628	820551872.00
2021/09/16	4.68	4.71	4.67	4.68	167822042	787701888.00
2021/09/17	4.68	4.71	4.68	4.70	110257170	517329952.00
2021/09/22	4.65	4.66	4.62	4.63	217646013	1008833728.00
2021/09/23	4.65	4.68	4.63	4.66	132515669	616352640.00
2021/09/24	4.64	4.67	4.63	4.64	109891431	510211552.00
2021/09/27	4.63	4.65	4.60	4.63	164468354	759535616.00
2021/09/28	4.62	4.68	4.61	4.66	163379542	759632512.00
2021/09/29	4.65	4.70	4.62	4.68	243813654	1138094976.00
2021/09/30	4.68	4.68	4.63	4.66	150413152	698898752.00
2021/10/08	4.66	4.73	4.65	4.71	185994625	872488128.00
2021/10/11	4.72	4.77	4.71	4.74	181862463	863201216.00
2021/10/12	4.74	4.76	4.71	4.75	144930590	686903936.00
2021/10/13	4.74	4.75	4.71	4.72	112305696	530545728.00
2021/10/14	4.72	4.73	4.71	4.71	71963708	339578656.00
2021/10/15	4.72	4.75	4.71	4.75	125558856	594356224.00
2021/10/18	4.75	4.77	4.71	4.73	117369621	555326016.00
2021/10/19	4.72	4.74	4.71	4.72	105882612	499759104.00
2021/10/20	4.73	4.73	4.68	4.70	107459635	504948864.00
2021/10/21	4.70	4.74	4.69	4.74	135131627	637824640.00
2021/10/22	4.74	4.76	4.71	4.73	93108629	440144704.00
2021/10/25	4.71	4.73	4.69	4.72	103342397	486689952.00
2021/10/26	4.72	4.74	4.69	4.70	118735003	559100032.00
2021/10/27	4.70	4.71	4.65	4.70	125771216	588428864.00
2021/10/28	4.68	4.70	4.67	4.67	78300844	366506432.00
2021/10/29	4.67	4.69	4.66	4.67	114980798	537655488.00
2021/11/01	4.68	4.73	4.67	4.73	187623531	881706432.00
2021/11/02	4.73	4.73	4.64	4.65	211569300	989837376.00
2021/11/03	4.67	4.67	4.63	4.64	146029780	678038208.00
2021/11/04	4.64	4.65	4.63	4.65	100158090	464799872.00
2021/11/05	4.64	4.67	4.63	4.66	111301684	517754656.00
2021/11/08	4.65	4.66	4.63	4.63	147350723	684049024.00
2021/11/09	4.64	4.65	4.63	4.64	86689619	402174112.00
2021/11/10	4.64	4.64	4.61	4.62	125047530	577396288.00
2021/11/11	4.62	4.66	4.61	4.66	113105925	525090272.00
2021/11/12	4.66	4.66	4.63	4.65	101683794	472333216.00
2021/11/15	4.65	4.68	4.64	4.67	90047027	419795008.00
2021/11/16	4.66	4.68	4.64	4.65	96281473	448267808.00
2021/11/17	4.64	4.66	4.64	4.65	91233273	423989920.00
2021/11/18	4.64	4.65	4.63	4.64	76467398	354706432.00
2021/11/19	4.64	4.67	4.63	4.66	100557257	467427072.00
2021/11/22	4.65	4.66	4.63	4.63	120582921	559173696.00
2021/11/23	4.63	4.65	4.62	4.63	87825991	406963200.00
2021/11/24	4.63	4.64	4.62	4.64	69961234	324057984.00
2021/11/25	4.64	4.64	4.63	4.63	59692352	276623136.00
2021/11/26	4.63	4.64	4.61	4.61	97887739	451910176.00
2021/11/29	4.60	4.61	4.56	4.58	182257581	836194176.00
2021/11/30	4.58	4.59	4.57	4.58	107684186	492804576.00
2021/12/01	4.58	4.60	4.57	4.60	111305051	511084672.00
2021/12/02	4.60	4.62	4.58	4.61	178468219	820135168.00
2021/12/03	4.60	4.61	4.58	4.61	112786648	518341600.00
2021/12/06	4.61	4.64	4.60	4.63	179570677	830641856.00
2021/12/07	4.64	4.67	4.62	4.66	205710491	956152000.00
2021/12/08	4.66	4.66	4.63	4.64	137715679	638961856.00
2021/12/09	4.65	4.68	4.63	4.66	195655482	911941952.00
2021/12/10	4.65	4.66	4.62	4.66	215420340	999479296.00
2021/12/13	4.64	4.66	4.63	4.63	134673715	625469696.00
2021/12/14	4.63	4.64	4.61	4.62	127696943	589757696.00
2021/12/15	4.61	4.62	4.60	4.61	104159689	479973472.00
2021/12/16	4.61	4.63	4.59	4.62	145725514	671821120.00
2021/12/17	4.61	4.62	4.60	4.61	124789948	575345984.00
2021/12/20	4.60	4.63	4.60	4.61	148614561	686198272.00
2021/12/21	4.61	4.66	4.60	4.65	202972372	942740096.00
2021/12/22	4.65	4.66	4.63	4.64	141140040	655780544.00
2021/12/23	4.64	4.65	4.63	4.65	98090990	455450240.00
2021/12/24	4.65	4.67	4.64	4.65	127908797	595172736.00
2021/12/27	4.64	4.66	4.64	4.66	90503312	421103232.00
2021/12/28	4.66	4.68	4.65	4.68	200550469	936086080.00
2021/12/29	4.66	4.67	4.64	4.66	97664653	454516928.00
2021/12/30	4.65	4.66	4.63	4.64	141275058	655490368.00
2021/12/31	4.63	4.65	4.63	4.63	95902215	444544832.00
2022/01/04	4.64	4.67	4.63	4.67	168875635	785143360.00
2022/01/05	4.66	4.72	4.65	4.71	283954621	1332859648.00
2022/01/06	4.70	4.73	4.68	4.70	190314359	894943744.00
2022/01/07	4.69	4.75	4.68	4.74	193964955	916673920.00
2022/01/10	4.74	4.76	4.72	4.75	158329303	750737792.00
2022/01/11	4.73	4.77	4.73	4.75	167026297	794398016.00
2022/01/12	4.75	4.75	4.70	4.72	185731519	876687488.00
2022/01/13	4.71	4.78	4.71	4.73	179313500	851827584.00
2022/01/14	4.74	4.74	4.67	4.68	225197035	1057017152.00
2022/01/17	4.67	4.70	4.64	4.65	178722662	832701568.00
2022/01/18	4.65	4.70	4.63	4.69	216950022	1011704448.00
2022/01/19	4.67	4.71	4.66	4.70	172913175	810536128.00
2022/01/20	4.70	4.76	4.69	4.75	313127449	1482850048.00
2022/01/21	4.73	4.74	4.69	4.70	173528070	816856384.00
2022/01/24	4.70	4.72	4.68	4.70	141887130	665972928.00
2022/01/25	4.69	4.70	4.67	4.67	170383668	798145280.00
2022/01/26	4.66	4.70	4.66	4.69	118994814	557705792.00
2022/01/27	4.68	4.71	4.66	4.68	143695502	672949248.00
2022/01/28	4.68	4.73	4.66	4.66	221043880	1037472512.00
2022/02/07	4.69	4.75	4.67	4.74	257528860	1216216064.00
2022/02/08	4.74	4.87	4.73	4.85	491972042	2367215872.00
2022/02/09	4.85	4.90	4.81	4.84	352209536	1710473984.00
2022/02/10	4.85	4.87	4.80	4.86	252750988	1222399360.00
2022/02/11	4.84	4.89	4.83	4.87	216813019	1055659520.00
2022/02/14	4.85	4.86	4.77	4.80	263967446	1267336320.00
2022/02/15	4.79	4.82	4.75	4.76	195749099	935314560.00
2022/02/16	4.77	4.81	4.75	4.78	155456701	743663744.00
2022/02/17	4.78	4.81	4.77	4.78	127575079	610866304.00
2022/02/18	4.77	4.82	4.76	4.81	159889548	766743168.00
2022/02/21	4.80	4.82	4.77	4.82	159403365	764397632.00
2022/02/22	4.80	4.81	4.76	4.78	170843755	816340672.00
2022/02/23	4.78	4.78	4.74	4.77	235801579	1121673856.00
2022/02/24	4.75	4.77	4.69	4.70	256626628	1211414656.00
2022/02/25	4.70	4.72	4.66	4.67	250601820	1174239872.00
2022/02/28	4.67	4.68	4.64	4.66	194926963	908084736.00
2022/03/01	4.67	4.70	4.65	4.68	194254562	906672512.00
2022/03/02	4.67	4.71	4.66	4.70	152051440	712736640.00
2022/03/03	4.69	4.76	4.69	4.74	227331198	1075452416.00
2022/03/04	4.73	4.73	4.67	4.72	162498774	764539200.00
2022/03/07	4.70	4.73	4.63	4.65	352940972	1647036800.00
2022/03/08	4.65	4.66	4.60	4.62	281133558	1302919808.00
2022/03/09	4.61	4.64	4.50	4.56	462058476	2116239872.00
2022/03/10	4.59	4.61	4.55	4.56	230674382	1055255232.00
2022/03/11	4.55	4.61	4.52	4.61	270787531	1233914624.00
2022/03/14	4.58	4.64	4.56	4.59	229087259	1053445760.00
2022/03/15	4.57	4.60	4.51	4.54	513013285	2327503104.00
2022/03/16	4.54	4.57	4.47	4.55	421243243	1904496896.00
2022/03/17	4.57	4.57	4.51	4.52	309820972	1403531264.00
2022/03/18	4.52	4.60	4.51	4.55	362779732	1650775552.00
2022/03/21	4.56	4.57	4.53	4.54	206941762	940187328.00
2022/03/22	4.54	4.60	4.53	4.59	219305460	1003988160.00
2022/03/23	4.58	4.59	4.55	4.57	206859015	945355904.00
2022/03/24	4.55	4.60	4.54	4.58	150559056	689799168.00
2022/03/25	4.58	4.64	4.58	4.62	227781541	1051862656.00
2022/03/28	4.62	4.70	4.60	4.69	287047605	1338663808.00
2022/03/29	4.69	4.73	4.67	4.72	193958079	912905216.00
2022/03/30	4.72	4.73	4.66	4.71	233053021	1093920768.00
2022/03/31	4.70	4.78	4.68	4.77	287690888	1367102592.00
2022/04/01	4.75	4.81	4.74	4.79	264825048	1264764160.00
2022/04/06	4.78	4.85	4.77	4.83	349300701	1680190592.00
2022/04/07	4.82	4.85	4.78	4.82	304543331	1467777792.00
2022/04/08	4.82	4.83	4.77	4.81	250173255	1201783936.00
2022/04/11	4.80	4.82	4.76	4.78	272641454	1304536320.00
2022/04/12	4.78	4.81	4.73	4.78	276116779	1319247616.00
2022/04/13	4.78	4.82	4.77	4.79	197122360	946500736.00
2022/04/14	4.80	4.81	4.76	4.77	148414496	708983808.00
2022/04/15	4.76	4.80	4.76	4.76	193487775	924020544.00
2022/04/18	4.75	4.78	4.71	4.72	182965837	866264064.00
2022/04/19	4.72	4.74	4.69	4.73	158209354	745770624.00
2022/04/20	4.72	4.76	4.71	4.74	145331908	688799552.00
2022/04/21	4.74	4.81	4.73	4.78	329791138	1578338048.00
2022/04/22	4.76	4.85	4.76	4.84	390437787	1885993984.00
2022/04/25	4.82	4.86	4.75	4.75	471782613	2276075264.00
2022/04/26	4.75	4.83	4.73	4.81	363670892	1741895936.00
2022/04/27	4.80	4.83	4.68	4.71	383545163	1821850752.00
2022/04/28	4.71	4.77	4.70	4.77	295997069	1401689344.00
2022/04/29	4.76	4.80	4.72	4.78	263941660	1258380032.00
2022/05/05	4.78	4.80	4.72	4.75	240204834	1143770240.00
2022/05/06	4.74	4.77	4.71	4.74	169044734	800177344.00
2022/05/09	4.73	4.77	4.71	4.76	161351638	766272576.00
2022/05/10	4.75	4.77	4.72	4.73	194205706	919233024.00
2022/05/11	4.73	4.74	4.66	4.66	353406095	1656391808.00
2022/05/12	4.66	4.67	4.64	4.65	144694424	673675840.00
2022/05/13	4.66	4.70	4.65	4.70	175411195	822079168.00
2022/05/16	4.70	4.70	4.65	4.68	166826315	779376704.00
2022/05/17	4.69	4.69	4.65	4.66	216889033	1012483456.00
2022/05/18	4.66	4.67	4.61	4.62	226008427	1045435072.00
2022/05/19	4.61	4.62	4.59	4.61	169155629	778801664.00
2022/05/20	4.62	4.63	4.59	4.63	240691632	1111835520.00
2022/05/23	4.62	4.64	4.62	4.62	173224351	801421888.00
2022/05/24	4.63	4.68	4.62	4.67	243774864	1133742336.00
2022/05/25	4.67	4.68	4.65	4.66	152315656	710288256.00
2022/05/26	4.66	4.67	4.63	4.65	191767089	892015488.00
2022/05/27	4.66	4.67	4.64	4.67	124999758	582773248.00
2022/05/30	4.67	4.69	4.64	4.65	158827431	740859776.00
2022/05/31	4.64	4.68	4.63	4.66	251365747	1171009152.00
2022/06/01	4.65	4.67	4.63	4.65	140067661	651076608.00
2022/06/02	4.64	4.65	4.62	4.63	152163807	704972352.00
2022/06/06	4.63	4.64	4.58	4.60	295433437	1359071232.00
2022/06/07	4.60	4.63	4.59	4.61	187312009	863790912.00
2022/06/08	4.62	4.64	4.61	4.64	173630219	803663744.00
2022/06/09	4.63	4.67	4.62	4.66	219361973	1020144704.00
2022/06/10	4.66	4.69	4.65	4.69	264709044	1236607488.00
2022/06/13	4.68	4.69	4.63	4.67	228241127	1062970304.00
2022/06/14	4.66	4.73	4.65	4.72	227148853	1065769472.00
2022/06/15	4.72	4.77	4.70	4.73	298135889	1413770112.00
2022/06/16	4.73	4.74	4.69	4.70	210148840	989353088.00
2022/06/17	4.70	4.75	4.69	4.75	181063822	857162944.00
2022/06/20	4.75	4.75	4.70	4.70	186411517	879332800.00
2022/06/21	4.71	4.77	4.70	4.76	209405397	992313792.00
2022/06/22	4.75	4.79	4.74	4.75	156720149	746302080.00
2022/06/23	4.76	4.78	4.75	4.77	175436211	836115712.00
2022/06/24	4.76	4.78	4.72	4.74	183853897	872916608.00
2022/06/27	4.74	4.75	4.70	4.71	231519067	1092328320.00
2022/06/28	4.71	4.74	4.69	4.73	170737101	805395264.00
2022/06/29	4.73	4.77	4.72	4.77	215549058	1023870272.00
2022/06/30	4.76	4.78	4.74	4.77	178325535	849607104.00
2022/07/01	4.77	4.78	4.74	4.77	134935817	642345536.00
2022/07/04	4.77	4.79	4.75	4.77	130612061	622821632.00
2022/07/05	4.78	4.81	4.77	4.80	203672006	975769280.00
2022/07/06	4.80	4.81	4.76	4.78	176855107	844420032.00
2022/07/07	4.78	4.79	4.76	4.76	161603898	771362432.00
2022/07/08	4.77	4.78	4.74	4.77	162028879	771025600.00
2022/07/11	4.77	4.80	4.75	4.79	331908902	1588548736.00
2022/07/12	4.52	4.53	4.50	4.51	313447842	1415371776.00
2022/07/13	4.51	4.51	4.41	4.42	339361224	1509312896.00
2022/07/14	4.42	4.42	4.32	4.37	343023331	1493674368.00
2022/07/15	4.36	4.38	4.33	4.33	218886260	953165952.00
2022/07/18	4.34	4.37	4.34	4.37	177053974	771591232.00
2022/07/19	4.36	4.41	4.35	4.39	174735865	766493824.00
2022/07/20	4.40	4.45	4.39	4.44	162958037	721830528.00
2022/07/21	4.45	4.45	4.39	4.39	148655038	655999424.00
2022/07/22	4.39	4.43	4.39	4.41	143873736	634607488.00
2022/07/25	4.41	4.44	4.40	4.44	131520370	582040192.00
2022/07/26	4.44	4.45	4.42	4.42	138224601	612318080.00
2022/07/27	4.42	4.43	4.39	4.39	125974061	553990976.00
2022/07/28	4.39	4.42	4.39	4.39	119858370	527011552.00
2022/07/29	4.40	4.42	4.37	4.38	143301779	629578816.00
2022/08/01	4.37	4.40	4.36	4.37	133647435	585326912.00
2022/08/02	4.36	4.37	4.33	4.35	180306667	782945408.00
2022/08/03	4.34	4.36	4.32	4.32	141581450	614187520.00
2022/08/04	4.34	4.38	4.32	4.37	185863244	809091648.00
2022/08/05	4.38	4.40	4.36	4.39	122691518	537331712.00
2022/08/08	4.39	4.39	4.34	4.35	129470948	564029568.00
2022/08/09	4.35	4.37	4.34	4.34	82021225	356859072.00
2022/08/10	4.34	4.35	4.32	4.33	90758527	393451040.00
2022/08/11	4.34	4.37	4.33	4.36	152653308	664667712.00
2022/08/12	4.36	4.37	4.34	4.36	112627134	490393024.00
2022/08/15	4.35	4.36	4.33	4.34	119388944	518417984.00
2022/08/16	4.34	4.35	4.33	4.33	129259534	561094016.00
2022/08/17	4.34	4.35	4.32	4.34	173707762	752698432.00
2022/08/18	4.34	4.34	4.32	4.32	107977056	467337824.00
2022/08/19	4.33	4.35	4.32	4.33	106555720	462040416.00
2022/08/22	4.33	4.35	4.32	4.33	102298346	443494656.00
2022/08/23	4.33	4.34	4.32	4.32	106212820	459477312.00
2022/08/24	4.33	4.34	4.32	4.32	110218503	476974368.00
2022/08/25	4.33	4.34	4.32	4.34	116466910	504127520.00
2022/08/26	4.34	4.35	4.33	4.35	98104572	426084960.00
2022/08/29	4.34	4.35	4.32	4.33	102906353	445968992.00
2022/08/30	4.34	4.36	4.33	4.36	134022525	582803328.00
2022/08/31	4.35	4.38	4.34	4.38	259239209	1132180224.00
2022/09/01	4.36	4.37	4.35	4.36	105691815	460792960.00
2022/09/02	4.35	4.37	4.34	4.35	129784655	565116160.00
2022/09/05	4.35	4.36	4.33	4.36	125909116	547119552.00
2022/09/06	4.36	4.38	4.34	4.36	184580231	805772160.00
2022/09/07	4.36	4.36	4.34	4.35	118912921	517187712.00
2022/09/08	4.36	4.36	4.34	4.35	108674240	472815840.00
2022/09/09	4.36	4.38	4.35	4.36	162795022	710715968.00
2022/09/13	4.37	4.39	4.36	4.38	207622855	908320768.00
2022/09/14	4.36	4.38	4.36	4.36	119521547	521881472.00
2022/09/15	4.37	4.40	4.36	4.39	299407017	1312876160.00
2022/09/16	4.39	4.40	4.36	4.36	242717138	1062488000.00
2022/09/19	4.37	4.39	4.36	4.38	216720703	948114368.00
2022/09/20	4.39	4.39	4.36	4.37	148524942	650364288.00
2022/09/21	4.37	4.39	4.35	4.37	157848349	689565504.00
2022/09/22	4.36	4.40	4.35	4.39	285730508	1248539904.00
2022/09/23	4.38	4.41	4.37	4.40	281224160	1237026688.00
2022/09/26	4.39	4.40	4.35	4.35	262698303	1147676672.00
2022/09/27	4.35	4.36	4.33	4.34	190035823	825325568.00
2022/09/28	4.34	4.36	4.33	4.35	180577277	784503616.00
2022/09/29	4.36	4.36	4.33	4.33	175882532	763036800.00
2022/09/30	4.34	4.36	4.33	4.35	157862846	686074112.00
2022/10/10	4.35	4.38	4.33	4.36	317778153	1385758848.00
2022/10/11	4.36	4.38	4.34	4.37	207120632	903371584.00
2022/10/12	4.37	4.40	4.36	4.40	259239180	1135992192.00
2022/10/13	4.39	4.39	4.34	4.35	270034847	1174850560.00
2022/10/14	4.35	4.36	4.33	4.34	262969290	1142713600.00
2022/10/17	4.34	4.38	4.33	4.35	256254527	1115347712.00
2022/10/18	4.36	4.36	4.34	4.35	153338179	666628288.00
2022/10/19	4.34	4.36	4.34	4.34	167922586	730221440.00
2022/10/20	4.35	4.36	4.34	4.35	171289785	745032512.00
2022/10/21	4.35	4.36	4.34	4.35	184623959	802815232.00
2022/10/24	4.35	4.36	4.33	4.36	398276420	1731708672.00
2022/10/25	4.35	4.36	4.34	4.34	205983443	895581888.00
2022/10/26	4.34	4.35	4.28	4.28	430515147	1859606016.00
2022/10/27	4.28	4.29	4.24	4.25	261456957	1114168576.00
2022/10/28	4.26	4.27	4.24	4.25	232238617	989014784.00
2022/10/31	4.25	4.26	4.14	4.15	313680862	1315942016.00
2022/11/01	4.15	4.16	4.01	4.08	642844780	2617808640.00
2022/11/02	4.05	4.07	4.01	4.07	345062679	1394694912.00
2022/11/03	4.05	4.06	4.04	4.06	156467237	634051072.00
2022/11/04	4.05	4.12	4.05	4.09	338099345	1382391680.00
2022/11/07	4.09	4.09	4.06	4.08	242076334	986337792.00
2022/11/08	4.08	4.09	4.07	4.09	126671007	517079552.00
2022/11/09	4.09	4.11	4.08	4.10	136875257	560691200.00
2022/11/10	4.09	4.11	4.08	4.11	142397457	582648256.00
2022/11/11	4.12	4.16	4.11	4.15	276835288	1144895616.00
2022/11/14	4.16	4.19	4.15	4.15	270815058	1129702528.00
2022/11/15	4.16	4.18	4.15	4.17	156414010	651544064.00
2022/11/16	4.17	4.18	4.16	4.16	113277031	472113056.00
2022/11/17	4.16	4.17	4.14	4.17	168171659	698816832.00
2022/11/18	4.17	4.19	4.16	4.17	178548149	745303168.00
2022/11/21	4.17	4.19	4.15	4.18	180523196	753341824.00
2022/11/22	4.18	4.25	4.17	4.23	270255318	1140835328.00
2022/11/23	4.23	4.29	4.22	4.26	321090657	1369621376.00
2022/11/24	4.27	4.28	4.24	4.25	141365386	602139328.00
2022/11/25	4.25	4.33	4.25	4.32	369825416	1591516160.00
2022/11/28	4.29	4.30	4.22	4.24	292727124	1241390976.00
2022/11/29	4.25	4.34	4.24	4.32	411695633	1769804544.00
2022/11/30	4.30	4.33	4.28	4.30	312182307	1342258944.00
2022/12/01	4.32	4.33	4.24	4.25	352708371	1508271616.00
2022/12/02	4.25	4.26	4.23	4.24	199898123	848573120.00
2022/12/05	4.26	4.32	4.25	4.30	349731692	1499555584.00
2022/12/06	4.30	4.32	4.29	4.31	259751549	1117747072.00
2022/12/07	4.31	4.32	4.28	4.29	222335763	956706112.00
2022/12/08	4.29	4.31	4.28	4.30	196600646	845283392.00
2022/12/09	4.30	4.32	4.29	4.30	256490365	1103145216.00
2022/12/12	4.30	4.30	4.27	4.27	196708131	843407168.00
2022/12/13	4.28	4.31	4.27	4.30	164073577	704235136.00
2022/12/14	4.30	4.31	4.27	4.29	197505351	845926528.00
2022/12/15	4.28	4.29	4.25	4.26	179303937	763572928.00
2022/12/16	4.26	4.29	4.24	4.29	198217166	846358144.00
2022/12/19	4.28	4.31	4.25	4.26	164783722	704842496.00
2022/12/20	4.25	4.27	4.23	4.23	176970742	751668800.00
2022/12/21	4.23	4.26	4.23	4.25	118893037	504895104.00
2022/12/22	4.26	4.28	4.25	4.27	129688869	553757248.00
2022/12/23	4.27	4.27	4.25	4.25	90459786	385322880.00
2022/12/26	4.26	4.28	4.24	4.26	147070124	626352000.00
2022/12/27	4.27	4.31	4.26	4.30	184963329	793633856.00
2022/12/28	4.30	4.33	4.29	4.32	175591554	757611072.00
2022/12/29	4.31	4.32	4.26	4.30	188566553	809606016.00
2022/12/30	4.31	4.35	4.30	4.34	298338666	1293431424.00
2023/01/03	4.34	4.34	4.30	4.31	242880970	1047724992.00
2023/01/04	4.32	4.36	4.31	4.36	235147735	1022070400.00
2023/01/05	4.36	4.38	4.33	4.33	201779778	877204352.00
2023/01/06	4.33	4.35	4.31	4.34	168713802	731034176.00
2023/01/09	4.35	4.36	4.33	4.33	166679160	723302400.00
2023/01/10	4.34	4.34	4.30	4.30	175125873	755033280.00
2023/01/11	4.30	4.32	4.29	4.31	134949638	581583424.00
2023/01/12	4.31	4.32	4.29	4.30	109553061	471371584.00
2023/01/13	4.30	4.34	4.30	4.34	131055643	566908480.00
2023/01/16	4.34	4.36	4.33	4.34	223950053	972719232.00
2023/01/17	4.34	4.35	4.31	4.33	134839646	583427968.00
2023/01/18	4.33	4.35	4.33	4.34	129040220	559746112.00
2023/01/19	4.33	4.34	4.31	4.33	131115398	566876480.00
2023/01/20	4.33	4.34	4.32	4.33	142323356	615310400.00
2023/01/30	4.34	4.35	4.31	4.32	245108379	1060660608.00
2023/01/31	4.32	4.33	4.31	4.32	168763524	729242560.00
2023/02/01	4.32	4.33	4.30	4.31	172925259	745664768.00
2023/02/02	4.32	4.32	4.30	4.30	202073628	870185088.00
2023/02/03	4.30	4.31	4.29	4.30	197419101	848654208.00
2023/02/06	4.30	4.30	4.28	4.29	216213750	926939840.00
2023/02/07	4.29	4.31	4.28	4.29	158352142	680140864.00
2023/02/08	4.30	4.31	4.29	4.30	129492829	556550720.00
2023/02/09	4.29	4.31	4.29	4.30	130765909	562487616.00
2023/02/10	4.31	4.31	4.29	4.31	120237620	517287840.00
2023/02/13	4.30	4.31	4.29	4.29	190254036	817263296.00
2023/02/14	4.30	4.31	4.29	4.30	106455757	457865984.00
2023/02/15	4.30	4.31	4.28	4.29	204044617	875087616.00
2023/02/16	4.29	4.30	4.28	4.28	189424699	812550656.00
2023/02/17	4.28	4.30	4.28	4.28	178639516	766064960.00
2023/02/20	4.29	4.31	4.28	4.31	233984407	1004838528.00
2023/02/21	4.30	4.32	4.30	4.32	167893037	724398208.00
2023/02/22	4.32	4.32	4.30	4.30	93751993	404187264.00
2023/02/23	4.31	4.32	4.30	4.30	121562807	523722560.00
2023/02/24	4.31	4.31	4.29	4.29	139118256	597341184.00
2023/02/27	4.29	4.30	4.28	4.29	120180177	515168672.00
2023/02/28	4.29	4.30	4.28	4.30	158050125	677615168.00
2023/03/01	4.30	4.31	4.29	4.30	257556670	1107847936.00
2023/03/02	4.30	4.32	4.29	4.32	220929425	952727232.00
2023/03/03	4.32	4.37	4.32	4.36	322251125	1399659392.00
2023/03/06	4.37	4.38	4.34	4.35	321861178	1401037312.00
2023/03/07	4.35	4.48	4.34	4.39	677093404	2992987904.00
2023/03/08	4.37	4.41	4.35	4.40	251397716	1098665472.00
2023/03/09	4.40	4.44	4.38	4.38	241087853	1062348032.00
2023/03/10	4.36	4.38	4.34	4.34	222125432	968748992.00
2023/03/13	4.34	4.41	4.33	4.40	249191240	1092169216.00
2023/03/14	4.39	4.44	4.38	4.41	254264476	1122413952.00
2023/03/15	4.43	4.47	4.41	4.46	289683079	1288387328.00
2023/03/16	4.45	4.57	4.44	4.52	587394744	2655044096.00
2023/03/17	4.53	4.58	4.49	4.52	342858062	1553254912.00
2023/03/20	4.52	4.60	4.50	4.51	338644615	1541399808.00
2023/03/21	4.52	4.55	4.44	4.45	273510246	1222842112.00
2023/03/22	4.46	4.52	4.45	4.52	221808782	998009984.00
2023/03/23	4.51	4.53	4.48	4.52	189847348	855390080.00
2023/03/24	4.51	4.51	4.47	4.48	161952887	726293376.00
2023/03/27	4.47	4.48	4.41	4.46	212695930	944911296.00
2023/03/28	4.47	4.50	4.44	4.49	171859069	768256384.00
2023/03/29	4.50	4.53	4.46	4.51	215332456	969916352.00
2023/03/30	4.51	4.55	4.48	4.52	181026632	816555456.00
2023/03/31	4.52	4.52	4.45	4.46	234562482	1050304768.00
2023/04/03	4.46	4.47	4.44	4.45	200518609	892555904.00
2023/04/04	4.45	4.52	4.44	4.52	306159133	1376907520.00
2023/04/06	4.51	4.54	4.49	4.53	195821608	884878208.00
2023/04/07	4.52	4.54	4.51	4.53	124734768	564750720.00
2023/04/10	4.53	4.56	4.50	4.55	240344917	1090106752.00
2023/04/11	4.55	4.57	4.53	4.55	185217653	843163072.00
2023/04/12	4.56	4.64	4.55	4.61	319851803	1472027392.00
2023/04/13	4.60	4.65	4.58	4.63	218734268	1012149952.00
2023/04/14	4.65	4.65	4.61	4.63	151496089	701396480.00
2023/04/17	4.63	4.74	4.62	4.73	355629181	1666156160.00
2023/04/18	4.73	4.81	4.72	4.77	395257434	1882106496.00
2023/04/19	4.77	4.80	4.75	4.76	269921378	1288443264.00
2023/04/20	4.76	4.79	4.68	4.74	318001341	1502667136.00
2023/04/21	4.74	4.79	4.69	4.70	315854005	1496588928.00
2023/04/24	4.70	4.75	4.68	4.72	306206810	1443750784.00
2023/04/25	4.71	4.78	4.71	4.75	391567475	1857660032.00
2023/04/26	4.74	4.78	4.65	4.75	400961115	1891851136.00
2023/04/27	4.74	4.75	4.70	4.75	265707962	1256636672.00
2023/04/28	4.74	4.78	4.70	4.72	250324400	1185262464.00
2023/05/04	4.70	4.96	4.68	4.95	728970842	3541568768.00
2023/05/05	4.94	5.10	4.94	4.99	682881000	3428249856.00
2023/05/08	5.02	5.36	5.01	5.30	1048861302	5490372096.00
2023/05/09	5.37	5.47	5.22	5.27	933498615	4986593792.00
2023/05/10	5.22	5.26	4.99	5.03	751635446	3815734528.00
2023/05/11	5.03	5.11	4.99	5.00	403736261	2028244096.00
2023/05/12	4.99	5.05	4.95	4.98	365183927	1822660992.00
2023/05/15	4.99	5.06	4.85	5.04	512125141	2529284864.00
2023/05/16	5.04	5.14	4.98	5.01	323857900	1638354816.00
2023/05/17	4.99	5.04	4.93	4.99	261539551	1303973120.00
2023/05/18	5.00	5.18	4.99	5.12	440289321	2247012096.00
2023/05/19	5.11	5.14	5.04	5.04	308225032	1566953472.00
2023/05/22	5.04	5.15	5.02	5.07	257869576	1312745984.00
2023/05/23	5.06	5.11	4.91	4.93	441179999	2195648000.00
2023/05/24	4.95	4.96	4.75	4.76	522754145	2512302336.00
2023/05/25	4.73	4.77	4.70	4.74	346134735	1637454720.00
2023/05/26	4.74	4.84	4.72	4.80	234693092	1123359488.00
2023/05/29	4.81	4.88	4.80	4.85	298055948	1441539200.00
2023/05/30	4.84	4.88	4.79	4.82	268917549	1298717696.00
2023/05/31	4.81	4.87	4.78	4.83	251354153	1215088896.00
2023/06/01	4.82	4.92	4.80	4.86	270866017	1316044928.00
2023/06/02	4.86	4.90	4.84	4.88	159486842	775899584.00
2023/06/05	4.88	4.98	4.86	4.96	196182025	969318144.00
2023/06/06	4.96	5.05	4.94	4.96	250176490	1251780736.00
2023/06/07	4.97	5.05	4.97	5.01	219296442	1099411840.00
2023/06/08	5.01	5.10	4.98	5.09	241381683	1219117824.00
2023/06/09	5.08	5.12	5.06	5.07	211425548	1075351680.00
2023/06/12	5.08	5.09	4.95	4.97	270665625	1353794304.00
2023/06/13	4.96	5.01	4.95	5.00	162239381	809442496.00
2023/06/14	4.99	5.02	4.86	4.87	350457716	1728125952.00
2023/06/15	4.90	4.96	4.87	4.91	225251916	1105624064.00
2023/06/16	4.91	4.92	4.88	4.88	217723833	1066214528.00
2023/06/19	4.88	4.89	4.81	4.83	229411514	1110369664.00
2023/06/20	4.83	4.87	4.80	4.83	175480258	847809856.00
2023/06/21	4.82	4.93	4.81	4.85	273608767	1333802240.00
2023/06/26	4.85	4.86	4.75	4.77	298983796	1430494592.00
2023/06/27	4.77	4.82	4.73	4.81	212921448	1020036544.00
2023/06/28	4.80	4.84	4.78	4.82	191402617	921642624.00
2023/06/29	4.81	4.82	4.78	4.78	176864700	848123776.00
2023/06/30	4.79	4.84	4.79	4.82	178939386	861972288.00
2023/07/03	4.84	4.89	4.80	4.88	288517237	1401397632.00
2023/07/04	4.87	4.88	4.82	4.83	223608129	1083994752.00
2023/07/05	4.83	4.85	4.79	4.82	165050824	795131328.00
2023/07/06	4.80	4.83	4.76	4.77	240267818	1150747008.00
2023/07/07	4.76	4.81	4.75	4.76	220464340	1052383616.00
2023/07/10	4.77	4.79	4.75	4.77	125939340	600869248.00
2023/07/11	4.79	4.84	4.78	4.83	181036138	872812352.00
2023/07/12	4.83	4.86	4.80	4.81	186267315	899237440.00
2023/07/13	4.82	4.89	4.82	4.87	258113339	1252502016.00
2023/07/14	4.88	4.90	4.84	4.87	305679951	1490328832.00
2023/07/17	4.60	4.61	4.55	4.57	287292576	1313140480.00
2023/07/18	4.57	4.58	4.52	4.54	210410278	955282816.00
2023/07/19	4.53	4.57	4.52	4.56	145154682	659323264.00
2023/07/20	4.57	4.60	4.56	4.58	144410538	661920448.00
2023/07/21	4.57	4.59	4.56	4.58	130322632	596118848.00
2023/07/24	4.57	4.59	4.54	4.57	115890583	528908864.00
2023/07/25	4.59	4.63	4.58	4.62	192450760	887398464.00
2023/07/26	4.62	4.64	4.60	4.63	115433768	533491424.00
2023/07/27	4.63	4.75	4.63	4.70	240424094	1130511616.00
2023/07/28	4.68	4.80	4.67	4.79	258504518	1229649792.00
2023/07/31	4.80	4.86	4.74	4.77	282209705	1351064448.00
2023/08/01	4.77	4.80	4.75	4.78	184994817	883177024.00
2023/08/02	4.75	4.76	4.65	4.67	301643561	1414477056.00
2023/08/03	4.67	4.74	4.64	4.72	211053335	991496640.00
2023/08/04	4.74	4.78	4.70	4.74	235955082	1118833408.00
2023/08/07	4.73	4.73	4.67	4.71	189989034	892038912.00
2023/08/08	4.70	4.71	4.67	4.68	129297486	605700032.00
2023/08/09	4.67	4.71	4.67	4.71	127589157	599028480.00
2023/08/10	4.70	4.71	4.67	4.69	125126326	586262336.00
2023/08/11	4.69	4.69	4.61	4.61	206555365	958427456.00
2023/08/14	4.59	4.59	4.54	4.56	206290437	940677056.00
2023/08/15	4.57	4.66	4.56	4.64	190195741	876696064.00
2023/08/16	4.62	4.65	4.60	4.64	131958720	610777728.00
2023/08/17	4.63	4.63	4.57	4.60	177738013	816332096.00
2023/08/18	4.59	4.67	4.58	4.61	210684420	975878336.00
2023/08/21	4.61	4.63	4.56	4.56	200805966	919967040.00
2023/08/22	4.57	4.64	4.55	4.62	259120096	1189461376.00
2023/08/23	4.61	4.68	4.59	4.64	251984855	1170788992.00
2023/08/24	4.65	4.66	4.59	4.59	211778809	976867264.00
2023/08/25	4.58	4.68	4.58	4.66	267093185	1238221568.00
2023/08/28	4.80	4.80	4.68	4.73	433547377	2047848320.00
2023/08/29	4.71	4.72	4.61	4.63	380580667	1766953984.00
2023/08/30	4.63	4.63	4.57	4.59	325421081	1492263168.00
2023/08/31	4.58	4.64	4.56	4.62	289427934	1328761088.00
2023/09/01	4.59	4.61	4.55	4.57	296828399	1357727488.00
2023/09/04	4.58	4.61	4.56	4.60	251176029	1153387648.00
2023/09/05	4.59	4.60	4.58	4.59	166532913	764627584.00
2023/09/06	4.58	4.62	4.58	4.61	156562216	721190272.00
2023/09/07	4.61	4.64	4.60	4.62	211028480	975710528.00
2023/09/08	4.62	4.62	4.58	4.59	122821874	563775936.00
2023/09/11	4.59	4.61	4.58	4.59	173410368	796563520.00
2023/09/12	4.59	4.60	4.58	4.60	126071489	578873984.00
2023/09/13	4.60	4.63	4.59	4.62	206287857	951230208.00
2023/09/14	4.63	4.68	4.62	4.68	351170670	1638629248.00
2023/09/15	4.68	4.70	4.63	4.63	239732357	1116627328.00
2023/09/18	4.64	4.65	4.61	4.64	166125786	768769280.00
2023/09/19	4.64	4.68	4.63	4.68	206613320	963619712.00
2023/09/20	4.67	4.71	4.66	4.69	284415941	1334624128.00
2023/09/21	4.69	4.74	4.68	4.69	298161943	1401644928.00
2023/09/22	4.69	4.74	4.67	4.74	309988640	1460209792.00
2023/09/25	4.74	4.76	4.72	4.73	237222711	1124713344.00
2023/09/26	4.74	4.75	4.68	4.70	214847545	1011746688.00
2023/09/27	4.70	4.71	4.65	4.65	225802862	1054101376.00
2023/09/28	4.67	4.70	4.66	4.68	156971696	734762880.00
2023/10/09	4.65	4.70	4.63	4.67	214806559	1002756608.00
2023/10/10	4.69	4.72	4.67	4.68	186035624	873180288.00
2023/10/11	4.69	4.73	4.69	4.72	269205011	1269006848.00
2023/10/12	4.80	4.85	4.78	4.84	567765757	2734640640.00
2023/10/13	4.81	4.94	4.80	4.89	428227331	2094706176.00
2023/10/16	4.88	4.94	4.85	4.92	282349473	1381506688.00
2023/10/17	4.91	4.93	4.89	4.92	190043865	932409024.00
2023/10/18	4.91	4.98	4.90	4.93	275779040	1360530560.00
2023/10/19	4.91	4.92	4.81	4.83	363163394	1759426176.00
2023/10/20	4.80	4.84	4.76	4.79	274782494	1317398912.00
2023/10/23	4.78	4.85	4.77	4.82	268713543	1295265536.00
2023/10/24	4.82	4.83	4.73	4.76	335548267	1596617856.00
2023/10/25	4.77	4.79	4.71	4.71	348926020	1648499712.00
2023/10/26	4.71	4.80	4.71	4.79	306531320	1460187904.00
2023/10/27	4.80	4.83	4.75	4.77	292963333	1401153408.00
2023/10/30	4.75	4.76	4.66	4.69	468611543	2199149824.00
2023/10/31	4.69	4.74	4.67	4.73	241111606	1136787712.00
2023/11/01	4.74	4.78	4.70	4.77	216678245	1029343616.00
2023/11/02	4.78	4.82	4.77	4.78	213221716	1023208896.00
2023/11/03	4.78	4.79	4.73	4.74	199554443	948809728.00
2023/11/06	4.74	4.76	4.70	4.71	315553562	1487054464.00
2023/11/07	4.71	4.75	4.69	4.72	176268114	831535424.00
2023/11/08	4.71	4.74	4.69	4.71	230797803	1088088192.00
2023/11/09	4.70	4.79	4.70	4.78	277464405	1319361408.00
2023/11/10	4.77	4.82	4.74	4.78	215701907	1030812608.00
2023/11/13	4.78	4.78	4.72	4.76	178447223	845699968.00
2023/11/14	4.75	4.79	4.73	4.79	206539273	983406080.00
2023/11/15	4.78	4.80	4.77	4.79	151014482	722371072.00
2023/11/16	4.78	4.82	4.77	4.80	178304921	856430976.00
2023/11/17	4.80	4.81	4.76	4.78	173374518	828856960.00
2023/11/20	4.78	4.82	4.77	4.81	173724426	833340544.00
2023/11/21	4.81	4.84	4.80	4.81	185578621	893721984.00
2023/11/22	4.80	4.83	4.79	4.80	142623261	685928384.00
2023/11/23	4.81	4.81	4.77	4.80	171301515	820169664.00
2023/11/24	4.80	4.82	4.79	4.80	186232446	895099904.00
2023/11/27	4.79	4.80	4.75	4.78	218371003	1041992128.00
2023/11/28	4.78	4.80	4.77	4.79	133351104	638025600.00
2023/11/29	4.78	4.79	4.76	4.77	160800736	767506432.00
2023/11/30	4.77	4.81	4.76	4.81	214640258	1027384384.00
2023/12/01	4.80	4.83	4.79	4.81	250046651	1202312576.00
2023/12/04	4.81	4.83	4.80	4.80	153186134	736651072.00
2023/12/05	4.80	4.81	4.76	4.76	198198879	948472256.00
2023/12/06	4.76	4.76	4.70	4.70	295296499	1394679552.00
2023/12/07	4.70	4.75	4.68	4.73	234775811	1108498560.00
2023/12/08	4.74	4.77	4.72	4.73	198378401	940179648.00
2023/12/11	4.72	4.75	4.65	4.73	279616194	1313136768.00
2023/12/12	4.72	4.80	4.70	4.79	276903714	1320664320.00
2023/12/13	4.79	4.81	4.77	4.79	249030427	1194973312.00
2023/12/14	4.79	4.81	4.76	4.77	152173810	727096832.00
2023/12/15	4.77	4.79	4.73	4.73	195390487	929151552.00
2023/12/18	4.73	4.80	4.71	4.77	238076215	1134338048.00
2023/12/19	4.77	4.80	4.76	4.79	175394013	840048384.00
2023/12/20	4.80	4.83	4.77	4.79	221981982	1066878016.00
2023/12/21	4.78	4.80	4.73	4.79	246534466	1174701824.00
2023/12/22	4.79	4.80	4.76	4.78	221855554	1060976704.00
2023/12/25	4.77	4.81	4.77	4.80	109480935	524989280.00
2023/12/26	4.80	4.82	4.79	4.82	148737176	715555008.00
2023/12/27	4.82	4.84	4.78	4.83	184318820	886215680.00
2023/12/28	4.83	4.85	4.77	4.77	346516202	1664753024.00
2023/12/29	4.78	4.80	4.77	4.78	180047763	861564224.00
2024/01/02	4.78	4.83	4.77	4.79	207181111	995101440.00
2024/01/03	4.79	4.85	4.78	4.84	248895427	1201719296.00
2024/01/04	4.84	4.90	4.83	4.89	286567559	1396443520.00
2024/01/05	4.89	4.94	4.86	4.87	286074720	1403611008.00
2024/01/08	4.87	4.91	4.85	4.88	325225728	1588242688.00
2024/01/09	4.88	4.89	4.83	4.88	225734456	1097994752.00
2024/01/10	4.87	4.91	4.83	4.85	234243492	1138531584.00
2024/01/11	4.84	4.85	4.77	4.78	330666851	1587950080.00
2024/01/12	4.77	4.83	4.76	4.81	230066493	1105695104.00
2024/01/15	4.80	4.86	4.79	4.86	181048290	874409856.00
2024/01/16	4.84	4.90	4.84	4.89	248039913	1207827072.00
2024/01/17	4.88	4.90	4.84	4.84	276631705	1349034112.00
2024/01/18	4.83	4.88	4.72	4.85	523277295	2503424256.00
2024/01/19	4.83	4.89	4.79	4.89	386721535	1875529344.00
2024/01/22	4.87	4.94	4.86	4.89	442063513	2173336064.00
2024/01/23	4.89	4.92	4.84	4.89	310748810	1515560704.00
2024/01/24	4.90	4.98	4.88	4.97	334847464	1650534912.00
2024/01/25	4.98	5.05	4.97	5.01	343758376	1721285120.00
2024/01/26	5.01	5.11	4.99	5.09	389936754	1970826368.00
2024/01/29	5.08	5.20	5.08	5.16	384404139	1981081344.00
2024/01/30	5.14	5.18	5.09	5.13	291481662	1498554368.00
2024/01/31	5.12	5.19	5.10	5.17	296385863	1525456768.00
2024/02/01	5.15	5.20	5.13	5.14	299371509	1544401664.00
2024/02/02	5.14	5.20	5.09	5.17	407597819	2103998336.00
2024/02/05	5.17	5.30	5.16	5.29	615938832	3242203904.00
2024/02/06	5.29	5.38	5.27	5.32	564913691	3006603520.00
2024/02/07	5.31	5.31	5.08	5.23	775335496	4010563840.00
2024/02/08	5.16	5.17	5.09	5.16	465369343	2383629312.00
2024/02/19	5.16	5.28	5.10	5.27	479714386	2503180288.00
2024/02/20	5.27	5.36	5.23	5.35	305978096	1626681216.00
2024/02/21	5.34	5.47	5.33	5.41	346734893	1875270272.00
2024/02/22	5.40	5.43	5.36	5.42	223127868	1204599936.00
2024/02/23	5.41	5.52	5.41	5.48	358318546	1967299072.00
2024/02/26	5.48	5.48	5.30	5.32	367717860	1977747712.00
2024/02/27	5.30	5.36	5.25	5.30	294099947	1560959872.00
2024/02/28	5.30	5.37	5.23	5.33	380609395	2021720064.00
2024/02/29	5.31	5.36	5.30	5.33	252077765	1342717312.00
2024/03/01	5.32	5.35	5.29	5.34	247751146	1317310080.00
2024/03/04	5.32	5.34	5.28	5.32	255757275	1359409152.00
2024/03/05	5.32	5.48	5.30	5.46	429846712	2323266048.00
2024/03/06	5.45	5.49	5.35	5.35	352787155	1910626816.00
2024/03/07	5.35	5.40	5.34	5.38	307459409	1650760704.00
2024/03/08	5.37	5.40	5.34	5.39	247200399	1328152960.00
2024/03/11	5.38	5.39	5.33	5.37	224302648	1200710400.00
2024/03/12	5.36	5.36	5.19	5.20	511714772	2688688896.00
2024/03/13	5.19	5.21	5.14	5.17	300360721	1555083520.00
2024/03/14	5.16	5.23	5.14	5.19	241311421	1253073024.00
2024/03/15	5.19	5.24	5.19	5.21	225861420	1177297536.00
2024/03/18	5.21	5.22	5.17	5.18	191173451	991424896.00
2024/03/19	5.18	5.20	5.15	5.15	202804619	1048062784.00
2024/03/20	5.15	5.22	5.12	5.20	245397599	1270999040.00
2024/03/21	5.20	5.24	5.18	5.22	205106253	1069468096.00
2024/03/22	5.23	5.27	5.18	5.25	265784434	1390667520.00
2024/03/25	5.25	5.29	5.24	5.29	237408100	1252612480.00
2024/03/26	5.29	5.33	5.26	5.33	243359624	1289061760.00
2024/03/27	5.32	5.39	5.30	5.36	290707855	1558334336.00
2024/03/28	5.34	5.35	5.22	5.25	397889768	2091220992.00
2024/03/29	5.25	5.33	5.23	5.28	229812271	1217142784.00
2024/04/01	5.28	5.32	5.27	5.29	201919927	1069899200.00
2024/04/02	5.29	5.36	5.28	5.34	314250134	1675629696.00
2024/04/03	5.34	5.36	5.30	5.33	218224133	1164487680.00
2024/04/08	5.33	5.41	5.31	5.40	307046883	1649825536.00
2024/04/09	5.40	5.44	5.32	5.33	313915016	1683877120.00
2024/04/10	5.34	5.39	5.32	5.34	244947247	1311190528.00
2024/04/11	5.32	5.34	5.27	5.32	200263755	1064148864.00
2024/04/12	5.32	5.35	5.29	5.32	248394369	1321908608.00
2024/04/15	5.33	5.43	5.33	5.42	401243940	2162688256.00
2024/04/16	5.42	5.50	5.38	5.47	400069253	2183179776.00
2024/04/17	5.45	5.52	5.39	5.50	332204161	1811875456.00
2024/04/18	5.49	5.63	5.48	5.52	387972759	2153809152.00
2024/04/19	5.50	5.59	5.50	5.55	255940597	1421250816.00
2024/04/22	5.57	5.64	5.47	5.48	327521249	1813431168.00
2024/04/23	5.49	5.58	5.46	5.50	330912967	1827802624.00
2024/04/24	5.50	5.52	5.46	5.47	236025975	1292875904.00
2024/04/25	5.48	5.50	5.45	5.49	165074556	903595456.00
2024/04/26	5.49	5.54	5.39	5.40	471033131	2563059200.00
2024/04/29	5.39	5.44	5.34	5.38	349015064	1882123520.00
2024/04/30	5.37	5.45	5.36	5.43	260174383	1410153856.00
2024/05/06	5.45	5.47	5.36	5.37	405871400	2189241344.00
2024/05/07	5.37	5.41	5.35	5.40	278163143	1495708288.00
2024/05/08	5.40	5.45	5.38	5.41	296767233	1608594688.00
2024/05/09	5.40	5.41	5.37	5.38	240195598	1293993984.00
2024/05/10	5.39	5.42	5.38	5.40	264686114	1429641984.00
2024/05/13	5.40	5.43	5.36	5.41	239093956	1289851776.00
2024/05/14	5.41	5.41	5.36	5.37	257866693	1387229440.00
2024/05/15	5.37	5.39	5.36	5.38	142708145	766846464.00
2024/05/16	5.37	5.42	5.36	5.41	297188855	1603335296.00
2024/05/17	5.41	5.47	5.39	5.47	383001626	2079470080.00
2024/05/20	5.47	5.53	5.44	5.46	331820267	1817190528.00
2024/05/21	5.46	5.51	5.44	5.50	273676042	1498524416.00
2024/05/22	5.50	5.54	5.49	5.51	245844077	1356650240.00
2024/05/23	5.52	5.53	5.47	5.49	224162538	1231956352.00
2024/05/24	5.49	5.51	5.44	5.44	226186085	1238699520.00
2024/05/27	5.45	5.49	5.44	5.48	215568186	1178996864.00
2024/05/28	5.48	5.51	5.46	5.49	195724015	1074148864.00
2024/05/29	5.49	5.51	5.45	5.47	227719946	1247889664.00
2024/05/30	5.47	5.48	5.42	5.44	223985068	1219754880.00
2024/05/31	5.45	5.47	5.43	5.43	203742314	1110323584.00
2024/06/03	5.43	5.45	5.41	5.44	215772721	1171716352.00
2024/06/04	5.44	5.47	5.44	5.47	175628796	958146624.00
2024/06/05	5.47	5.48	5.45	5.46	188997545	1031778688.00
2024/06/06	5.46	5.49	5.45	5.46	237521446	1298076544.00
2024/06/07	5.46	5.52	5.45	5.52	297294346	1633744000.00
2024/06/11	5.52	5.54	5.44	5.44	333761444	1829863424.00
2024/06/12	5.44	5.45	5.36	5.40	323476183	1745522048.00
2024/06/13	5.40	5.44	5.39	5.43	180474450	977764800.00
2024/06/14	5.43	5.52	5.42	5.50	369814097	2027587072.00
2024/06/17	5.49	5.50	5.40	5.43	273785828	1489815808.00
2024/06/18	5.42	5.46	5.39	5.45	201065032	1091725824.00
2024/06/19	5.44	5.50	5.44	5.50	247937006	1360484608.00
2024/06/20	5.50	5.52	5.48	5.52	213376662	1175329536.00
2024/06/21	5.51	5.53	5.48	5.51	224827378	1239151616.00
2024/06/24	5.51	5.58	5.50	5.57	331721147	1839293312.00
2024/06/25	5.56	5.61	5.55	5.60	292474147	1633949440.00
2024/06/26	5.60	5.66	5.59	5.63	252470534	1420409216.00
2024/06/27	5.62	5.71	5.60	5.70	315653580	1788966272.00
2024/06/28	5.69	5.72	5.65	5.70	268553336	1525746432.00
2024/07/01	5.69	5.85	5.68	5.82	320284626	1854826368.00
2024/07/02	5.82	5.98	5.81	5.97	377040533	2234061056.00
2024/07/03	5.96	5.98	5.85	5.89	274371879	1619018112.00
2024/07/04	5.89	5.98	5.88	5.96	261898011	1556909184.00
2024/07/05	5.96	6.00	5.81	5.83	399311982	2341435904.00
2024/07/08	5.82	5.94	5.81	5.89	288364882	1699967232.00
2024/07/09	5.89	5.94	5.85	5.94	295534319	1746477184.00
2024/07/10	5.94	6.01	5.94	6.00	287630133	1720936704.00
2024/07/11	6.00	6.00	5.86	5.93	376798473	2229396224.00
2024/07/12	5.92	6.10	5.91	6.08	400967281	2418946560.00
2024/07/15	6.09	6.24	6.06	6.20	428958260	2640918272.00
2024/07/16	5.92	5.97	5.83	5.89	503559121	2966243584.00
2024/07/17	5.88	5.94	5.84	5.91	321899185	1898464128.00
2024/07/18	5.90	5.92	5.86	5.91	255386418	1505808640.00
2024/07/19	5.90	5.92	5.82	5.91	360143972	2112440832.00
2024/07/22	5.88	5.89	5.76	5.84	323060657	1879506560.00
2024/07/23	5.82	6.06	5.81	6.01	508143809	3034821376.00
2024/07/24	6.00	6.11	5.99	6.06	318449785	1929595648.00
2024/07/25	6.05	6.12	5.97	6.06	411478668	2488088576.00
2024/07/26	6.05	6.07	5.86	5.93	415945631	2462785280.00
2024/07/29	5.92	5.98	5.84	5.98	261893127	1555917056.00
2024/07/30	5.97	6.03	5.91	5.99	249533509	1490211584.00
2024/07/31	5.98	6.01	5.83	5.85	461472959	2712776960.00
2024/08/01	5.83	5.91	5.73	5.88	373139397	2178941184.00
2024/08/02	5.85	5.92	5.83	5.88	281415849	1655728256.00
2024/08/05	5.88	5.95	5.83	5.87	319544631	1883504256.00
2024/08/06	5.88	5.89	5.78	5.80	275470037	1604677504.00
2024/08/07	5.82	5.88	5.80	5.82	227015219	1326499712.00
2024/08/08	5.83	5.88	5.81	5.87	187175943	1095813888.00
2024/08/09	5.87	5.93	5.84	5.92	185078805	1091650560.00
2024/08/12	5.92	6.02	5.91	5.99	225847836	1350053504.00
2024/08/13	5.99	6.08	5.93	6.00	240418694	1445004544.00
2024/08/14	5.98	6.04	5.97	6.02	188044815	1129757312.00
2024/08/15	6.02	6.06	6.00	6.05	206740074	1247677440.00
2024/08/16	6.05	6.15	6.03	6.14	270194042	1647386752.00
2024/08/19	6.14	6.29	6.10	6.27	338863514	2104346752.00
2024/08/20	6.26	6.40	6.25	6.39	399597420	2534261760.00
2024/08/21	6.35	6.36	6.25	6.30	331588320	2088630784.00
2024/08/22	6.29	6.44	6.29	6.42	350230155	2236501504.00
2024/08/23	6.42	6.48	6.35	6.46	265657420	1706372352.00
2024/08/26	6.44	6.47	6.35	6.43	267311089	1712684416.00
2024/08/27	6.42	6.55	6.41	6.53	323249644	2103729920.00
2024/08/28	6.53	6.57	6.44	6.49	314722513	2043853184.00
2024/08/29	6.48	6.49	6.20	6.22	557314746	3505246208.00
2024/08/30	6.18	6.24	5.96	5.98	880782347	5320880640.00
2024/09/02	5.90	6.00	5.88	5.94	568240173	3379236096.00
2024/09/03	5.93	5.95	5.68	5.76	648640129	3742967296.00
2024/09/04	5.72	5.78	5.66	5.71	392331435	2240822272.00
2024/09/05	5.70	5.73	5.60	5.63	383530775	2163978240.00
2024/09/06	5.63	5.73	5.62	5.64	290696812	1651910272.00
2024/09/09	5.63	5.65	5.51	5.61	282126704	1576623872.00
2024/09/10	5.61	5.72	5.60	5.67	368343232	2088218496.00
2024/09/11	5.66	5.67	5.50	5.54	359763384	1999982592.00
2024/09/12	5.51	5.56	5.45	5.54	286853563	1582711040.00
2024/09/13	5.54	5.58	5.52	5.56	234048696	1301692032.00
2024/09/18	5.57	5.68	5.57	5.68	246839404	1391412352.00
2024/09/19	5.69	5.71	5.58	5.65	280996806	1583072128.00
2024/09/20	5.66	5.69	5.62	5.67	282832321	1602117632.00
2024/09/23	5.66	5.74	5.62	5.72	227037687	1292978944.00
2024/09/24	5.75	6.00	5.73	6.00	605204899	3559231232.00
2024/09/25	6.09	6.22	5.97	6.04	629820829	3830867712.00
2024/09/26	6.04	6.21	6.00	6.20	521674373	3190823680.00
2024/09/27	6.25	6.34	5.92	6.01	687209271	4133669632.00
2024/09/30	6.01	6.31	5.83	6.18	1616174183	9720369152.00
2024/10/08	6.50	6.66	6.04	6.12	1688226172	10602986496.00
2024/10/09	6.06	6.17	5.98	6.04	1009071781	6133595136.00
2024/10/10	6.05	6.40	6.04	6.27	1091528147	6791738880.00
2024/10/11	6.25	6.39	6.20	6.27	529952828	3337751040.00
2024/10/14	6.32	6.50	6.32	6.47	789921118	5078880768.00
2024/10/15	6.43	6.45	6.26	6.26	492769157	3131385344.00
2024/10/16	6.23	6.40	6.22	6.36	414614580	2634360064.00
2024/10/17	6.35	6.40	6.29	6.29	328081317	2079129216.00
2024/10/18	6.29	6.36	6.21	6.32	514452181	3236239616.00
2024/10/21	6.29	6.29	6.14	6.16	568464907	3510955264.00
2024/10/22	6.17	6.21	6.11	6.14	431271479	2648200704.00
2024/10/23	6.14	6.16	6.11	6.14	306854479	1883772544.00
2024/10/24	6.13	6.20	6.12	6.16	288789477	1778302592.00
2024/10/25	6.15	6.17	6.10	6.12	284528999	1742297088.00
2024/10/28	6.11	6.11	6.03	6.07	329536371	1995022208.00
2024/10/29	6.07	6.11	6.05	6.06	293860704	1785953152.00
2024/10/30	6.05	6.08	6.00	6.01	305412004	1840000000.00
2024/10/31	6.04	6.10	6.01	6.04	305287998	1844805120.00
2024/11/01	6.04	6.15	6.03	6.15	451237925	2760339712.00
2024/11/04	6.15	6.15	6.05	6.13	318060458	1937583744.00
2024/11/05	6.10	6.15	6.09	6.15	312510781	1914855680.00
2024/11/06	6.13	6.15	6.07	6.09	345023115	2106283776.00
2024/11/07	6.08	6.15	6.06	6.15	379448763	2318560000.00
2024/11/08	6.15	6.17	6.10	6.11	330042436	2021389824.00
2024/11/11	6.08	6.09	6.02	6.04	398730171	2410772480.00
2024/11/12	6.04	6.07	6.00	6.00	329274155	1984275456.00
2024/11/13	6.00	6.07	5.98	6.04	343885792	2075207424.00
2024/11/14	6.03	6.10	6.01	6.07	373526484	2271181056.00
2024/11/15	6.06	6.11	6.03	6.05	384523275	2337086208.00
2024/11/18	6.08	6.24	6.07	6.19	693242496	4282442496.00
2024/11/19	6.18	6.22	6.07	6.15	429498710	2648795392.00
2024/11/20	6.13	6.18	6.12	6.14	268242057	1649596288.00
2024/11/21	6.13	6.15	6.11	6.13	180910703	1107466752.00
2024/11/22	6.14	6.15	6.05	6.05	297820281	1814510848.00
2024/11/25	6.06	6.13	6.05	6.07	290372207	1770698624.00
2024/11/26	6.07	6.18	6.05	6.16	330004149	2021400576.00
2024/11/27	6.15	6.22	6.14	6.20	288317376	1783808256.00
2024/11/28	6.19	6.22	6.15	6.19	201840016	1248696448.00
2024/11/29	6.19	6.23	6.14	6.15	290646513	1796519040.00
2024/12/02	6.16	6.16	6.10	6.13	241747989	1480654080.00
2024/12/03	6.13	6.21	6.12	6.21	338517203	2090169344.00
2024/12/04	6.21	6.28	6.17	6.26	357231531	2228037120.00
2024/12/05	6.25	6.33	6.23	6.26	264528322	1659231360.00
2024/12/06	6.26	6.34	6.25	6.32	311963037	1968098560.00
2024/12/09	6.30	6.37	6.28	6.32	312743296	1982868608.00
2024/12/10	6.35	6.45	6.33	6.42	437294605	2792561408.00
2024/12/11	6.40	6.45	6.30	6.31	387000336	2461585152.00
2024/12/12	6.32	6.42	6.31	6.42	290184474	1851705984.00
2024/12/13	6.40	6.45	6.36	6.39	389098441	2494595328.00
2024/12/16	6.39	6.58	6.38	6.53	471572594	3074595840.00
2024/12/17	6.52	6.59	6.51	6.51	313847722	2053036800.00
2024/12/18	6.54	6.65	6.53	6.59	348942453	2301576448.00
2024/12/19	6.57	6.61	6.48	6.49	361528511	2360581376.00
2024/12/20	6.50	6.61	6.50	6.53	376548842	2467195136.00
2024/12/23	6.53	6.76	6.53	6.70	487110016	3253676288.00
2024/12/24	6.71	6.79	6.65	6.78	464147368	3126875648.00
2024/12/25	6.77	7.04	6.76	6.94	636090132	4411842560.00
2024/12/26	6.94	6.94	6.79	6.93	487252264	3343500800.00
2024/12/27	6.89	6.94	6.76	6.92	510704060	3503590912.00
2024/12/30	6.88	7.00	6.87	6.95	482330317	3342787328.00
2024/12/31	6.94	7.03	6.90	6.92	520980174	3632600832.00
2025/01/02	6.91	6.98	6.76	6.80	531482465	3636887296.00
2025/01/03	6.81	6.83	6.62	6.71	521073986	3493034240.00
2025/01/06	6.71	6.78	6.59	6.75	474224652	3180308224.00
2025/01/07	6.61	6.71	6.56	6.69	382021777	2534162176.00
2025/01/08	6.69	6.84	6.67	6.76	399684284	2703647488.00
2025/01/09	6.76	6.77	6.66	6.71	236723419	1589593984.00
2025/01/10	6.72	6.74	6.60	6.67	262025788	1748468992.00
2025/01/13	6.66	6.67	6.49	6.60	330603282	2177310720.00
2025/01/14	6.59	6.65	6.56	6.61	341885264	2259932416.00
2025/01/15	6.60	6.73	6.58	6.63	307598274	2046662144.00
2025/01/16	6.64	6.69	6.57	6.68	267468138	1778119552.00
2025/01/17	6.67	6.70	6.60	6.61	278134635	1846159104.00
2025/01/20	6.62	6.63	6.56	6.57	227362256	1498234624.00
2025/01/21	6.58	6.61	6.52	6.55	215743537	1417436160.00
2025/01/22	6.54	6.56	6.40	6.44	411169363	2658494720.00
2025/01/23	6.48	6.69	6.48	6.66	544682003	3602828544.00
2025/01/24	6.67	6.72	6.57	6.67	328205211	2189475328.00
2025/01/27	6.68	6.85	6.68	6.82	371866219	2529075712.00
2025/02/05	6.82	6.84	6.68	6.69	330540617	2222211072.00
2025/02/06	6.70	6.76	6.65	6.69	264423725	1768795008.00
2025/02/07	6.67	6.69	6.61	6.69	367643900	2445156864.00
2025/02/10	6.66	6.74	6.64	6.67	311926833	2088870528.00
2025/02/11	6.68	6.82	6.68	6.82	394195410	2664073216.00
2025/02/12	6.81	6.92	6.73	6.90	325781148	2231545344.00
2025/02/13	6.89	6.99	6.87	6.96	294524426	2045526528.00
2025/02/14	6.96	7.00	6.90	6.99	253157792	1759162112.00
2025/02/17	6.98	7.00	6.91	6.96	271346003	1885698432.00
2025/02/18	6.95	7.14	6.94	7.09	397512135	2808344320.00
2025/02/19	7.08	7.12	7.03	7.05	322072343	2274371584.00
2025/02/20	7.04	7.09	7.00	7.08	251326656	1772394368.00
2025/02/21	7.06	7.07	6.91	6.93	577209800	4021172992.00
2025/02/24	6.90	6.94	6.82	6.89	437330985	3008552960.00
2025/02/25	6.89	6.93	6.83	6.86	313984475	2159709440.00
2025/02/26	6.86	6.94	6.84	6.88	329370016	2269556992.00
2025/02/27	6.86	6.95	6.76	6.93	439190234	3015352576.00
2025/02/28	6.90	6.98	6.87	6.87	431589632	2985870080.00
数据来源:通达信
