600882 妙可蓝多 日线 不复权
      日期	    开盘	    最高	    最低	    收盘	    成交量	    成交额
2020/01/02	14.60	14.90	14.41	14.58	4084700	59988496.00
2020/01/03	14.75	15.00	14.60	14.90	5490120	81308672.00
2020/01/06	14.91	14.98	13.83	14.76	7227213	105111104.00
2020/01/07	15.99	16.24	15.78	16.24	5571136	89523552.00
2020/01/08	17.00	17.70	15.99	16.30	18576605	313952544.00
2020/01/09	16.68	17.90	16.32	17.25	12227583	210189792.00
2020/01/10	17.50	18.00	16.82	17.58	7488170	131250376.00
2020/01/13	17.87	17.99	17.08	17.61	5975271	104796736.00
2020/01/14	17.30	17.96	17.30	17.92	5332557	94581768.00
2020/01/15	17.74	18.17	17.55	18.05	5018595	89690080.00
2020/01/16	17.65	19.85	17.65	19.45	8000861	151782688.00
2020/01/17	19.20	20.39	18.48	19.20	10244297	195775568.00
2020/01/20	18.90	19.48	18.66	19.20	6557745	125337400.00
2020/01/21	19.15	19.48	18.74	18.91	3358016	63761348.00
2020/01/22	18.75	19.25	18.18	18.90	3556373	67110752.00
2020/01/23	18.93	19.28	17.88	18.40	5544813	102312440.00
2020/02/03	16.56	17.10	16.56	16.56	4850017	80712616.00
2020/02/04	16.25	17.99	16.25	17.83	4779031	82980552.00
2020/02/05	18.15	18.70	17.35	17.62	5193854	92924856.00
2020/02/06	17.60	17.99	17.06	17.78	4524597	79038016.00
2020/02/07	17.65	17.78	17.06	17.26	3647774	63002048.00
2020/02/10	17.08	17.49	16.95	17.11	2595531	44413800.00
2020/02/11	17.16	17.58	16.94	17.51	4020210	69452000.00
2020/02/12	17.45	18.54	17.34	17.88	4610898	82173480.00
2020/02/13	17.98	17.99	17.00	17.21	3775904	65174304.00
2020/02/14	17.03	17.38	16.84	17.16	2603513	44392260.00
2020/02/17	17.18	17.28	16.70	17.12	3230744	54749596.00
2020/02/18	16.99	17.88	16.98	17.83	4980136	86684072.00
2020/02/19	17.70	18.97	17.60	18.76	5874599	108758080.00
2020/02/20	18.70	18.94	18.38	18.80	3661199	68332000.00
2020/02/21	18.85	19.26	18.52	18.73	3481769	65524320.00
2020/02/24	18.72	18.73	17.73	17.76	5984240	107426176.00
2020/02/25	17.40	17.88	17.15	17.70	2636847	46112152.00
2020/02/26	17.48	17.66	16.92	17.08	4454333	76349944.00
2020/02/27	17.17	17.40	16.92	17.03	4101248	70221352.00
2020/02/28	16.84	16.84	16.09	16.35	5201036	85279944.00
2020/03/02	16.50	17.00	16.43	16.76	3321171	55444196.00
2020/03/03	17.11	17.45	16.69	16.88	2694051	46081180.00
2020/03/04	17.02	17.45	16.64	17.30	3878694	66835396.00
2020/03/05	17.40	19.03	17.33	19.02	12488101	234237328.00
2020/03/06	18.80	19.62	18.65	19.10	9826960	188647808.00
2020/03/09	18.74	19.63	18.70	19.00	6783390	130023232.00
2020/03/10	18.56	20.90	18.28	20.16	13103607	262036208.00
2020/03/11	20.01	20.67	19.51	19.70	6744269	134695328.00
2020/03/12	19.10	19.80	19.05	19.48	2713000	52699972.00
2020/03/13	18.86	19.49	18.23	19.16	7043445	133738496.00
2020/03/16	19.20	20.16	18.81	19.27	6948713	136087632.00
2020/03/17	19.40	19.80	18.10	19.28	4896929	91562064.00
2020/03/18	19.48	20.41	18.66	18.87	4475235	87951024.00
2020/03/19	19.10	19.20	18.40	19.02	3964533	74824248.00
2020/03/20	19.22	19.79	19.00	19.49	3057900	58990116.00
2020/03/23	19.50	20.10	18.83	19.26	6124801	119390096.00
2020/03/24	19.59	21.11	19.33	21.11	9774475	198742832.00
2020/03/25	21.91	22.69	21.31	22.37	14833874	326644448.00
2020/03/26	21.50	23.48	21.18	22.52	10987707	246833360.00
2020/03/27	22.57	23.00	21.80	22.60	7310295	164855552.00
2020/03/30	22.52	23.10	22.01	22.30	6245171	140424288.00
2020/03/31	22.11	22.98	21.58	22.92	6330517	140981280.00
2020/04/01	22.90	23.40	22.15	22.50	6432702	145703936.00
2020/04/02	22.20	22.99	22.18	22.52	3925927	88251120.00
2020/04/03	22.41	22.64	21.51	21.78	5926052	130166464.00
2020/04/07	21.82	22.44	21.30	22.42	10470013	229743440.00
2020/04/08	22.20	22.50	21.60	22.02	5291484	116462488.00
2020/04/09	21.85	22.96	21.71	22.92	7834510	175977744.00
2020/04/10	22.66	23.59	22.47	23.59	7716006	178663840.00
2020/04/13	23.60	24.89	23.22	24.50	6231230	149869584.00
2020/04/14	24.40	25.00	24.02	24.60	4240345	104171472.00
2020/04/15	24.39	25.29	24.00	25.00	3316230	81738936.00
2020/04/16	24.50	25.33	24.50	25.32	3148726	78833960.00
2020/04/17	25.40	25.47	23.60	24.89	5687347	139657616.00
2020/04/20	24.74	24.83	24.10	24.60	2819413	69018800.00
2020/04/21	24.54	24.98	24.22	24.65	2012600	49501380.00
2020/04/22	24.43	27.12	24.35	27.12	5024144	130497656.00
2020/04/23	27.00	27.60	26.10	26.37	4516946	121499904.00
2020/04/24	26.63	26.63	25.05	25.25	4174607	107423704.00
2020/04/27	25.14	25.47	24.37	24.98	3828924	95120568.00
2020/04/28	25.18	26.10	24.01	25.67	3772486	95003384.00
2020/04/29	25.65	28.11	25.50	26.89	5711723	154321968.00
2020/04/30	27.10	27.17	25.58	26.86	4790393	125979112.00
2020/05/06	27.00	29.00	26.25	28.36	5582018	155574320.00
2020/05/07	28.11	29.85	28.11	28.62	4422548	128333976.00
2020/05/08	29.15	29.20	28.00	29.07	3540259	101345112.00
2020/05/11	28.80	29.43	28.55	29.18	2963342	86214648.00
2020/05/12	29.23	30.40	29.09	29.86	6780657	203164992.00
2020/05/13	30.08	32.28	29.50	32.20	14390390	451028576.00
2020/05/14	32.00	34.30	31.50	33.05	9558361	315294464.00
2020/05/15	33.05	34.29	32.31	33.90	7040775	236178944.00
2020/05/18	33.00	37.28	33.00	36.90	9188051	331279936.00
2020/05/19	36.90	38.80	34.83	36.04	13693415	497334912.00
2020/05/20	36.03	36.30	32.50	33.86	13556013	463740288.00
2020/05/21	33.55	34.66	31.03	33.60	21070262	680351168.00
2020/05/22	32.80	34.50	32.52	32.76	8521997	285469440.00
2020/05/25	32.27	34.88	32.18	34.41	9600798	327218848.00
2020/05/26	34.31	37.69	34.00	37.50	8404313	297473600.00
2020/05/27	37.40	39.10	35.37	36.33	9045365	338946816.00
2020/05/28	36.00	37.82	35.87	37.10	8601122	319291968.00
2020/05/29	37.46	39.18	37.35	38.95	13601245	527116960.00
2020/06/01	38.90	40.80	38.90	40.26	8863589	355625600.00
2020/06/02	39.80	40.90	36.95	37.90	13643093	520562880.00
2020/06/03	37.30	37.89	35.96	37.46	9613398	352221728.00
2020/06/04	37.47	38.28	36.31	36.83	4982751	184897488.00
2020/06/05	36.13	37.84	35.24	37.00	5930930	216009104.00
2020/06/08	37.00	37.00	34.50	34.67	7933729	279938048.00
2020/06/09	34.65	35.98	33.70	35.42	6581270	231688128.00
2020/06/10	34.51	36.14	34.51	35.85	4861060	172873728.00
2020/06/11	35.50	36.48	34.95	36.11	4364947	156046608.00
2020/06/12	35.46	37.79	35.01	36.44	6283285	230197552.00
2020/06/15	36.40	37.26	35.75	36.83	5058033	184763472.00
2020/06/16	36.90	38.71	36.71	38.62	5716345	217089728.00
2020/06/17	38.85	39.00	37.55	38.96	4157851	159616064.00
2020/06/18	39.20	39.23	37.90	37.95	3224187	123228320.00
2020/06/19	38.05	39.00	37.70	37.92	3100765	119134368.00
2020/06/22	38.20	38.90	36.88	37.70	3711537	140247440.00
2020/06/23	37.74	38.47	37.05	38.01	4145938	156759136.00
2020/06/24	37.93	39.25	35.90	36.87	7410708	275962976.00
2020/06/29	36.79	36.90	35.76	36.23	5615064	203568864.00
2020/06/30	36.40	36.85	36.00	36.29	5381181	195733296.00
2020/07/01	36.27	37.71	35.05	35.43	7564490	273790080.00
2020/07/02	35.70	36.25	34.82	35.50	6169414	218917120.00
2020/07/03	35.00	35.80	34.67	35.25	4528148	159285696.00
2020/07/06	35.15	35.51	34.00	34.84	8337529	288180800.00
2020/07/07	34.83	36.81	34.62	36.01	6649732	238370544.00
2020/07/08	36.01	38.78	35.98	38.69	9671304	367122176.00
2020/07/09	38.63	38.63	36.06	37.14	12350580	455596672.00
2020/07/10	36.84	37.75	36.60	37.10	7276612	271060192.00
2020/07/13	36.81	37.70	36.77	37.67	10105897	375686656.00
2020/07/14	37.60	38.20	36.11	36.91	7085425	262484336.00
2020/07/15	37.37	39.25	37.10	37.70	12118141	463244832.00
2020/07/16	37.10	38.78	34.92	35.54	10327327	382443744.00
2020/07/17	34.60	38.00	34.53	37.80	9317976	337898720.00
2020/07/20	38.56	38.88	37.42	38.39	8911233	339494560.00
2020/07/21	38.69	42.23	37.50	42.23	17519638	709185728.00
2020/07/22	42.24	43.00	40.45	40.95	13577750	563115584.00
2020/07/23	40.42	40.42	38.40	39.91	11677133	460535712.00
2020/07/24	39.80	39.91	37.47	37.66	7321919	281640576.00
2020/07/27	37.91	40.00	37.50	39.31	6617107	257583472.00
2020/07/28	39.31	43.24	38.76	43.10	11330890	475032544.00
2020/07/29	42.52	44.56	41.80	44.01	8330292	362040928.00
2020/07/30	43.90	45.06	43.13	43.73	5329560	235137808.00
2020/07/31	43.50	43.98	41.41	42.41	6757504	288300064.00
2020/08/03	42.50	46.65	42.16	46.65	10283003	466138528.00
2020/08/04	46.86	49.70	46.49	46.99	10438459	501197856.00
2020/08/05	47.47	49.00	46.68	47.20	6099468	290066976.00
2020/08/06	47.96	48.00	45.88	46.51	5142148	239017360.00
2020/08/07	46.50	47.50	44.89	46.19	4828943	221790224.00
2020/08/10	45.52	46.99	44.10	44.71	9019762	410990784.00
2020/08/11	45.00	45.30	42.68	42.94	5750965	254011168.00
2020/08/12	43.00	43.30	40.28	42.38	6966126	288865120.00
2020/08/13	42.01	42.31	41.31	41.73	3470590	145380704.00
2020/08/14	42.11	43.50	41.43	42.41	4003361	169475136.00
2020/08/17	43.00	43.58	41.80	42.76	4320300	184115600.00
2020/08/18	42.93	44.28	42.77	43.93	5416040	236392464.00
2020/08/19	45.00	45.80	43.49	43.79	6980208	312546240.00
2020/08/20	43.35	44.08	41.01	41.78	5104978	215401440.00
2020/08/21	41.80	45.00	41.50	44.10	10247010	449310304.00
2020/08/24	44.00	44.05	39.69	39.69	8378400	338135488.00
2020/08/25	38.70	41.88	37.60	40.80	25137094	982571840.00
2020/08/26	39.81	39.81	37.86	38.85	10657749	412062048.00
2020/08/27	38.67	39.43	37.37	38.84	6009274	231674448.00
2020/08/28	38.48	41.39	38.48	41.28	7308049	293549952.00
2020/08/31	40.91	45.01	40.85	43.90	11216971	490559680.00
2020/09/01	42.85	44.49	42.85	43.08	4869031	210990208.00
2020/09/02	43.47	43.58	40.91	41.01	6097565	256368192.00
2020/09/03	41.04	41.99	40.26	41.00	5388463	221018960.00
2020/09/04	39.78	40.50	39.13	40.26	4283948	170812640.00
2020/09/07	40.25	40.50	38.55	38.83	3831566	150459088.00
2020/09/08	38.63	39.20	37.80	38.50	2966187	113365600.00
2020/09/09	38.01	38.60	36.50	36.71	4409762	164704368.00
2020/09/10	37.15	37.56	36.01	36.19	3119802	114907048.00
2020/09/11	36.18	38.74	35.50	38.46	5382036	202751424.00
2020/09/14	38.55	40.88	38.55	40.16	6936873	277184128.00
2020/09/15	40.28	41.14	39.86	40.53	3391081	137633104.00
2020/09/16	39.92	41.30	39.92	40.66	4007025	162551872.00
2020/09/17	40.45	40.45	39.00	39.89	3139930	124829368.00
2020/09/18	40.10	41.28	39.76	40.54	3686668	149841824.00
2020/09/21	40.48	40.49	39.23	39.84	2671908	106117472.00
2020/09/22	39.98	41.10	38.65	39.29	3681685	145917584.00
2020/09/23	39.42	39.97	38.86	39.90	1895464	74624304.00
2020/09/24	39.90	40.82	38.98	39.00	3098120	123546696.00
2020/09/25	39.19	39.69	38.30	39.18	2151122	83778944.00
2020/09/28	39.00	39.53	38.31	38.73	1471597	57188848.00
2020/09/29	38.47	40.20	38.47	39.74	2142913	84680912.00
2020/09/30	39.75	42.25	39.54	41.57	4781574	198061648.00
2020/10/09	42.33	42.33	40.62	40.90	4704501	194032272.00
2020/10/12	41.00	41.56	40.20	41.52	5203330	212043184.00
2020/10/13	41.52	42.10	40.32	40.70	5911450	241273296.00
2020/10/14	40.75	40.75	39.24	39.25	4083675	162307408.00
2020/10/15	39.50	39.50	38.61	38.85	2741425	106637088.00
2020/10/16	39.49	39.50	38.11	38.65	2859092	110082064.00
2020/10/19	39.00	39.25	37.02	37.38	4449623	168752112.00
2020/10/20	37.68	37.68	36.88	37.62	2315807	86402400.00
2020/10/21	37.68	37.77	36.67	37.07	3172100	117532080.00
2020/10/22	37.07	37.07	35.00	36.38	6267872	224842256.00
2020/10/23	36.80	36.80	34.70	35.00	4413930	156309584.00
2020/10/26	34.98	35.17	33.09	34.53	5794178	198797856.00
2020/10/27	33.65	36.87	33.60	36.36	6676419	240152032.00
2020/10/28	36.64	37.72	36.07	37.50	4721132	175407760.00
2020/10/29	36.30	37.30	35.50	35.78	6868250	247822480.00
2020/10/30	35.50	35.80	33.78	34.89	4033531	140367824.00
2020/11/02	34.15	35.30	33.29	33.62	7346418	249564064.00
2020/11/03	33.95	35.13	33.34	35.13	6180244	212305728.00
2020/11/04	34.91	35.40	33.80	34.23	3957901	135984880.00
2020/11/05	34.56	34.90	34.28	34.74	3605500	124907544.00
2020/11/06	34.61	34.98	33.90	34.10	2844101	97622648.00
2020/11/09	34.10	34.50	32.80	33.34	7818658	260488928.00
2020/11/10	33.30	33.85	32.19	32.38	6207000	204161856.00
2020/11/11	32.39	33.00	31.89	32.06	6872041	221820784.00
2020/11/12	32.10	32.91	31.63	32.85	5226700	169880816.00
2020/11/13	32.98	33.03	31.73	31.91	4918485	158685680.00
2020/11/16	31.91	34.88	31.59	34.47	10847757	367396384.00
2020/11/17	34.38	35.00	33.85	34.08	5501108	189505312.00
2020/11/18	37.42	37.49	36.57	37.49	7835545	292700192.00
2020/11/19	38.58	40.81	37.80	39.40	22191270	869636160.00
2020/11/20	39.88	40.20	39.00	40.08	10133940	403577088.00
2020/11/23	39.95	40.85	38.73	40.34	9554287	380152800.00
2020/11/24	40.34	41.29	39.51	40.36	6764372	272529984.00
2020/11/25	40.88	41.16	39.93	40.03	7109660	287494144.00
2020/11/26	40.11	40.80	39.10	39.85	4410600	175138208.00
2020/11/27	39.65	39.98	38.74	39.06	4630474	181464032.00
2020/11/30	38.95	38.95	36.84	37.33	9680553	361935264.00
2020/12/01	37.39	38.58	36.87	38.28	4887265	185011472.00
2020/12/02	38.31	38.95	37.90	38.35	3324852	127420608.00
2020/12/03	38.24	38.78	37.90	38.38	3127980	119722800.00
2020/12/04	38.90	39.26	37.67	39.17	5536062	214411664.00
2020/12/14	43.09	43.09	43.09	43.09	748090	32235198.00
2020/12/15	47.36	47.40	45.50	46.78	33593261	1575933696.00
2020/12/16	45.82	49.76	45.56	48.70	18964300	900511360.00
2020/12/17	47.00	47.92	44.70	45.93	18063226	831478528.00
2020/12/18	46.37	48.20	46.10	46.50	10104381	477579392.00
2020/12/21	46.30	48.27	45.44	47.98	9253591	439514368.00
2020/12/22	47.88	49.38	47.50	47.68	6139749	296363680.00
2020/12/23	47.00	47.72	46.11	47.60	4904890	230739376.00
2020/12/24	47.60	48.57	46.96	47.99	4731027	227108224.00
2020/12/25	47.70	48.56	46.56	48.04	5844195	278403040.00
2020/12/28	48.15	49.15	47.59	48.20	5973601	287740064.00
2020/12/29	48.40	52.40	48.32	51.70	11455751	580106944.00
2020/12/30	51.81	56.00	51.81	55.00	12315024	669423040.00
2020/12/31	54.00	57.34	53.56	57.10	8859479	493017824.00
2021/01/04	56.70	58.00	54.88	57.00	7051158	396699136.00
2021/01/05	56.25	60.58	56.25	58.89	7117466	415463776.00
2021/01/06	58.50	59.76	57.38	59.18	5753126	337166368.00
2021/01/07	58.90	60.90	58.20	60.40	4974823	297279200.00
2021/01/08	60.35	65.50	59.00	61.38	8281822	518653536.00
2021/01/11	61.20	62.99	57.50	57.89	11380274	687571136.00
2021/01/12	56.99	60.12	55.15	59.25	9149647	535860960.00
2021/01/13	59.84	60.45	57.74	58.97	5763567	341279328.00
2021/01/14	58.83	58.83	55.70	55.80	6666956	376906432.00
2021/01/15	55.58	57.39	52.88	56.97	8937482	487469792.00
2021/01/18	56.89	57.88	54.58	56.94	5490174	311376000.00
2021/01/19	56.85	57.58	55.20	55.64	4261100	239137312.00
2021/01/20	55.78	61.15	55.37	60.29	7117080	420213792.00
2021/01/21	61.35	64.22	60.31	60.92	7383612	456600832.00
2021/01/22	60.80	61.46	58.35	59.12	5432860	324891296.00
2021/01/25	59.01	61.70	58.30	61.70	6276579	378410784.00
2021/01/26	60.80	61.55	58.20	59.61	6185260	370413696.00
2021/01/27	59.99	61.20	56.00	60.50	7201945	428967776.00
2021/01/28	60.64	61.50	58.38	58.50	4556588	273187712.00
2021/01/29	59.28	62.50	59.28	62.25	11066908	677293184.00
2021/02/01	64.19	68.14	63.20	64.42	10730151	699214400.00
2021/02/02	65.84	66.79	63.80	66.60	8158327	535486336.00
2021/02/03	66.61	69.55	65.22	67.67	7665913	517741344.00
2021/02/04	67.00	68.00	64.52	67.21	5656033	373938048.00
2021/02/05	67.30	69.20	66.26	67.95	6296819	428117504.00
2021/02/08	67.80	68.60	64.18	66.22	4481264	296414432.00
2021/02/09	66.24	68.86	65.18	67.53	5932124	398193344.00
2021/02/10	67.44	69.50	65.58	69.06	4721366	321613632.00
2021/02/18	69.51	70.00	63.79	64.14	7043351	464671200.00
2021/02/19	64.51	67.79	62.01	66.59	7125632	462733664.00
2021/02/22	65.99	66.37	59.93	62.90	9291098	581451712.00
2021/02/23	62.00	62.88	60.00	60.51	6604320	403821472.00
2021/02/24	60.14	60.86	56.50	56.93	8805969	508149248.00
2021/02/25	57.50	58.66	56.50	56.93	4938692	281967872.00
2021/02/26	54.65	56.66	54.39	55.69	7516583	416101472.00
2021/03/01	56.10	56.44	54.43	55.38	6401522	352922400.00
2021/03/02	56.00	56.50	51.89	53.40	7193219	384763744.00
2021/03/03	52.88	53.66	51.90	52.86	5731217	302050688.00
2021/03/04	52.86	54.50	51.24	51.71	11010919	583680384.00
2021/03/05	55.03	55.36	52.02	53.33	9680282	517986048.00
2021/03/08	52.61	52.61	49.60	49.78	10207838	516295680.00
2021/03/09	49.50	52.13	47.63	50.04	7882816	395113408.00
2021/03/10	54.13	54.13	50.80	51.92	4323895	223984928.00
2021/03/11	51.50	54.60	51.01	54.43	5669980	302634464.00
2021/03/12	54.20	56.00	53.51	54.43	5638345	306566016.00
2021/03/15	53.98	54.91	53.00	53.77	3005204	161320288.00
2021/03/16	53.50	55.89	52.96	55.40	3306938	179463440.00
2021/03/17	55.95	56.38	54.40	55.87	3043302	169149456.00
2021/03/18	55.48	56.44	54.75	55.64	1880500	104611216.00
2021/03/19	54.48	55.42	53.52	53.53	2790184	151403904.00
2021/03/22	53.61	54.18	52.80	53.90	4449015	237131296.00
2021/03/23	53.91	55.36	53.50	53.88	2865039	155346752.00
2021/03/24	53.12	54.55	52.30	53.75	3145633	167515328.00
2021/03/25	53.09	55.00	52.00	54.29	4127279	221715712.00
2021/03/26	54.96	57.65	54.96	57.10	5947412	336553888.00
2021/03/29	57.42	58.50	56.50	56.85	3591652	206580416.00
2021/03/30	56.99	58.08	56.20	57.88	2906006	167225664.00
2021/03/31	57.45	57.77	56.81	56.89	1647700	93975184.00
2021/04/01	56.50	62.58	56.30	62.58	5512231	332659072.00
2021/04/02	62.59	64.24	61.63	62.60	4363639	272609376.00
2021/04/06	63.50	64.88	61.89	64.53	3240499	206081840.00
2021/04/07	63.81	64.50	62.60	63.88	2432449	154735488.00
2021/04/08	63.04	66.88	63.01	63.38	3843438	249278096.00
2021/04/09	63.23	64.94	62.50	63.80	2845722	181207744.00
2021/04/12	63.50	63.58	61.41	61.63	2445509	152150144.00
2021/04/13	61.63	64.29	61.41	62.48	3619159	227484848.00
2021/04/14	63.50	67.30	61.00	63.07	5653602	363532832.00
2021/04/15	63.50	63.99	61.33	61.73	3237491	200298272.00
2021/04/16	61.78	62.38	59.95	60.29	3284529	199286112.00
2021/04/19	60.58	65.29	60.54	64.73	6103386	388433504.00
2021/04/20	66.00	71.20	65.00	71.20	11971776	828557952.00
2021/04/21	70.47	75.56	70.00	74.98	8768272	637313600.00
2021/04/22	75.00	75.00	71.15	73.87	4921601	359415552.00
2021/04/23	73.00	74.10	72.33	72.58	3407011	249075760.00
2021/04/26	72.60	75.50	72.01	72.56	4419114	325052192.00
2021/04/27	72.19	73.00	71.50	72.00	2812374	202681968.00
2021/04/28	71.70	76.01	71.46	75.45	6290353	467539872.00
2021/04/29	74.00	76.53	71.45	72.75	7969611	587420352.00
2021/04/30	73.28	79.20	73.14	78.68	8642327	671095168.00
2021/05/06	79.74	80.00	75.51	79.88	5331222	419808672.00
2021/05/07	80.00	80.00	74.75	74.80	4907459	376694560.00
2021/05/10	74.70	76.78	70.78	72.09	6646558	487926752.00
2021/05/11	72.50	76.10	72.00	75.20	5111750	380283072.00
2021/05/12	74.67	76.80	73.80	76.05	4191747	315327488.00
2021/05/13	74.93	75.77	74.12	75.05	2624364	196362368.00
2021/05/14	75.05	77.89	74.30	76.95	3752874	284708864.00
2021/05/17	76.95	79.12	76.05	77.72	5315866	413342336.00
2021/05/18	77.96	78.70	76.65	78.14	3229641	250617856.00
2021/05/19	78.15	78.50	75.60	77.16	3488798	268100800.00
2021/05/20	76.59	77.50	76.00	76.50	2559451	196493952.00
2021/05/21	76.68	80.00	75.65	78.98	4282254	333896000.00
2021/05/24	78.70	79.49	76.86	78.88	2387800	186763568.00
2021/05/25	78.70	84.50	78.22	84.18	4012536	333225600.00
2021/05/26	77.92	78.20	75.76	75.76	7554977	574602048.00
2021/05/27	71.95	75.49	69.00	73.99	14205168	1028026688.00
2021/05/28	73.51	73.58	66.59	66.99	19979867	1375494144.00
2021/05/31	67.00	70.20	67.00	69.50	11662020	800452864.00
2021/06/01	69.83	71.65	69.02	69.13	5508282	384017312.00
2021/06/02	68.68	68.68	64.98	65.38	8191339	542268992.00
2021/06/03	65.00	66.10	64.50	64.84	4188600	272793728.00
2021/06/04	64.00	69.75	63.05	69.34	10710712	710797120.00
2021/06/07	69.31	69.93	67.30	67.99	5326661	363783584.00
2021/06/08	68.49	71.98	67.49	70.35	8084070	564227648.00
2021/06/09	69.90	70.43	67.76	68.38	4037267	278550528.00
2021/06/10	68.38	68.59	65.68	68.01	5417349	364001696.00
2021/06/11	67.92	72.50	67.92	72.43	8599596	611300992.00
2021/06/15	71.50	75.28	71.12	74.23	5716014	420737792.00
2021/06/16	74.23	75.50	72.18	73.58	4579815	337501376.00
2021/06/17	73.81	75.48	71.18	71.70	4536052	330922464.00
2021/06/18	73.58	73.58	68.85	70.10	5874086	413936992.00
2021/06/21	70.01	70.90	63.95	67.79	10787744	723789504.00
2021/06/22	67.77	68.19	66.38	67.42	4991400	335172416.00
2021/06/23	67.00	67.99	66.20	66.72	5179227	347112896.00
2021/06/24	66.76	67.18	64.60	65.98	4688298	307906880.00
2021/06/25	66.29	66.90	64.80	66.20	5287380	347277600.00
2021/06/28	67.00	72.82	67.00	72.48	9935073	708566784.00
2021/06/29	72.88	72.88	69.50	71.85	7698659	549323648.00
2021/06/30	72.80	72.96	68.91	69.80	5303980	372199840.00
2021/07/01	67.58	70.60	67.58	69.11	3659448	252729728.00
2021/07/02	68.98	68.98	64.62	66.00	5467200	361483584.00
2021/07/05	64.52	68.85	64.52	67.13	3971494	266661296.00
2021/07/06	66.66	68.00	62.50	63.78	9407908	603538048.00
2021/07/07	62.99	63.66	58.44	59.00	15700858	947676992.00
2021/07/08	61.16	63.18	57.37	58.49	18822754	1130054656.00
2021/07/09	58.09	58.29	54.00	56.03	12690008	706875904.00
2021/07/12	56.10	56.90	54.68	55.66	9835923	548303232.00
2021/07/13	55.68	57.08	55.06	57.06	7033987	393004224.00
2021/07/14	57.50	57.98	54.85	56.35	8919510	498117696.00
2021/07/15	55.52	56.28	53.88	55.00	8756887	479752096.00
2021/07/16	54.45	54.45	52.41	52.42	6545596	348277536.00
2021/07/19	52.19	54.18	51.43	53.30	7932550	418846688.00
2021/07/20	52.20	53.17	51.73	51.80	5431480	283629824.00
2021/07/21	52.17	55.70	51.91	55.00	12056438	654676864.00
2021/07/22	54.20	55.50	52.80	53.12	8532470	455094048.00
2021/07/23	52.79	52.79	48.82	50.09	10344069	521467584.00
2021/07/26	49.51	50.85	48.57	49.90	6057200	300140960.00
2021/07/27	49.90	50.44	46.47	47.00	11420843	544857920.00
2021/07/28	46.90	46.99	44.98	45.40	7229759	330340320.00
2021/07/29	46.00	47.60	45.68	46.16	8653780	402819520.00
2021/07/30	46.00	46.00	43.63	44.93	9425561	418211200.00
2021/08/02	44.30	49.42	44.09	49.42	12117462	577607488.00
2021/08/03	49.17	50.70	47.64	50.37	11262671	556404736.00
2021/08/04	51.30	52.98	50.06	51.47	9594154	492748928.00
2021/08/05	51.44	56.61	50.60	56.47	13283714	729325056.00
2021/08/06	55.05	58.28	54.61	56.50	10576723	597214656.00
2021/08/09	56.44	61.39	55.26	58.90	10406787	614289472.00
2021/08/10	58.12	61.50	57.01	60.68	9912202	592629888.00
2021/08/11	60.70	64.70	60.70	62.31	14373617	908491712.00
2021/08/12	63.75	64.00	59.28	59.86	12303551	748224064.00
2021/08/13	58.75	61.46	57.67	59.57	9393884	559794560.00
2021/08/16	58.99	62.28	58.80	61.69	8814602	538429824.00
2021/08/17	62.00	62.00	58.31	59.03	6363435	381287168.00
2021/08/18	58.85	60.49	57.85	58.60	5545369	325579616.00
2021/08/19	58.60	59.65	57.82	58.97	3355400	196728480.00
2021/08/20	58.14	58.50	55.38	57.96	7426733	424262272.00
2021/08/23	58.78	58.91	56.82	57.06	5843000	336088704.00
2021/08/24	57.92	59.30	55.91	57.50	7409097	424579712.00
2021/08/25	57.50	61.58	57.30	61.23	9110997	549081984.00
2021/08/26	60.44	61.60	59.28	59.73	6221309	373289248.00
2021/08/27	59.26	61.33	58.85	60.12	4854775	291832384.00
2021/08/30	59.67	64.39	59.10	63.77	8480390	532265152.00
2021/08/31	63.00	63.70	57.39	57.39	12440642	743115136.00
2021/09/01	56.11	59.29	51.65	57.50	12171136	668427520.00
2021/09/02	56.15	58.45	55.60	56.99	5887400	334870848.00
2021/09/03	56.62	59.68	55.81	56.63	4742822	272936704.00
2021/09/06	55.84	57.38	55.51	56.59	3906200	220163984.00
2021/09/07	56.07	56.83	54.32	55.55	4729052	262314176.00
2021/09/08	55.50	55.50	53.08	53.10	6294745	340032736.00
2021/09/09	53.35	54.87	51.90	52.50	4219900	224238544.00
2021/09/10	52.59	53.33	51.35	52.51	5555767	289109440.00
2021/09/13	52.48	53.20	51.46	51.84	3547029	184261376.00
2021/09/14	51.79	52.70	50.37	50.72	5009290	255730576.00
2021/09/15	50.40	53.40	50.10	52.86	5627636	292036000.00
2021/09/16	53.00	53.00	50.80	51.50	4382476	227761056.00
2021/09/17	51.51	51.94	49.00	51.35	7702174	387909440.00
2021/09/22	50.49	52.52	49.88	51.70	3837400	197251856.00
2021/09/23	52.20	55.00	51.25	53.98	6030908	323012928.00
2021/09/24	54.00	59.38	54.00	57.90	15376569	893353984.00
2021/09/27	58.86	61.37	58.28	59.87	12104905	718952000.00
2021/09/28	58.32	61.00	57.88	58.31	5584572	329055424.00
2021/09/29	58.00	58.00	55.00	56.00	6149891	345530272.00
2021/09/30	55.80	56.87	54.02	55.47	5728944	317344704.00
2021/10/08	55.58	57.24	55.08	55.85	5670200	317656896.00
2021/10/11	55.79	57.36	53.50	53.70	6371593	352605568.00
2021/10/12	53.52	54.30	51.00	52.00	5084911	266795488.00
2021/10/13	52.42	57.20	51.91	57.20	12696612	707853056.00
2021/10/14	57.80	57.98	54.43	54.88	11893541	666188096.00
2021/10/15	54.95	55.93	53.40	53.53	9052979	491905312.00
2021/10/18	53.44	53.45	49.52	50.80	11925657	606332160.00
2021/10/19	50.94	50.94	48.60	48.70	11084721	546110080.00
2021/10/20	49.00	49.62	48.56	49.39	8905033	437250176.00
2021/10/21	49.28	49.89	48.70	49.40	5376060	265047552.00
2021/10/22	49.89	51.48	48.90	50.55	8080991	406133248.00
2021/10/25	50.70	51.30	49.59	50.50	6490290	325664256.00
2021/10/26	50.09	50.89	49.56	49.85	5867940	293965376.00
2021/10/27	49.00	50.10	48.10	48.71	5970305	291454304.00
2021/10/28	48.18	48.66	46.72	47.00	8401302	398140928.00
2021/10/29	47.49	50.09	47.21	49.89	9930409	490563200.00
2021/11/01	49.89	50.39	46.79	47.77	14767686	715880704.00
2021/11/02	47.68	51.97	47.41	50.98	15579817	781676160.00
2021/11/03	51.88	54.29	50.38	53.32	13184429	695918336.00
2021/11/04	53.29	56.92	52.38	56.29	14384181	796127488.00
2021/11/05	56.49	57.28	54.40	54.93	10368758	573181504.00
2021/11/08	54.50	55.47	53.08	53.56	7520751	405730848.00
2021/11/09	53.48	54.00	52.88	53.68	6118678	326226688.00
2021/11/10	53.68	54.18	52.68	53.85	6626579	354186432.00
2021/11/11	53.87	54.84	52.88	54.63	6294802	339249440.00
2021/11/12	54.63	55.45	52.69	52.90	6947566	370747264.00
2021/11/15	52.90	56.35	52.28	55.30	10034036	549984640.00
2021/11/16	55.40	56.71	54.55	56.05	8686538	483781248.00
2021/11/17	56.05	56.37	53.75	56.00	8045940	443235616.00
2021/11/18	57.00	57.00	54.90	55.50	5803176	321910912.00
2021/11/19	55.62	56.48	54.69	54.99	4555100	251589696.00
2021/11/22	54.80	55.45	54.33	54.80	4315971	236727600.00
2021/11/23	54.87	57.30	53.91	56.15	7826668	433445664.00
2021/11/24	55.90	59.22	55.69	59.07	12740049	746563584.00
2021/11/25	58.77	59.25	57.37	57.64	5948312	345807616.00
2021/11/26	57.50	59.90	56.42	59.05	7255319	422358208.00
2021/11/29	58.03	59.74	58.02	59.18	5171477	305510752.00
2021/11/30	59.64	59.64	57.68	58.47	3250615	190129024.00
2021/12/01	59.60	62.96	59.60	61.96	12702893	784661696.00
2021/12/02	62.90	63.16	60.80	60.90	5361402	329339904.00
2021/12/03	60.99	62.00	60.43	61.70	4140318	253368496.00
2021/12/06	62.33	62.33	59.40	59.70	4890712	294757088.00
2021/12/07	59.70	62.25	59.31	61.00	5380428	327231200.00
2021/12/08	60.55	64.00	60.55	63.13	7371682	461291904.00
2021/12/09	63.00	64.15	62.06	62.89	6181251	391164256.00
2021/12/10	62.90	64.00	62.00	62.46	4230681	265810384.00
2021/12/13	62.46	63.10	61.59	61.59	4039759	250696048.00
2021/12/14	61.59	62.20	60.43	60.72	3869874	235813808.00
2021/12/15	60.60	61.20	59.17	59.37	5016099	300499584.00
2021/12/16	59.38	60.80	59.00	60.60	4115344	246484720.00
2021/12/17	60.60	60.71	59.28	60.00	3651905	217787568.00
2021/12/20	59.50	60.28	57.69	57.90	4859802	284840736.00
2021/12/21	58.00	59.44	57.64	58.47	4075674	238460240.00
2021/12/22	58.82	59.23	57.19	57.29	3472500	201194352.00
2021/12/23	57.29	57.80	56.75	57.16	2815673	161425632.00
2021/12/24	57.82	58.58	56.68	58.05	3421524	197550080.00
2021/12/27	57.98	58.88	56.54	57.27	3147903	181431616.00
2021/12/28	57.27	57.80	55.69	57.40	3500607	198613552.00
2021/12/29	57.44	58.02	55.18	55.85	4694988	263421360.00
2021/12/30	55.85	57.21	55.12	57.20	4204004	236182816.00
2021/12/31	57.01	57.13	54.78	56.00	4705756	262234928.00
2022/01/04	55.75	58.74	55.31	57.88	6911675	396836864.00
2022/01/05	57.99	58.83	56.48	56.59	4360259	251096240.00
2022/01/06	56.59	58.23	56.12	57.70	3802038	218391104.00
2022/01/07	57.50	57.70	53.57	55.00	5952924	329812928.00
2022/01/10	55.15	55.50	52.19	53.79	6885861	367800512.00
2022/01/11	53.06	54.10	51.11	51.18	3777206	197758704.00
2022/01/12	51.40	54.58	51.39	54.47	6016135	321528416.00
2022/01/13	54.34	55.00	53.28	53.50	3507600	189208320.00
2022/01/14	53.26	53.85	52.13	52.38	2225171	117303376.00
2022/01/17	52.66	53.26	51.61	53.09	2225455	116407536.00
2022/01/18	53.65	53.65	52.30	53.05	2382089	125937296.00
2022/01/19	52.32	53.63	52.10	53.17	2751636	146090592.00
2022/01/20	53.49	53.49	51.51	52.32	2506259	131182048.00
2022/01/21	52.00	52.73	51.37	52.40	1531801	80031544.00
2022/01/24	52.00	52.85	49.02	50.00	5073118	254980336.00
2022/01/25	49.78	50.02	46.75	47.50	7969029	380431680.00
2022/01/26	47.47	47.79	42.75	45.68	19289140	845929216.00
2022/01/27	43.86	43.86	41.11	41.12	20347937	844464064.00
2022/01/28	41.28	42.53	40.63	41.45	11031088	460402784.00
2022/02/07	41.99	42.37	39.69	40.75	7381825	298663008.00
2022/02/08	40.25	41.61	39.82	41.25	6644258	272558048.00
2022/02/09	41.33	42.10	39.95	40.47	6201040	252146848.00
2022/02/10	40.46	40.46	38.81	39.72	5941245	235157328.00
2022/02/11	39.30	39.30	37.02	37.30	12979606	490123456.00
2022/02/14	37.24	37.54	36.31	36.75	5892300	217643712.00
2022/02/15	37.10	38.26	36.68	38.24	6511200	244470928.00
2022/02/16	38.38	39.35	37.92	39.02	5834781	226173344.00
2022/02/17	38.94	39.46	38.71	38.94	4286700	167411440.00
2022/02/18	38.65	39.10	38.32	39.02	3140721	122107432.00
2022/02/21	39.01	41.25	38.80	40.83	7720761	312319968.00
2022/02/22	40.78	40.78	39.00	39.34	6102488	241514864.00
2022/02/23	39.34	40.68	39.13	40.36	5208886	209274368.00
2022/02/24	40.04	40.37	38.20	38.92	5842956	229739584.00
2022/02/25	39.12	40.17	39.03	39.26	3483046	137786000.00
2022/02/28	39.25	39.66	38.69	39.38	3459384	135462208.00
2022/03/01	39.60	41.00	39.41	40.49	5072925	204951104.00
2022/03/02	40.14	40.55	39.85	40.40	2684701	108050520.00
2022/03/03	40.79	40.86	38.80	38.95	4686325	184357568.00
2022/03/04	38.78	39.50	38.00	38.77	3938025	152826320.00
2022/03/07	38.60	38.60	36.61	36.88	5284326	195806864.00
2022/03/08	37.19	37.19	34.50	34.50	6576060	232264288.00
2022/03/09	34.36	35.18	32.72	33.97	5194685	176708832.00
2022/03/10	34.90	35.30	34.42	34.65	4072528	141910000.00
2022/03/11	34.05	34.74	33.15	34.66	5722899	194477312.00
2022/03/14	34.63	34.75	33.08	33.08	4442535	150203872.00
2022/03/15	33.18	33.40	31.33	31.33	5432543	176574272.00
2022/03/16	31.87	32.79	30.51	32.48	6383496	203113824.00
2022/03/17	33.20	35.73	32.50	35.73	8236745	287867584.00
2022/03/18	35.89	36.96	34.91	35.48	9142041	326124480.00
2022/03/21	35.59	36.60	35.41	35.78	4641484	166930224.00
2022/03/22	35.54	36.16	35.32	36.04	3600385	129001512.00
2022/03/23	36.05	37.44	36.05	36.63	5020188	184923600.00
2022/03/24	36.30	37.10	35.63	36.53	3999071	145981568.00
2022/03/25	36.80	36.88	35.83	35.86	4010620	145155840.00
2022/03/28	35.50	35.84	34.50	35.40	6993307	246792800.00
2022/03/29	35.88	35.98	34.06	34.46	4419115	153585616.00
2022/03/30	34.79	36.16	34.51	35.80	4891351	173384576.00
2022/03/31	35.60	35.80	34.21	34.32	4329275	150721440.00
2022/04/01	34.08	35.80	33.67	34.93	4403921	153698272.00
2022/04/06	34.92	35.52	34.12	34.56	3738828	129746176.00
2022/04/07	34.34	34.87	33.22	33.51	3993593	134850976.00
2022/04/08	33.54	33.83	32.71	32.82	3169018	104879808.00
2022/04/11	32.39	33.19	31.84	32.22	4777488	154751936.00
2022/04/12	31.92	32.90	31.11	32.90	4725080	151068368.00
2022/04/13	32.75	32.75	31.70	31.89	4129389	132127184.00
2022/04/14	31.94	33.70	31.72	33.63	6430053	212153280.00
2022/04/15	33.30	34.59	32.43	34.00	6698611	225329584.00
2022/04/18	33.63	34.98	33.30	34.22	5476732	188436048.00
2022/04/19	34.80	36.49	34.35	34.70	8490415	298621120.00
2022/04/20	34.09	36.77	33.85	35.66	9570281	340050720.00
2022/04/21	35.66	36.00	34.00	34.17	7026014	245330944.00
2022/04/22	33.78	33.93	32.52	33.01	5628617	185651904.00
2022/04/25	32.25	32.27	29.71	29.71	7848034	240869040.00
2022/04/26	30.01	31.37	28.45	30.27	8616934	259634576.00
2022/04/27	29.55	30.85	28.00	30.39	8927174	263656576.00
2022/04/28	30.17	30.56	29.16	30.06	4979704	148788864.00
2022/04/29	29.60	31.14	29.60	30.88	4867827	148955344.00
2022/05/05	30.73	32.00	30.73	31.70	5475401	172730096.00
2022/05/06	30.12	31.50	30.12	30.96	3554578	110420248.00
2022/05/09	30.88	32.08	30.60	31.99	4500082	142460896.00
2022/05/10	31.39	33.03	31.11	32.54	4615154	149788208.00
2022/05/11	32.54	33.44	32.41	32.63	4856333	159911616.00
2022/05/12	32.49	33.84	31.99	33.77	5568277	185035072.00
2022/05/13	33.60	33.97	33.00	33.08	4047501	134805648.00
2022/05/16	33.13	33.88	33.12	33.59	4032859	135214224.00
2022/05/17	33.80	33.80	33.13	33.60	2558092	85755920.00
2022/05/18	33.60	34.86	33.43	34.14	5226513	178931840.00
2022/05/19	33.75	33.75	32.70	33.03	5011760	166249360.00
2022/05/20	32.85	34.77	32.82	34.66	7207288	247147120.00
2022/05/23	34.64	34.64	33.95	34.10	3619020	123553896.00
2022/05/24	34.10	34.17	33.00	33.00	3938124	131478848.00
2022/05/25	32.80	33.47	32.70	33.03	2524087	83480160.00
2022/05/26	33.03	34.24	32.62	33.42	4615442	154420800.00
2022/05/27	33.61	33.78	32.50	33.15	5260276	174331728.00
2022/05/30	33.07	34.00	32.75	33.62	5216942	175053792.00
2022/05/31	33.92	36.20	33.10	35.80	11349228	400072384.00
2022/06/01	35.71	36.70	35.09	35.33	9703293	347863680.00
2022/06/02	35.25	36.07	34.85	35.82	5308188	188553952.00
2022/06/06	35.86	38.15	35.59	37.84	8593636	319585664.00
2022/06/07	37.91	38.69	37.30	37.70	5748250	217975232.00
2022/06/08	37.70	38.61	37.17	37.84	5817822	219978512.00
2022/06/09	37.84	38.97	36.98	37.00	6575174	248924272.00
2022/06/10	36.89	38.00	36.41	37.79	4441918	167118016.00
2022/06/13	37.35	38.75	37.21	37.52	6722559	254372816.00
2022/06/14	37.85	37.88	36.60	37.68	4186079	156090432.00
2022/06/15	37.53	39.30	37.15	39.30	8928884	343885024.00
2022/06/16	39.00	39.60	38.25	38.41	5926326	229113872.00
2022/06/17	38.70	39.00	37.86	38.74	5214731	200618752.00
2022/06/20	38.84	40.15	38.84	39.89	5372333	212930960.00
2022/06/21	39.50	41.98	39.40	41.76	8919973	366958496.00
2022/06/22	41.35	41.88	40.00	40.38	6003145	245614608.00
2022/06/23	40.40	41.14	39.64	40.63	5639480	227403072.00
2022/06/24	40.63	43.00	40.07	42.92	7927473	334696256.00
2022/06/27	42.93	46.80	42.90	44.97	10246654	457867008.00
2022/06/28	44.97	45.30	44.00	45.10	4120129	183262944.00
2022/06/29	44.98	46.89	44.40	45.48	7485129	344119584.00
2022/06/30	45.30	47.00	45.11	46.80	6469228	299107296.00
2022/07/15	43.00	46.48	42.12	42.12	13277758	568039680.00
2022/07/18	40.86	41.48	38.19	39.25	12350669	481311904.00
2022/07/19	39.00	40.64	38.81	40.13	8009323	318063456.00
2022/07/20	40.00	40.66	39.35	40.50	5713319	229361008.00
2022/07/21	40.71	42.66	40.10	41.45	6248081	260174096.00
2022/07/22	41.50	41.88	40.10	40.43	4144989	168667200.00
2022/07/25	40.34	41.43	40.04	41.07	4038554	165824368.00
2022/07/26	41.26	41.70	40.33	40.60	3165880	129393120.00
2022/07/27	40.08	40.40	39.20	39.57	4983244	197596976.00
2022/07/28	39.60	40.09	39.14	39.58	3332810	132130592.00
2022/07/29	39.20	39.49	37.24	37.70	7993037	303587328.00
2022/08/01	38.00	38.20	36.87	37.32	5298379	196745840.00
2022/08/02	37.30	37.30	36.00	36.90	4821243	176922144.00
2022/08/03	36.60	38.15	36.60	37.10	3812388	142843360.00
2022/08/04	37.33	37.79	36.78	37.40	3835616	142907584.00
2022/08/05	37.69	38.12	37.25	38.10	2858886	107878944.00
2022/08/08	37.97	37.99	36.44	36.82	5590887	206620304.00
2022/08/09	36.77	36.77	35.73	36.08	4554156	164145408.00
2022/08/10	36.11	36.34	35.60	35.79	2828830	101447744.00
2022/08/11	35.79	36.94	35.79	36.58	4896514	178105168.00
2022/08/12	36.65	36.92	36.20	36.68	2875973	105212768.00
2022/08/15	36.43	36.60	34.94	34.97	6779801	239948960.00
2022/08/16	35.00	35.71	34.71	35.35	4779988	168483664.00
2022/08/17	35.26	36.24	35.17	35.98	3838300	137408320.00
2022/08/18	35.00	35.00	33.40	33.79	11628275	393218048.00
2022/08/19	33.66	33.69	33.15	33.50	5602888	186852688.00
2022/08/22	33.12	33.62	32.92	33.52	3685751	123091224.00
2022/08/23	33.36	33.52	32.13	32.98	6673294	217163216.00
2022/08/24	32.65	32.65	31.50	31.57	5532634	176835280.00
2022/08/25	31.65	32.20	31.30	31.82	4266492	135347952.00
2022/08/26	31.82	32.69	31.72	31.81	3631734	116799592.00
2022/08/29	31.30	32.00	31.00	31.23	4274395	134029688.00
2022/08/30	31.20	31.73	31.05	31.65	3074714	96678648.00
2022/08/31	31.48	32.85	31.40	32.20	7551135	244522368.00
2022/09/01	32.30	32.97	31.80	32.12	5285342	171555536.00
2022/09/02	32.13	32.26	30.90	31.10	5104802	159831856.00
2022/09/05	30.80	31.27	30.20	30.52	4376657	133250896.00
2022/09/06	30.52	30.94	30.36	30.90	2587735	79323656.00
2022/09/07	30.76	31.19	30.35	30.70	2531142	77758840.00
2022/09/08	30.71	31.00	30.51	30.80	2293020	70505584.00
2022/09/09	30.79	31.45	30.50	31.41	3973186	124120800.00
2022/09/13	31.68	31.72	31.22	31.40	3555496	111936600.00
2022/09/14	30.62	31.24	30.60	30.96	2628368	81194840.00
2022/09/15	31.18	31.70	30.48	30.79	5185286	161598720.00
2022/09/16	30.65	31.15	29.67	29.98	4146508	125066992.00
2022/09/19	29.76	29.97	29.12	29.38	3029874	89322896.00
2022/09/20	29.58	29.94	29.19	29.65	3220501	95019384.00
2022/09/21	29.52	29.64	28.72	29.48	3479916	101609080.00
2022/09/22	29.22	29.44	28.83	28.85	3017074	87787216.00
2022/09/23	28.70	29.00	27.43	28.25	5650987	158691440.00
2022/09/26	27.80	28.79	27.62	28.29	4064620	115061152.00
2022/09/27	28.33	31.12	28.30	31.00	9628264	290656576.00
2022/09/28	30.76	31.38	30.41	30.46	6514456	201518240.00
2022/09/29	30.72	31.70	30.03	30.19	5712500	176607056.00
2022/09/30	30.22	30.85	29.66	29.68	3222715	96741440.00
2022/10/10	30.78	32.00	30.30	31.10	8246205	255906400.00
2022/10/11	31.15	31.37	29.10	29.93	8015235	240154272.00
2022/10/12	29.68	31.78	29.55	31.60	9445493	290637664.00
2022/10/13	31.29	32.50	31.10	31.48	7929460	251893168.00
2022/10/14	31.45	33.18	31.20	32.82	12638076	410369184.00
2022/10/17	32.50	33.29	32.15	33.16	9289361	305203232.00
2022/10/18	33.29	33.41	32.57	32.72	5413849	178064224.00
2022/10/19	32.35	32.53	30.71	30.92	11177425	348348576.00
2022/10/20	30.74	30.99	30.30	30.38	8243293	251689360.00
2022/10/21	30.37	30.37	29.29	30.08	7116539	212301504.00
2022/10/24	30.02	30.30	29.02	29.22	5735188	169472672.00
2022/10/25	29.12	29.50	28.92	29.18	4439669	129723976.00
2022/10/26	29.03	30.10	29.03	29.55	6708438	199404496.00
2022/10/27	29.45	29.73	29.16	29.17	4252107	124836024.00
2022/10/28	29.09	29.18	27.83	27.96	8365891	239415984.00
2022/10/31	27.30	28.57	26.81	27.84	8191731	225111328.00
2022/11/01	27.86	28.93	27.86	28.90	7150377	203101280.00
2022/11/02	28.76	29.69	28.70	29.33	6857500	200754240.00
2022/11/03	29.10	29.44	28.92	29.33	3698900	107958880.00
2022/11/04	29.28	30.96	29.18	30.62	11549944	349755520.00
2022/11/07	30.52	30.58	29.97	30.23	5905833	178959856.00
2022/11/08	30.27	30.44	29.72	29.94	4989241	149496304.00
2022/11/09	29.85	30.14	29.61	29.64	2672796	79592288.00
2022/11/10	29.51	29.92	29.47	29.71	3665016	108974328.00
2022/11/11	30.17	30.39	29.74	29.88	5232137	157153488.00
2022/11/14	29.88	30.36	29.68	29.85	4399541	131842512.00
2022/11/15	29.88	30.94	29.77	30.82	8861053	271002560.00
2022/11/16	30.92	33.75	30.70	33.11	14741292	480218176.00
2022/11/18	34.00	34.00	31.21	31.86	11338240	364845760.00
2022/11/21	31.31	31.70	30.02	31.18	7254986	223022016.00
2022/11/22	31.21	31.45	29.91	30.14	6122812	186672000.00
2022/11/23	30.14	30.14	28.86	29.05	5074364	148475392.00
2022/11/24	28.49	29.30	27.97	28.00	9726127	276383488.00
2022/11/25	28.10	28.11	26.67	26.92	13903667	377822944.00
2022/11/28	26.40	26.50	25.73	26.50	8771140	228965184.00
2022/11/29	26.51	27.94	26.51	27.66	11618066	316927200.00
2022/11/30	27.49	28.25	27.15	27.31	8210897	226321888.00
2022/12/01	28.00	30.04	28.00	30.04	12176376	358675136.00
2022/12/02	30.33	31.29	30.20	31.09	23026892	711313536.00
2022/12/05	31.31	32.57	31.15	32.28	15828492	507418784.00
2022/12/06	32.00	33.39	31.85	32.30	15739129	511660960.00
2022/12/07	32.35	32.96	31.64	32.42	9565752	309297760.00
2022/12/08	32.30	32.75	31.76	32.20	8898114	285878048.00
2022/12/09	32.50	33.26	31.96	33.05	10424001	341118592.00
2022/12/12	32.55	32.95	31.69	31.77	8320255	266948752.00
2022/12/13	31.80	33.32	31.56	32.73	9914123	324228448.00
2022/12/14	32.63	35.23	32.30	34.82	18134307	620692160.00
2022/12/15	35.10	35.18	33.88	33.99	10083906	347254656.00
2022/12/16	33.72	34.77	33.60	34.35	7673113	262176720.00
2022/12/19	34.05	34.55	32.75	32.93	9053386	301542304.00
2022/12/20	32.96	33.10	31.45	31.48	7114834	227057136.00
2022/12/21	31.53	32.45	31.45	31.76	7628844	244019744.00
2022/12/22	32.05	33.51	31.96	32.61	8517875	279479808.00
2022/12/23	32.50	33.21	31.50	32.49	7542382	244843280.00
2022/12/26	32.52	32.98	31.35	31.67	9516549	305121504.00
2022/12/27	32.11	32.77	31.38	32.54	8257985	266406928.00
2022/12/28	32.17	32.98	31.72	32.33	9766331	316063296.00
2022/12/29	32.09	32.09	31.10	31.31	8101533	254659312.00
2022/12/30	31.31	32.17	30.60	31.84	8631740	270818912.00
2023/01/03	31.59	31.80	30.93	31.18	6317776	197044992.00
2023/01/04	31.00	31.98	30.76	31.25	5596892	175908416.00
2023/01/05	31.28	33.40	31.06	33.09	14276451	462787808.00
2023/01/06	33.00	33.18	32.32	32.87	8073310	264295712.00
2023/01/09	32.87	34.19	32.20	33.92	11856774	397690656.00
2023/01/10	33.92	34.17	33.33	33.51	6050761	203814016.00
2023/01/11	33.55	33.80	32.83	32.95	4981368	166042080.00
2023/01/12	32.96	33.20	32.25	32.66	3792695	123934344.00
2023/01/13	32.66	34.56	32.62	33.96	9485603	320390752.00
2023/01/16	34.01	36.20	34.01	35.18	12098550	429237248.00
2023/01/17	35.50	35.50	34.34	34.43	5588500	194099440.00
2023/01/18	34.63	34.75	33.97	34.05	4081765	139665920.00
2023/01/19	34.00	34.52	33.59	34.39	4419092	151111536.00
2023/01/20	34.17	34.44	33.47	33.74	5732800	193885824.00
2023/01/30	33.74	34.47	33.42	33.90	5768514	196080960.00
2023/01/31	33.90	34.55	33.56	33.56	5020759	170494544.00
2023/02/01	33.40	33.99	32.66	33.98	7012877	233482368.00
2023/02/02	33.95	34.76	33.51	34.63	7458131	256479488.00
2023/02/03	34.50	34.63	33.57	34.23	5205871	177463616.00
2023/02/06	33.79	33.79	32.17	32.38	9308836	306471936.00
2023/02/07	32.39	33.20	32.38	32.85	4455539	146521488.00
2023/02/08	33.00	33.05	32.42	32.56	3059638	100031712.00
2023/02/09	32.54	33.25	32.31	33.10	3798012	125428848.00
2023/02/10	33.02	33.45	32.90	33.25	3914519	130043976.00
2023/02/13	33.13	36.58	33.09	36.58	20255265	721087296.00
2023/02/14	37.50	38.50	37.00	38.23	25201447	953024960.00
2023/02/15	38.26	38.30	37.27	37.38	13105047	493144288.00
2023/02/16	37.53	37.74	36.23	36.65	13144295	485663360.00
2023/02/17	36.64	37.29	36.22	36.33	9706230	357038464.00
2023/02/20	36.40	36.96	35.65	36.95	9712226	354209376.00
2023/02/21	37.04	37.05	36.26	36.73	8875588	324630528.00
2023/02/22	36.58	37.48	36.40	36.94	8277110	306563424.00
2023/02/23	36.94	37.40	35.89	36.23	7554588	275893440.00
2023/02/24	36.04	36.36	35.73	36.09	3986942	143659856.00
2023/02/27	35.55	35.98	34.18	34.70	10788859	374873024.00
2023/02/28	34.99	35.08	34.30	34.86	4845102	167887376.00
2023/03/01	34.76	35.46	34.36	35.39	5806977	203290624.00
2023/03/02	35.40	35.89	35.03	35.79	6880484	244352976.00
2023/03/03	35.85	36.39	34.85	35.32	5582767	197852672.00
2023/03/06	35.33	35.36	34.24	34.45	6751631	233261440.00
2023/03/07	34.47	34.55	33.54	33.65	5750800	195563168.00
2023/03/08	33.28	33.55	32.61	33.27	5866526	193970240.00
2023/03/09	33.20	33.49	32.60	33.47	4726510	156269920.00
2023/03/10	33.17	33.90	32.98	33.30	4024691	134695456.00
2023/03/13	33.20	33.76	32.83	33.31	3819398	126802488.00
2023/03/14	33.44	33.74	32.26	32.26	5891461	193771936.00
2023/03/15	32.23	32.48	30.70	30.74	10237419	322297856.00
2023/03/16	30.70	31.60	30.69	30.96	5887606	183434992.00
2023/03/17	31.25	31.48	30.30	30.41	7309000	224352384.00
2023/03/20	30.41	30.78	29.98	30.12	6113428	184823888.00
2023/03/21	30.19	30.50	29.44	29.66	11322522	339120832.00
2023/03/22	29.70	30.16	29.23	29.99	8536353	253944928.00
2023/03/23	29.51	30.27	29.33	29.80	7643217	227585616.00
2023/03/24	29.67	29.95	29.45	29.60	5842416	173317248.00
2023/03/27	29.50	29.60	28.74	29.03	7364110	213663680.00
2023/03/28	29.17	29.76	28.85	29.25	7147300	209088512.00
2023/03/29	29.25	29.39	28.59	28.76	5646760	162665712.00
2023/03/30	28.75	29.28	28.68	29.25	4931985	143081056.00
2023/03/31	29.34	29.59	29.11	29.20	5380330	158038384.00
2023/04/03	29.21	29.80	29.20	29.57	6338334	187279280.00
2023/04/04	29.63	29.85	28.79	29.11	7308608	214105824.00
2023/04/06	29.11	29.36	28.71	29.16	4305207	124697696.00
2023/04/07	29.17	30.06	28.88	29.66	7069195	209726016.00
2023/04/10	29.60	29.60	28.91	29.14	5504662	160553600.00
2023/04/11	29.15	29.28	27.76	28.29	9913487	280927072.00
2023/04/12	28.50	28.59	27.76	27.91	6090611	170760304.00
2023/04/13	27.80	28.09	27.58	28.06	4942054	137753520.00
2023/04/14	28.09	28.30	27.60	27.69	5426205	151373520.00
2023/04/17	27.55	28.07	27.50	27.89	3734307	103962064.00
2023/04/18	27.86	28.50	27.51	28.20	6108514	171729632.00
2023/04/19	28.28	28.28	27.40	27.56	5861951	161845344.00
2023/04/20	27.48	27.53	26.88	27.00	5288145	143320304.00
2023/04/21	27.00	27.29	26.75	26.78	4423485	119162016.00
2023/04/24	26.77	26.77	26.10	26.24	4937911	129773456.00
2023/04/25	26.10	26.53	25.60	26.08	5174824	134359408.00
2023/04/26	25.08	25.34	23.47	25.24	13548496	329819904.00
2023/04/27	25.00	26.50	24.92	26.11	7822478	201960048.00
2023/04/28	26.13	26.60	25.95	26.22	3975459	104332432.00
2023/05/04	26.00	26.71	25.97	26.21	3309070	86852096.00
2023/05/05	26.54	26.57	25.98	26.23	3313500	86805920.00
2023/05/08	26.32	26.50	26.07	26.12	3052549	79984672.00
2023/05/09	26.12	26.18	25.44	25.47	4156947	107088512.00
2023/05/10	25.44	25.75	25.20	25.31	3405075	86625432.00
2023/05/11	25.49	25.52	25.11	25.24	2689710	67929488.00
2023/05/12	25.24	25.38	24.59	24.59	3874936	96427776.00
2023/05/15	24.45	24.81	24.14	24.81	3691764	90192312.00
2023/05/16	24.80	24.81	23.81	23.97	5824324	140250912.00
2023/05/17	23.88	24.41	23.78	24.03	3424045	82525080.00
2023/05/18	24.04	24.24	23.34	23.57	5029741	118990384.00
2023/05/19	23.57	24.03	23.16	23.96	4446629	105389392.00
2023/05/22	23.91	24.62	23.62	24.53	5246156	127634208.00
2023/05/23	24.51	24.65	24.20	24.20	3281168	80000480.00
2023/05/24	24.17	24.35	23.86	24.12	2661319	64134716.00
2023/05/25	24.02	24.02	23.58	23.74	3177311	75513440.00
2023/05/26	23.79	23.82	23.29	23.69	2594428	61121156.00
2023/05/29	23.75	23.88	22.95	23.09	3911959	90834672.00
2023/05/30	23.08	23.08	22.41	22.84	4374003	99255200.00
2023/05/31	22.80	23.00	22.12	22.32	4627531	103685160.00
2023/06/01	22.49	23.39	22.30	22.93	5657644	129523408.00
2023/06/02	22.91	23.55	22.63	23.34	5153945	119398904.00
2023/06/05	23.32	23.38	22.95	23.03	2946683	68024040.00
2023/06/06	22.98	23.09	22.39	22.41	3683201	83485184.00
2023/06/07	22.48	22.73	21.90	21.97	4249700	94140808.00
2023/06/08	22.02	22.20	21.60	21.65	4095373	89258016.00
2023/06/09	21.54	21.94	21.42	21.76	4712341	101906688.00
2023/06/12	21.67	23.05	21.57	22.72	6481140	145111968.00
2023/06/13	22.69	22.97	22.50	22.71	3516202	79888896.00
2023/06/14	22.71	23.45	22.55	23.22	5907824	136921104.00
2023/06/15	23.23	23.54	23.09	23.47	4225722	98630592.00
2023/06/16	23.40	23.59	23.15	23.36	3918765	91380240.00
2023/06/19	23.36	23.82	22.95	23.02	3998096	92936808.00
2023/06/20	23.04	23.20	22.85	22.95	2803416	64429688.00
2023/06/21	22.80	22.99	22.40	22.42	3126599	70653656.00
2023/06/26	22.37	22.37	21.85	21.91	3248732	71536936.00
2023/06/27	21.90	22.56	21.77	22.51	3224404	72037184.00
2023/06/28	22.40	22.59	22.06	22.27	2678309	59701848.00
2023/06/29	22.20	22.22	21.91	21.93	2540820	55905852.00
2023/06/30	22.11	22.55	21.90	22.28	3124337	69730000.00
2023/07/03	22.18	22.84	22.18	22.70	4119003	93349104.00
2023/07/04	22.52	22.81	22.30	22.74	3716860	83820488.00
2023/07/05	22.73	22.76	22.35	22.48	3001140	67529560.00
2023/07/06	22.33	22.59	22.11	22.18	2794500	62346136.00
2023/07/07	22.21	22.27	21.93	21.95	2066879	45523136.00
2023/07/10	21.95	22.43	21.93	22.14	4168300	92250912.00
2023/07/11	22.23	22.50	21.49	21.98	7584253	165886208.00
2023/07/12	21.99	22.03	21.45	21.47	4678400	101328992.00
2023/07/13	21.48	22.42	21.44	22.21	7661559	168910896.00
2023/07/14	22.20	22.20	21.46	21.52	7482308	162421248.00
2023/07/17	20.61	20.80	19.83	20.46	9457281	191396288.00
2023/07/18	20.67	20.68	20.15	20.30	3931617	79849280.00
2023/07/19	20.31	20.52	20.13	20.27	3065200	62210712.00
2023/07/20	20.26	20.55	20.16	20.20	3564428	72471920.00
2023/07/21	20.17	21.45	20.06	21.19	10890082	228880016.00
2023/07/24	21.05	21.08	20.65	20.70	4512118	93980880.00
2023/07/25	21.09	21.80	21.00	21.61	8516992	182991024.00
2023/07/26	21.59	21.80	21.30	21.75	5958205	128478400.00
2023/07/27	21.75	22.00	21.55	21.71	4737828	103105552.00
2023/07/28	21.60	22.30	21.52	22.24	6836581	150168752.00
2023/07/31	22.44	22.96	22.44	22.70	7859163	178556912.00
2023/08/01	22.68	22.95	22.36	22.50	4971600	112434504.00
2023/08/02	22.39	22.63	22.29	22.38	3046568	68310736.00
2023/08/03	22.34	22.95	22.23	22.84	5498861	124829352.00
2023/08/04	22.84	23.00	22.31	22.37	5863455	132191848.00
2023/08/07	22.29	22.42	22.06	22.21	3200970	71043672.00
2023/08/08	22.11	22.40	21.84	22.38	3925501	86954824.00
2023/08/09	22.20	22.73	22.11	22.36	3521251	79044728.00
2023/08/10	22.37	22.40	21.91	22.27	2981735	66015340.00
2023/08/11	22.32	22.38	21.81	21.83	3409500	75053024.00
2023/08/14	21.65	21.73	21.23	21.52	3632826	77946768.00
2023/08/15	21.62	21.62	20.86	21.09	3752677	78984464.00
2023/08/16	21.03	21.32	20.82	20.88	2353677	49503128.00
2023/08/17	20.78	21.29	20.51	21.25	3517577	73814736.00
2023/08/18	21.20	21.42	20.57	20.59	3741698	77887816.00
2023/08/21	20.58	21.39	20.50	20.90	6585800	138243600.00
2023/08/22	20.92	21.12	19.91	20.31	6817600	137970672.00
2023/08/23	20.30	20.30	19.64	19.68	3184083	63511688.00
2023/08/24	19.69	20.00	19.48	19.70	3268735	64537088.00
2023/08/25	19.51	19.69	18.81	18.90	4931900	94176024.00
2023/08/28	19.87	19.98	18.48	18.55	5649118	108106040.00
2023/08/29	18.37	18.87	18.05	18.87	5900014	110332136.00
2023/08/30	18.85	19.18	18.72	18.76	3509769	66392532.00
2023/08/31	18.70	18.74	18.33	18.38	3657596	67603480.00
2023/09/01	18.48	19.28	18.47	19.20	8480100	161159744.00
2023/09/04	19.45	19.91	19.34	19.72	8800634	172469200.00
2023/09/05	19.65	19.68	19.28	19.47	5439672	105664136.00
2023/09/06	19.39	19.50	19.16	19.46	3590552	69397944.00
2023/09/07	19.28	19.40	18.95	18.97	3687900	70434616.00
2023/09/08	19.00	19.27	18.83	19.10	3243831	61817316.00
2023/09/11	19.02	19.37	18.89	19.22	2911551	55813736.00
2023/09/12	19.16	19.45	19.05	19.28	2910951	56177268.00
2023/09/13	19.20	19.34	18.97	19.08	3016426	57574152.00
2023/09/14	19.10	19.14	18.67	18.75	2782272	52334052.00
2023/09/15	18.80	18.94	18.56	18.85	2619800	49181456.00
2023/09/18	18.70	19.24	18.58	19.12	3388200	64521964.00
2023/09/19	19.08	19.08	18.38	18.46	5262600	97907504.00
2023/09/20	18.38	18.43	17.93	17.95	6414333	115983520.00
2023/09/21	17.91	18.00	17.56	17.57	4561778	80799312.00
2023/09/22	17.53	17.85	17.45	17.84	4593997	81298608.00
2023/09/25	17.82	17.82	17.21	17.25	6323635	110057024.00
2023/09/26	17.30	17.41	17.09	17.11	4545453	78237616.00
2023/09/27	17.08	17.82	17.01	17.63	6730424	118184912.00
2023/09/28	17.63	17.80	17.38	17.41	4069719	71269280.00
2023/10/09	17.41	17.45	16.99	17.09	4963600	85240992.00
2023/10/10	17.15	17.33	16.98	17.05	3497700	59777676.00
2023/10/11	17.09	17.52	17.05	17.31	4648948	80603328.00
2023/10/12	17.40	17.73	17.28	17.70	5141031	90170896.00
2023/10/13	17.54	17.57	17.28	17.51	4452587	77596440.00
2023/10/16	17.54	17.54	16.99	17.06	3954020	67772024.00
2023/10/17	17.09	17.25	16.95	17.11	3001920	51268544.00
2023/10/18	17.11	17.14	16.73	16.76	3041200	51259500.00
2023/10/19	16.75	17.04	16.67	16.74	3621714	60862376.00
2023/10/20	16.70	16.94	16.65	16.70	2969500	49828004.00
2023/10/23	16.58	16.67	16.07	16.18	4709659	76735696.00
2023/10/24	16.19	16.55	16.17	16.52	4809340	79008328.00
2023/10/25	16.68	17.01	16.63	16.81	3839660	64757552.00
2023/10/26	16.70	16.80	16.31	16.50	3415219	56332364.00
2023/10/27	16.50	17.24	16.34	17.17	6029559	102212520.00
2023/10/30	16.85	17.30	16.85	17.17	5534569	94737056.00
2023/10/31	17.15	17.37	17.09	17.23	3809420	65516752.00
2023/11/01	17.42	17.51	16.94	17.27	4899801	84413264.00
2023/11/02	17.18	17.29	17.00	17.06	3481353	59558552.00
2023/11/03	17.07	17.91	17.06	17.76	7537554	132521904.00
2023/11/06	17.70	17.89	17.55	17.76	5668300	100412952.00
2023/11/07	17.76	17.76	17.38	17.56	4404200	77113688.00
2023/11/08	17.51	17.76	17.41	17.58	3264301	57302576.00
2023/11/09	17.61	17.66	17.45	17.46	2766980	48496544.00
2023/11/10	17.33	17.50	17.17	17.31	2610004	45113224.00
2023/11/13	17.31	17.57	17.31	17.45	2861799	49959168.00
2023/11/14	17.49	17.90	17.43	17.62	4310338	76276320.00
2023/11/15	17.75	18.09	17.71	17.76	4479100	80023904.00
2023/11/16	17.72	17.84	17.49	17.52	2214200	38919524.00
2023/11/17	17.47	17.56	17.34	17.50	1940941	33866192.00
2023/11/20	17.50	17.83	17.37	17.82	3192702	56348964.00
2023/11/21	17.83	18.40	17.83	18.16	6203580	112548232.00
2023/11/22	18.13	18.13	17.50	17.55	6139080	109169512.00
2023/11/23	17.60	17.71	17.36	17.63	4007600	70101040.00
2023/11/24	17.60	17.62	17.39	17.53	2460180	43041428.00
2023/11/27	17.40	17.51	17.17	17.31	2836999	49033032.00
2023/11/28	17.32	17.62	17.13	17.52	2298730	40091968.00
2023/11/29	17.45	17.52	17.14	17.15	2779047	47871752.00
2023/11/30	17.10	17.44	17.00	17.32	2933530	50587500.00
2023/12/01	17.32	17.50	17.02	17.18	3143729	54210640.00
2023/12/04	17.15	17.18	16.76	16.86	3640266	61524728.00
2023/12/05	16.80	17.60	16.80	17.16	7184775	124088008.00
2023/12/06	17.07	17.38	16.89	17.18	5341502	91539312.00
2023/12/07	17.18	17.25	16.53	17.00	4879931	81983784.00
2023/12/08	16.99	17.06	16.66	16.66	3089194	51925208.00
2023/12/11	16.66	16.67	16.25	16.65	4232554	69677224.00
2023/12/12	16.65	16.74	16.52	16.70	1846133	30790408.00
2023/12/13	16.64	16.70	15.95	15.97	6036297	97601744.00
2023/12/14	16.00	16.18	15.70	15.70	3482152	55360440.00
2023/12/15	15.75	16.18	15.72	15.85	4299655	68592032.00
2023/12/18	15.77	15.90	15.43	15.51	3953524	61593836.00
2023/12/19	15.46	15.57	15.25	15.36	2809900	43195808.00
2023/12/20	15.40	15.44	15.01	15.02	3574457	54327608.00
2023/12/21	15.04	15.33	14.90	15.18	4120484	62330716.00
2023/12/22	15.23	15.29	14.98	15.11	3747058	56664052.00
2023/12/25	15.11	15.17	14.96	15.12	2312916	34809648.00
2023/12/26	15.10	15.20	14.80	14.81	2386622	35578432.00
2023/12/27	14.81	15.09	14.73	15.08	2762371	41218088.00
2023/12/28	14.96	15.96	14.96	15.82	5694888	88636592.00
2023/12/29	15.74	16.24	15.68	16.07	5622959	90323128.00
2024/01/02	16.07	16.16	15.82	15.84	2768800	44060584.00
2024/01/03	15.76	15.93	15.61	15.78	2119497	33362504.00
2024/01/04	15.80	15.87	15.44	15.55	3255628	50702668.00
2024/01/05	15.50	15.75	15.21	15.27	2694116	41655756.00
2024/01/08	15.23	15.26	14.70	14.71	3613900	53957656.00
2024/01/09	14.78	14.99	14.56	14.83	3010857	44476088.00
2024/01/10	14.78	15.26	14.51	15.15	4094340	61474104.00
2024/01/11	15.13	15.61	15.06	15.44	3833364	58865816.00
2024/01/12	15.39	15.73	15.30	15.41	3810501	59341648.00
2024/01/15	15.46	15.47	15.10	15.23	2941201	44938952.00
2024/01/16	15.17	16.75	15.13	16.75	16522145	267158912.00
2024/01/17	17.20	17.20	16.07	16.08	19320046	319048288.00
2024/01/18	16.00	16.30	15.72	16.16	12231955	194940176.00
2024/01/19	16.08	16.50	15.88	15.96	11990818	193908512.00
2024/01/22	15.90	15.90	14.37	14.40	13391481	200726496.00
2024/01/23	14.18	14.62	13.71	14.54	8753738	124718640.00
2024/01/24	14.66	15.50	14.66	15.22	9946664	149977008.00
2024/01/25	15.22	15.83	15.00	15.68	8318532	128193368.00
2024/01/26	15.47	15.81	15.35	15.46	4803000	74807248.00
2024/01/29	15.33	15.66	15.01	15.01	3891782	59353752.00
2024/01/30	14.80	14.88	14.21	14.25	4669000	67939200.00
2024/01/31	14.23	14.80	14.16	14.16	6182477	89065784.00
2024/02/01	14.00	14.11	13.30	13.45	6875247	93548688.00
2024/02/02	13.44	13.99	12.37	12.88	7912327	104353952.00
2024/02/05	12.73	12.80	11.59	11.69	8786186	105027208.00
2024/02/06	11.62	12.60	11.00	12.43	8594662	101768360.00
2024/02/07	12.41	13.00	12.30	12.83	8035781	102520376.00
2024/02/08	12.83	13.50	12.80	13.27	7961844	105539592.00
2024/02/19	13.35	13.65	13.16	13.31	6114993	81947040.00
2024/02/20	13.25	13.43	13.14	13.35	3810453	50685960.00
2024/02/21	13.29	14.15	13.18	13.72	6003225	82478536.00
2024/02/22	13.74	13.80	13.47	13.77	4964550	67861264.00
2024/02/23	13.82	13.92	13.61	13.88	4952389	68163448.00
2024/02/26	13.88	14.30	13.77	13.99	5591597	78337800.00
2024/02/27	13.91	14.37	13.87	14.36	4118205	58277364.00
2024/02/28	14.40	14.87	13.63	13.67	7939100	113213424.00
2024/02/29	13.63	14.03	13.57	14.01	4563300	63206360.00
2024/03/01	14.15	14.16	13.82	13.94	4168200	58040968.00
2024/03/04	13.94	14.00	13.56	13.70	5019614	68795488.00
2024/03/05	13.70	13.70	13.15	13.30	7287957	97507784.00
2024/03/06	13.22	13.41	12.91	13.17	6749800	88493080.00
2024/03/07	13.20	13.28	12.84	12.84	4948944	64663988.00
2024/03/08	12.83	12.95	12.57	12.71	4849751	61693072.00
2024/03/11	12.75	13.39	12.73	13.39	7514793	98456176.00
2024/03/12	13.40	14.18	13.34	14.16	11204245	154741024.00
2024/03/13	14.12	14.12	13.87	14.02	6178961	86306616.00
2024/03/14	13.97	14.18	13.65	13.81	4855324	67478840.00
2024/03/15	13.70	14.00	13.70	14.00	3727950	51651712.00
2024/03/18	14.00	14.10	13.81	14.09	4786542	66774240.00
2024/03/19	14.06	14.50	13.96	14.13	6516374	92755696.00
2024/03/20	14.10	14.25	14.02	14.25	3706242	52370836.00
2024/03/21	14.27	14.38	14.08	14.22	3811232	54232248.00
2024/03/22	14.20	14.26	13.74	13.79	5209956	72474040.00
2024/03/25	13.72	13.72	13.25	13.25	4538530	61198832.00
2024/03/26	13.25	13.77	13.25	13.74	7408737	100440624.00
2024/03/27	13.92	14.25	13.54	13.63	8533786	118769216.00
2024/03/28	13.43	13.58	13.18	13.35	6944617	92851360.00
2024/03/29	13.29	13.39	13.02	13.36	4383410	57987984.00
2024/04/01	13.48	13.90	13.44	13.86	5531072	75988360.00
2024/04/02	13.80	13.97	13.55	13.83	4155279	57219216.00
2024/04/03	13.79	13.97	13.66	13.93	3861100	53441152.00
2024/04/08	13.93	13.94	13.45	13.52	4627005	63029096.00
2024/04/09	13.52	13.97	13.38	13.96	4524408	62176032.00
2024/04/10	13.99	13.99	13.42	13.55	3943642	53841824.00
2024/04/11	13.52	13.58	13.27	13.30	3574498	47875676.00
2024/04/12	13.16	13.31	12.83	12.86	4074228	52937880.00
2024/04/15	12.65	12.99	12.21	12.41	5858677	73475240.00
2024/04/16	12.31	12.37	11.79	11.79	5610026	67163896.00
2024/04/17	11.88	12.25	11.88	12.21	4641683	56261480.00
2024/04/18	12.13	12.50	11.94	12.29	4459839	54792048.00
2024/04/19	12.15	12.30	11.85	11.95	4199839	50398768.00
2024/04/22	12.01	12.29	11.83	12.18	4336700	52656708.00
2024/04/23	12.19	12.60	12.15	12.47	4367270	54145960.00
2024/04/24	12.45	12.57	12.26	12.53	2970259	36863352.00
2024/04/25	12.36	12.66	12.36	12.39	2747502	34322048.00
2024/04/26	12.31	12.67	12.25	12.66	3807200	47581268.00
2024/04/29	13.05	13.93	13.02	13.93	6313736	86332224.00
2024/04/30	13.91	14.04	13.67	13.75	9620502	132618144.00
2024/05/06	13.89	14.53	13.89	14.38	9590800	137126928.00
2024/05/07	14.44	14.53	14.25	14.49	6758513	97509392.00
2024/05/08	14.50	14.63	14.28	14.30	4287383	61786932.00
2024/05/09	14.31	14.63	14.28	14.45	4520901	65514952.00
2024/05/10	14.55	14.83	14.34	14.39	4893599	70939160.00
2024/05/13	14.30	14.44	13.99	14.31	4966000	70626416.00
2024/05/14	14.40	15.05	14.32	14.98	8660981	128273712.00
2024/05/15	15.00	15.18	14.73	14.92	7045241	105113368.00
2024/05/16	15.00	15.32	14.76	15.21	8343300	126240456.00
2024/05/17	15.25	15.55	14.90	15.30	7229885	109521920.00
2024/05/20	15.29	15.65	15.20	15.42	6453900	99531672.00
2024/05/21	15.32	15.50	15.18	15.26	5115871	78405280.00
2024/05/22	15.20	15.30	15.07	15.24	3965800	60240936.00
2024/05/23	15.25	15.32	14.78	14.83	4722302	70757264.00
2024/05/24	14.83	15.02	14.72	14.79	3589401	53380200.00
2024/05/27	14.77	14.87	14.52	14.82	3532529	51760816.00
2024/05/28	14.70	14.99	14.44	14.47	3704254	54171468.00
2024/05/29	14.54	14.74	14.44	14.51	2666300	38865648.00
2024/05/30	14.40	14.60	14.32	14.50	3156801	45650624.00
2024/05/31	14.69	14.69	14.39	14.41	2847514	41242944.00
2024/06/03	14.39	14.50	14.08	14.26	3054637	43554824.00
2024/06/04	14.27	14.31	14.05	14.30	2584716	36671872.00
2024/06/05	14.22	14.42	14.06	14.06	2904440	41250720.00
2024/06/06	14.00	14.16	13.16	13.37	7914200	106837952.00
2024/06/07	13.43	13.64	13.34	13.50	3930123	53010164.00
2024/06/11	13.44	13.60	13.26	13.57	3380411	45429500.00
2024/06/12	13.50	13.92	13.49	13.76	3275300	45082308.00
2024/06/13	14.31	14.47	13.24	13.31	9341567	126063288.00
2024/06/14	13.43	13.77	13.16	13.65	6131800	82461088.00
2024/06/17	13.46	13.81	13.30	13.47	5246269	70913872.00
2024/06/18	13.52	13.66	13.47	13.54	3573900	48486448.00
2024/06/19	13.60	13.79	13.54	13.64	4363501	59652968.00
2024/06/20	13.60	13.64	13.15	13.16	3720400	49625188.00
2024/06/21	13.16	13.29	13.07	13.14	2387253	31426128.00
2024/06/24	13.14	13.14	12.73	12.78	3376066	43454860.00
2024/06/25	12.80	13.08	12.62	12.71	2992218	38277316.00
2024/06/26	12.75	13.11	12.61	13.10	3225400	41482096.00
2024/06/27	13.05	13.13	12.49	12.54	4492900	57118300.00
2024/06/28	12.54	12.74	12.45	12.47	3836600	48431872.00
2024/07/01	12.50	12.67	12.29	12.62	3198400	39957088.00
2024/07/02	12.65	12.78	12.55	12.62	2884100	36537868.00
2024/07/03	12.62	12.91	12.50	12.81	2986100	38096840.00
2024/07/04	12.75	12.99	12.30	12.39	3845200	48086996.00
2024/07/05	12.32	12.45	12.14	12.39	3240300	39897248.00
2024/07/08	12.33	12.37	11.90	11.96	3200900	38564900.00
2024/07/09	11.95	12.43	11.84	12.35	4799800	58159324.00
2024/07/10	12.60	13.03	12.36	12.85	6946046	88849968.00
2024/07/11	12.98	13.42	12.97	13.24	6155641	81437744.00
2024/07/12	13.27	13.56	13.21	13.46	5549700	74533296.00
2024/07/15	13.50	13.57	13.30	13.32	3178084	42591272.00
2024/07/16	13.34	13.53	13.17	13.50	3373900	45250032.00
2024/07/17	13.50	13.82	13.40	13.78	4441382	60845752.00
2024/07/18	13.69	13.85	13.59	13.72	3419100	46790920.00
2024/07/19	13.79	13.85	13.57	13.83	3499325	48114504.00
2024/07/22	13.72	13.79	13.48	13.56	3372100	45777944.00
2024/07/23	13.50	13.60	13.08	13.10	3382600	45099544.00
2024/07/24	13.11	13.13	12.81	12.86	2969200	38423420.00
2024/07/25	12.86	13.17	12.78	12.95	2674500	34743112.00
2024/07/26	12.96	13.27	12.86	12.91	3230680	42045424.00
2024/07/29	12.85	12.92	12.74	12.77	2500535	32059504.00
2024/07/30	12.70	12.96	12.64	12.85	2053700	26329120.00
2024/07/31	12.85	13.60	12.85	13.55	4677300	62310196.00
2024/08/01	13.55	13.75	13.47	13.57	3591100	48812588.00
2024/08/02	13.48	13.85	13.45	13.59	4333900	59338712.00
2024/08/05	13.50	14.05	13.40	13.62	6537800	90430792.00
2024/08/06	13.74	14.24	13.74	14.13	6846100	96269232.00
2024/08/07	14.07	14.09	13.76	13.93	5307500	73748464.00
2024/08/08	13.89	14.26	13.84	14.18	4453745	62697728.00
2024/08/09	14.20	14.33	14.02	14.05	3732000	52758148.00
2024/08/12	13.99	14.23	13.89	14.08	3227001	45380592.00
2024/08/13	14.08	14.13	13.78	14.07	2382301	33230716.00
2024/08/14	14.04	14.04	13.70	13.82	2225803	30729014.00
2024/08/15	13.80	14.09	13.69	13.77	2820703	39136408.00
2024/08/16	13.65	13.80	13.49	13.51	2345500	31901928.00
2024/08/19	13.37	13.59	13.35	13.48	2187700	29536416.00
2024/08/20	13.45	13.54	13.13	13.19	2255400	29923116.00
2024/08/21	13.13	13.26	13.04	13.08	2028700	26649124.00
2024/08/22	13.52	13.70	12.77	12.88	6817501	88871712.00
2024/08/23	12.85	12.93	12.53	12.59	4591200	58270488.00
2024/08/26	12.00	12.32	11.80	12.02	9902980	119230560.00
2024/08/27	12.02	12.03	11.65	11.91	5730285	67773696.00
2024/08/28	11.88	12.11	11.73	11.87	4102500	48954772.00
2024/08/29	11.79	12.31	11.79	12.25	5097423	61475628.00
2024/08/30	12.25	12.85	12.12	12.53	5245655	65811920.00
2024/09/02	12.56	12.56	12.01	12.01	5199253	63482640.00
2024/09/03	12.02	12.40	11.95	12.36	4091844	50202244.00
2024/09/04	12.30	12.51	12.25	12.45	3207520	39802788.00
2024/09/05	12.39	12.62	12.37	12.47	3088155	38646968.00
2024/09/06	12.40	12.52	12.22	12.22	2479894	30634816.00
2024/09/09	12.19	12.30	12.09	12.17	2188855	26670136.00
2024/09/10	12.20	12.29	11.95	12.20	2158300	26133516.00
2024/09/11	12.07	12.35	12.03	12.27	2103814	25727202.00
2024/09/12	12.29	12.45	12.04	12.05	2267100	27638622.00
2024/09/13	12.09	12.15	11.90	11.90	1919100	22981818.00
2024/09/18	11.87	11.90	11.63	11.78	2338465	27406336.00
2024/09/19	11.85	12.49	11.85	12.38	4284000	52474824.00
2024/09/20	12.30	12.52	12.18	12.44	3266081	40363488.00
2024/09/23	12.46	12.93	12.33	12.67	4705772	59572280.00
2024/09/24	12.77	13.26	12.70	13.24	6325892	82404336.00
2024/09/25	13.31	13.52	13.16	13.19	5928940	79046592.00
2024/09/26	13.18	14.30	13.15	14.29	8754811	120987440.00
2024/09/27	15.18	15.30	14.75	15.18	9690722	145877632.00
2024/09/30	16.27	16.70	15.93	16.70	18134340	299188480.00
2024/10/08	18.37	18.37	16.82	17.70	21241892	377710624.00
2024/10/09	17.00	17.00	15.94	16.08	14293283	236021920.00
2024/10/10	16.07	16.66	15.80	16.25	8796057	143796896.00
2024/10/11	16.21	16.50	15.40	15.69	8086722	128088296.00
2024/10/14	15.64	15.96	15.17	15.90	7000746	109370856.00
2024/10/15	15.83	15.87	15.33	15.34	5855821	91393624.00
2024/10/16	15.20	15.49	15.02	15.31	4675500	71402080.00
2024/10/17	15.31	15.59	15.00	15.00	4796500	73159792.00
2024/10/18	14.87	15.78	14.87	15.55	7841378	119934352.00
2024/10/21	15.55	16.27	15.49	16.00	9970752	158804688.00
2024/10/22	16.00	16.13	15.81	16.05	5284000	84451112.00
2024/10/23	16.06	16.15	15.88	15.96	4679535	74824960.00
2024/10/24	15.80	16.00	15.76	15.81	3252409	51556984.00
2024/10/25	15.79	16.19	15.79	16.04	4681920	74956832.00
2024/10/28	16.10	16.43	16.02	16.39	5507060	89731264.00
2024/10/29	16.80	17.40	16.08	16.18	12167644	203177328.00
2024/10/30	16.06	16.36	15.91	16.15	6765291	109325248.00
2024/10/31	16.01	16.58	15.88	16.22	7075406	115261600.00
2024/11/01	16.26	16.44	15.99	16.16	6131401	99434048.00
2024/11/04	16.13	16.60	15.94	16.59	8432372	137101088.00
2024/11/05	16.58	17.11	16.35	16.97	9059402	153038448.00
2024/11/06	16.86	17.07	16.71	16.90	6849473	115952192.00
2024/11/07	16.92	18.38	16.92	18.26	19514768	348456128.00
2024/11/08	18.61	19.00	17.98	18.77	22575958	419573696.00
2024/11/11	18.33	19.29	18.20	18.61	18308672	341605056.00
2024/11/12	18.70	19.08	18.52	18.77	10901700	204960624.00
2024/11/13	18.80	19.15	18.22	19.08	11598000	216802544.00
2024/11/14	19.00	19.18	18.27	18.30	9202202	172157216.00
2024/11/15	18.35	18.60	18.10	18.12	7373804	134880368.00
2024/11/18	18.68	18.70	17.72	17.85	8916478	162217808.00
2024/11/19	17.85	18.17	17.64	18.14	5861256	104958040.00
2024/11/20	18.14	18.21	17.83	18.14	4839896	87254920.00
2024/11/21	18.13	18.22	17.88	18.06	3639097	65613384.00
2024/11/22	17.98	18.05	17.49	17.54	6308900	112166520.00
2024/11/25	17.54	17.74	17.34	17.70	4700157	82597752.00
2024/11/26	17.67	18.10	17.64	17.76	4235038	75509664.00
2024/11/27	17.76	18.28	17.55	18.28	7468539	134271664.00
2024/11/28	18.28	18.55	18.10	18.34	5058001	92878960.00
2024/11/29	18.38	18.90	18.38	18.68	7485900	139699072.00
2024/12/02	18.75	19.15	18.68	18.81	7496601	141792000.00
2024/12/03	18.90	19.52	18.56	19.28	10873650	206272624.00
2024/12/04	19.15	19.50	18.53	18.60	11172443	213593216.00
2024/12/05	18.53	19.17	18.00	19.05	11728618	218352976.00
2024/12/06	19.02	19.48	18.60	18.70	7632900	144553712.00
2024/12/09	18.69	18.79	18.33	18.50	5955300	110308080.00
2024/12/10	19.15	19.60	18.52	18.60	10291939	196196848.00
2024/12/11	18.82	20.20	18.64	20.03	21404030	419298656.00
2024/12/12	20.11	21.28	19.85	21.08	26351456	539599616.00
2024/12/13	21.01	21.67	20.25	21.18	21346992	447876256.00
2024/12/16	21.18	21.39	20.50	20.68	14553760	304253568.00
2024/12/17	20.65	20.65	19.68	19.85	10786401	215124272.00
2024/12/18	19.89	20.14	19.34	20.00	8772218	173325280.00
2024/12/19	19.81	19.95	18.82	18.92	9926200	190473392.00
2024/12/20	18.92	20.81	18.92	20.81	12176190	247700800.00
2024/12/23	21.24	21.24	19.40	19.50	21429380	426996256.00
2024/12/24	19.50	19.99	19.33	19.91	10954101	216062688.00
2024/12/25	19.83	19.83	18.52	19.00	13039615	247464992.00
2024/12/26	19.00	19.35	18.62	18.67	8509878	160880112.00
2024/12/27	18.68	18.98	18.42	18.55	6617800	123480904.00
2024/12/30	18.58	18.65	18.09	18.30	5798958	105979568.00
2024/12/31	18.35	18.50	17.90	17.90	5784213	105039600.00
2025/01/02	18.04	18.87	17.92	18.35	10962900	202385744.00
2025/01/03	18.46	18.86	17.35	17.46	9802349	177358816.00
2025/01/06	17.50	17.66	16.62	17.25	8583300	147556544.00
2025/01/07	17.28	17.98	17.19	17.91	6512989	114715984.00
2025/01/08	17.93	18.56	17.66	18.32	7820392	141752848.00
2025/01/09	18.18	18.95	18.06	18.79	8898852	165679408.00
2025/01/10	18.85	18.98	17.75	17.76	7959798	144642768.00
2025/01/13	17.62	18.18	17.42	17.93	4716418	84458104.00
2025/01/14	18.00	18.44	17.87	18.29	5867352	106994224.00
2025/01/15	18.27	18.59	17.95	17.99	6540000	119768720.00
2025/01/16	18.04	18.65	17.69	17.81	6308671	114080920.00
2025/01/17	17.76	18.08	17.51	17.92	4404600	78580912.00
2025/01/20	18.06	18.25	17.85	17.94	6138116	110268616.00
2025/01/21	18.01	18.48	17.76	18.42	6714598	121826000.00
2025/01/22	18.30	18.35	17.72	17.88	5147900	92271432.00
2025/01/23	18.05	18.26	17.75	17.76	4611899	83179560.00
2025/01/24	17.92	18.09	17.76	17.91	4623600	82903488.00
2025/01/27	17.91	18.74	17.75	18.19	8061100	147069808.00
2025/02/05	18.14	18.40	17.72	17.91	5565300	100350792.00
2025/02/06	17.83	17.89	16.84	17.62	7750001	134837568.00
2025/02/07	17.65	18.18	17.55	17.80	6197337	110927432.00
2025/02/10	17.92	18.14	17.48	17.87	7447638	132199992.00
2025/02/11	17.89	17.98	17.46	17.69	4707464	83049648.00
2025/02/12	17.61	18.10	17.44	18.08	6146699	109408264.00
2025/02/13	18.08	18.09	17.75	17.99	4920358	88193344.00
2025/02/14	17.90	18.08	17.63	17.76	4593501	81648984.00
2025/02/17	17.70	18.26	17.70	17.73	7214446	129129864.00
2025/02/18	17.74	17.75	17.13	17.24	5787616	100612712.00
2025/02/19	17.22	17.74	17.11	17.62	5791995	101237792.00
2025/02/20	17.51	17.77	17.42	17.70	5360003	94254040.00
2025/02/21	17.60	17.78	17.45	17.73	5932071	104595328.00
2025/02/24	17.73	18.05	17.60	17.81	4768600	85024040.00
2025/02/25	17.81	18.40	17.71	18.22	10736595	195111632.00
2025/02/26	18.20	19.22	18.03	18.99	12642516	237308368.00
2025/02/27	19.02	19.94	19.02	19.59	14688666	287300928.00
2025/02/28	19.58	19.70	19.02	19.24	9775300	189096896.00
数据来源:通达信
