601727 上海电气 日线 不复权
      日期	    开盘	    最高	    最低	    收盘	    成交量	    成交额
2020/01/02	5.00	5.04	5.00	5.03	23633460	118736632.00
2020/01/03	5.05	5.05	4.98	5.02	19035510	95391312.00
2020/01/06	5.00	5.12	4.98	5.06	28880635	146132224.00
2020/01/07	5.24	5.27	5.12	5.15	42480766	220252368.00
2020/01/08	5.10	5.18	5.06	5.09	30428544	155737376.00
2020/01/09	5.13	5.16	5.08	5.12	17142153	87674544.00
2020/01/10	5.13	5.14	5.06	5.08	14379368	73105440.00
2020/01/13	5.08	5.11	5.04	5.11	13043794	66043588.00
2020/01/14	5.11	5.12	5.07	5.09	13637830	69506760.00
2020/01/15	5.10	5.11	5.02	5.04	13665846	68986776.00
2020/01/16	5.05	5.06	5.01	5.02	8479061	42640876.00
2020/01/17	5.03	5.05	4.99	5.01	9358130	46884828.00
2020/01/20	5.01	5.05	4.99	5.04	11660941	58553488.00
2020/01/21	5.03	5.04	4.98	4.99	11324589	56647536.00
2020/01/22	4.96	4.99	4.90	4.96	13894820	68780160.00
2020/01/23	4.93	4.98	4.81	4.85	19265658	94184632.00
2020/02/03	4.37	4.37	4.37	4.37	18407700	80441648.00
2020/02/04	4.22	4.43	4.22	4.34	33981134	148118112.00
2020/02/05	4.34	4.51	4.33	4.41	24070911	106378288.00
2020/02/06	4.44	4.49	4.39	4.48	23071714	102812080.00
2020/02/07	4.54	4.67	4.44	4.64	25884269	116807808.00
2020/02/10	4.60	4.78	4.57	4.70	22454799	105264032.00
2020/02/11	4.71	4.74	4.66	4.67	14527504	68078936.00
2020/02/12	4.65	4.69	4.64	4.68	11599549	54085028.00
2020/02/13	4.68	4.71	4.61	4.61	15802148	73354000.00
2020/02/14	4.60	4.64	4.57	4.61	13065322	60147208.00
2020/02/17	4.63	4.72	4.63	4.71	23320222	109341256.00
2020/02/18	4.78	4.80	4.72	4.76	27883467	132647064.00
2020/02/19	4.75	4.76	4.71	4.71	17428542	82463720.00
2020/02/20	4.73	4.85	4.72	4.84	32089231	154245472.00
2020/02/21	4.82	4.86	4.80	4.82	24865085	119890416.00
2020/02/24	4.82	4.83	4.76	4.78	23620410	112963720.00
2020/02/25	4.70	4.72	4.56	4.68	33460492	155727424.00
2020/02/26	4.65	4.78	4.60	4.70	34588097	162697760.00
2020/02/27	4.71	4.75	4.68	4.69	18876627	88998312.00
2020/02/28	4.60	4.63	4.48	4.49	31230981	142193712.00
2020/03/02	4.53	4.70	4.51	4.66	23226819	107607896.00
2020/03/03	4.73	4.79	4.68	4.72	24384900	115408416.00
2020/03/04	4.71	4.74	4.65	4.73	17529979	82302584.00
2020/03/05	4.80	4.94	4.76	4.87	51724270	251845920.00
2020/03/06	4.84	5.09	4.80	5.02	70837565	351720128.00
2020/03/09	5.00	5.06	4.87	4.88	53288217	263891600.00
2020/03/10	4.83	5.27	4.83	5.14	82531278	416696992.00
2020/03/11	5.16	5.19	5.00	5.02	50710154	258021344.00
2020/03/12	4.97	4.98	4.87	4.93	33937572	167342704.00
2020/03/13	4.74	5.11	4.66	5.07	67973099	337726048.00
2020/03/16	5.11	5.13	4.81	4.84	59670014	297176800.00
2020/03/17	4.90	5.08	4.71	4.97	59506352	292052512.00
2020/03/18	5.00	5.03	4.83	4.83	48697521	240667600.00
2020/03/19	4.81	4.90	4.73	4.80	38453651	184774304.00
2020/03/20	4.86	4.88	4.76	4.81	24062108	116068544.00
2020/03/23	4.72	4.76	4.60	4.61	27410598	128442976.00
2020/03/24	4.69	4.72	4.57	4.66	20323315	94449248.00
2020/03/25	4.74	4.76	4.68	4.71	21463604	101179024.00
2020/03/26	4.70	4.70	4.60	4.60	19745415	91486264.00
2020/03/27	4.65	4.69	4.61	4.63	14667693	68096888.00
2020/03/30	4.59	4.68	4.53	4.65	16174205	74531032.00
2020/03/31	4.68	4.69	4.60	4.60	9646052	44742660.00
2020/04/01	4.64	4.73	4.61	4.64	14035253	65428096.00
2020/04/02	4.64	4.69	4.62	4.69	12715927	59222572.00
2020/04/03	4.67	4.68	4.59	4.63	10214159	47327088.00
2020/04/07	4.68	4.74	4.68	4.72	21494864	101139240.00
2020/04/08	4.71	4.71	4.68	4.69	9364423	43923660.00
2020/04/09	4.71	4.72	4.69	4.69	9916678	46639972.00
2020/04/10	4.69	4.70	4.60	4.61	11915865	55260508.00
2020/04/13	4.59	4.63	4.58	4.62	8426224	38830708.00
2020/04/14	4.64	4.66	4.62	4.64	9323193	43263480.00
2020/04/15	4.65	4.65	4.60	4.60	8531285	39469148.00
2020/04/16	4.61	4.88	4.61	4.83	54681439	261865104.00
2020/04/17	4.88	4.88	4.75	4.76	27924556	134171720.00
2020/04/20	4.81	4.96	4.77	4.91	41397291	202700448.00
2020/04/21	4.91	4.96	4.86	4.92	28351509	139130640.00
2020/04/22	4.89	4.98	4.87	4.90	24927711	122657496.00
2020/04/23	4.90	4.96	4.85	4.92	26057720	128021552.00
2020/04/24	4.92	4.96	4.84	4.88	19137958	93550080.00
2020/04/27	4.88	4.95	4.83	4.83	19301611	94330672.00
2020/04/28	4.85	4.90	4.68	4.84	25333810	122058392.00
2020/04/29	4.88	4.90	4.84	4.87	15499025	75663952.00
2020/04/30	4.85	4.91	4.82	4.85	30807671	149765456.00
2020/05/06	4.77	4.80	4.71	4.76	38809534	184108912.00
2020/05/07	4.77	4.77	4.70	4.73	18442583	87130888.00
2020/05/08	4.75	4.77	4.72	4.74	16079775	76251704.00
2020/05/11	4.74	4.75	4.68	4.69	18937605	89107232.00
2020/05/12	4.70	4.71	4.62	4.63	18035673	83789960.00
2020/05/13	4.63	4.66	4.62	4.65	13181805	61181880.00
2020/05/14	4.64	4.65	4.60	4.61	10711261	49429628.00
2020/05/15	4.62	4.64	4.59	4.59	11641309	53602988.00
2020/05/18	4.65	4.67	4.60	4.63	16580143	76867928.00
2020/05/19	4.65	4.71	4.65	4.66	15616526	72950760.00
2020/05/20	4.65	4.65	4.61	4.62	10795301	49911912.00
2020/05/21	4.64	4.70	4.61	4.62	18179203	84459088.00
2020/05/22	4.60	4.61	4.47	4.48	25157307	113720128.00
2020/05/25	4.50	4.51	4.34	4.36	20789024	91593784.00
2020/05/26	4.37	4.42	4.37	4.40	14454452	63507600.00
2020/05/27	4.40	4.47	4.36	4.43	13431135	59212948.00
2020/05/28	4.41	4.48	4.40	4.41	10864100	48146680.00
2020/05/29	4.42	4.42	4.34	4.36	19201154	83890112.00
2020/06/01	4.45	4.54	4.43	4.49	28649691	128645704.00
2020/06/02	4.50	4.51	4.47	4.48	16713823	75050216.00
2020/06/03	4.49	4.50	4.45	4.45	14751444	65999128.00
2020/06/04	4.46	4.48	4.41	4.42	12430928	55112648.00
2020/06/05	4.44	4.86	4.40	4.86	87249796	416432672.00
2020/06/08	5.06	5.30	4.94	5.10	179767198	920013952.00
2020/06/09	4.94	4.99	4.81	4.84	100925782	492911424.00
2020/06/10	4.84	4.90	4.74	4.79	50676122	243036480.00
2020/06/11	4.78	5.04	4.75	4.86	83841829	412581472.00
2020/06/12	4.73	4.85	4.72	4.78	63397513	303188512.00
2020/06/15	4.74	5.09	4.69	4.89	94915830	464041760.00
2020/06/16	4.93	5.03	4.87	4.93	43896348	216527968.00
2020/06/17	4.93	5.10	4.88	5.03	69359950	347302208.00
2020/06/18	5.01	5.04	4.91	4.95	36914277	183305632.00
2020/06/19	4.97	5.25	4.94	5.19	108649563	557807424.00
2020/06/22	5.26	5.27	5.11	5.11	60382897	312660096.00
2020/06/23	5.15	5.25	5.11	5.16	49995263	259368928.00
2020/06/24	5.18	5.19	5.04	5.06	37275861	189612928.00
2020/06/29	5.01	5.11	4.97	5.02	28815313	144863968.00
2020/06/30	5.04	5.06	5.01	5.04	27570833	138704736.00
2020/07/01	5.04	5.04	4.93	4.99	31922478	158617824.00
2020/07/02	4.99	5.12	4.97	5.10	43692971	221393008.00
2020/07/03	5.10	5.43	5.08	5.35	93935363	493634336.00
2020/07/06	5.30	5.88	5.28	5.82	136076202	767420096.00
2020/07/07	5.86	5.98	5.73	5.74	103452921	603649536.00
2020/07/08	5.88	6.02	5.73	5.98	100146352	590440000.00
2020/07/09	5.96	6.06	5.88	5.94	73238898	436189792.00
2020/07/10	5.91	5.95	5.74	5.78	93551934	546371584.00
2020/07/13	5.85	5.94	5.77	5.90	59359426	347935520.00
2020/07/14	5.91	6.04	5.75	5.84	83814312	492234688.00
2020/07/15	5.85	5.89	5.49	5.61	82410285	467429984.00
2020/07/16	5.62	5.71	5.37	5.38	57046640	316863040.00
2020/07/17	5.38	5.49	5.28	5.34	43633835	234863568.00
2020/07/20	5.40	5.56	5.40	5.55	41078586	225827184.00
2020/07/21	5.58	5.66	5.50	5.53	29542747	164182128.00
2020/07/22	5.51	5.64	5.46	5.50	41118244	228234576.00
2020/07/23	5.51	5.55	5.36	5.50	36582414	199733552.00
2020/07/24	5.47	5.59	5.33	5.37	45939788	250835600.00
2020/07/27	5.43	5.45	5.28	5.31	23893647	127659328.00
2020/07/28	5.34	5.40	5.28	5.33	23146785	123469512.00
2020/07/29	5.33	5.48	5.26	5.47	31869814	171610928.00
2020/07/30	5.47	5.52	5.38	5.43	31157967	169732256.00
2020/07/31	5.43	5.63	5.41	5.50	44774525	247048624.00
2020/08/03	5.56	6.05	5.56	6.03	122246083	713690688.00
2020/08/04	5.98	5.99	5.74	5.76	104416693	608698944.00
2020/08/05	5.90	5.96	5.73	5.89	85432856	497260160.00
2020/08/06	5.85	5.85	5.61	5.68	91963843	522714848.00
2020/08/07	5.65	5.74	5.54	5.66	55310522	311650592.00
2020/08/10	5.67	5.85	5.63	5.74	58032715	333910560.00
2020/08/11	5.72	6.23	5.67	5.99	162216281	968310528.00
2020/08/12	5.96	6.02	5.70	5.85	100375032	585658880.00
2020/08/13	5.89	6.07	5.84	5.96	102178862	610278912.00
2020/08/14	5.93	5.94	5.70	5.87	73853539	428557536.00
2020/08/17	5.88	5.98	5.82	5.89	64636615	381979808.00
2020/08/18	5.91	6.14	5.87	6.06	111883880	676441664.00
2020/08/19	6.06	6.06	5.85	5.88	80745890	478003776.00
2020/08/20	5.82	5.86	5.71	5.71	63324597	365279104.00
2020/08/21	5.73	5.80	5.69	5.72	43510109	249614400.00
2020/08/24	5.76	5.80	5.68	5.72	34537935	197584688.00
2020/08/25	5.72	5.75	5.58	5.62	43946422	248076400.00
2020/08/26	5.66	5.69	5.48	5.50	33504519	186055088.00
2020/08/27	5.55	5.58	5.46	5.49	28501128	157084016.00
2020/08/28	5.47	5.57	5.43	5.55	27067201	149560800.00
2020/08/31	5.58	5.73	5.52	5.56	45222830	254904000.00
2020/09/01	5.60	5.60	5.53	5.58	28762774	159844096.00
2020/09/02	5.58	5.65	5.56	5.58	32499075	181907536.00
2020/09/03	5.65	5.79	5.61	5.64	60899382	346549824.00
2020/09/04	5.57	5.59	5.51	5.56	31458087	174600384.00
2020/09/07	5.53	5.62	5.46	5.46	34364385	189756928.00
2020/09/08	5.48	5.58	5.42	5.57	24850395	136760096.00
2020/09/09	5.52	5.55	5.40	5.43	28357472	155534624.00
2020/09/10	5.50	5.51	5.30	5.30	37548762	202019376.00
2020/09/11	5.29	5.33	5.23	5.31	20288187	107284264.00
2020/09/14	5.36	5.41	5.32	5.36	18440215	98878904.00
2020/09/15	5.36	5.38	5.30	5.37	14262494	76147272.00
2020/09/16	5.33	5.37	5.26	5.30	30261468	160686480.00
2020/09/17	5.30	5.33	5.25	5.29	21793222	115312880.00
2020/09/18	5.32	5.41	5.28	5.41	27726190	148888192.00
2020/09/21	5.42	5.49	5.32	5.36	21687407	116876120.00
2020/09/22	5.32	5.35	5.25	5.26	21485723	113854552.00
2020/09/23	5.26	5.29	5.23	5.24	17180585	90187408.00
2020/09/24	5.21	5.22	5.09	5.13	24599020	126323488.00
2020/09/25	5.15	5.16	5.10	5.14	13269364	68061256.00
2020/09/28	5.17	5.18	5.03	5.04	17770680	90426544.00
2020/09/29	5.07	5.11	5.03	5.06	18735558	95018352.00
2020/09/30	5.07	5.10	4.99	5.02	16639719	83920320.00
2020/10/09	5.09	5.21	5.08	5.16	27261186	140876608.00
2020/10/12	5.18	5.30	5.18	5.29	28639207	150446048.00
2020/10/13	5.28	5.36	5.24	5.33	27434050	145680320.00
2020/10/14	5.34	5.42	5.26	5.37	52657681	281375520.00
2020/10/15	5.35	5.41	5.24	5.26	29310273	155567200.00
2020/10/16	5.29	5.31	5.23	5.26	24961133	131415032.00
2020/10/19	5.29	5.33	5.20	5.21	18468800	97187040.00
2020/10/20	5.23	5.23	5.13	5.22	17906213	92791632.00
2020/10/21	5.24	5.24	5.12	5.14	17846578	92080808.00
2020/10/22	5.14	5.15	5.09	5.12	12707864	65046264.00
2020/10/23	5.12	5.16	5.09	5.11	13603210	69716712.00
2020/10/26	5.11	5.14	5.04	5.10	17101543	87263440.00
2020/10/27	5.10	5.12	5.01	5.06	20362342	102904304.00
2020/10/28	5.07	5.09	5.00	5.09	19785865	99851768.00
2020/10/29	5.03	5.08	5.02	5.07	17925415	90590448.00
2020/10/30	5.09	5.10	4.92	4.94	33311682	166923120.00
2020/11/02	4.94	5.05	4.92	5.04	22362565	111749544.00
2020/11/03	5.04	5.10	5.03	5.06	23969842	121301504.00
2020/11/04	5.05	5.07	4.98	5.01	17989787	90229616.00
2020/11/05	5.04	5.09	5.02	5.09	19573164	99125760.00
2020/11/06	5.11	5.11	5.04	5.08	15977830	80953240.00
2020/11/09	5.10	5.20	5.09	5.17	35799762	184342064.00
2020/11/10	5.18	5.23	5.13	5.18	26585601	137696048.00
2020/11/11	5.18	5.18	5.12	5.15	17825044	91874576.00
2020/11/12	5.18	5.20	5.14	5.15	14196273	73269848.00
2020/11/13	5.14	5.19	5.13	5.14	21338958	110019512.00
2020/11/16	5.20	5.23	5.14	5.21	24699543	128367728.00
2020/11/17	5.21	5.28	5.16	5.24	26472149	138271952.00
2020/11/18	5.22	5.24	5.18	5.20	20997500	109430800.00
2020/11/19	5.18	5.22	5.15	5.16	23307091	120628456.00
2020/11/20	5.17	5.25	5.15	5.22	25885029	134640528.00
2020/11/23	5.21	5.35	5.18	5.27	36926704	194259232.00
2020/11/24	5.27	5.43	5.27	5.40	55888119	300602400.00
2020/11/25	5.41	5.48	5.28	5.29	49168202	264711936.00
2020/11/26	5.29	5.37	5.25	5.33	24623423	130711888.00
2020/11/27	5.32	5.33	5.25	5.32	19992140	105705696.00
2020/11/30	5.31	5.37	5.28	5.30	38761302	206444416.00
2020/12/01	5.32	5.45	5.26	5.39	36681984	196266320.00
2020/12/02	5.41	5.43	5.35	5.38	23858771	128409088.00
2020/12/03	5.39	5.40	5.30	5.35	30292169	161629616.00
2020/12/04	5.33	5.34	5.28	5.31	21374461	113568680.00
2020/12/07	5.32	5.64	5.32	5.49	72755942	400529920.00
2020/12/08	5.45	5.77	5.45	5.71	102451538	579433920.00
2020/12/09	5.69	5.77	5.56	5.69	81774943	462861984.00
2020/12/10	5.64	5.83	5.58	5.80	104975831	602130432.00
2020/12/11	5.73	5.75	5.50	5.55	86476753	484560960.00
2020/12/14	5.58	5.59	5.41	5.48	76820805	422948704.00
2020/12/15	5.48	5.54	5.43	5.51	34125364	187378976.00
2020/12/16	5.53	5.62	5.46	5.55	38294951	213005648.00
2020/12/17	5.53	5.54	5.32	5.44	51477945	279730144.00
2020/12/18	5.44	5.57	5.40	5.54	47371182	261678432.00
2020/12/21	5.56	5.65	5.51	5.62	61821829	345172832.00
2020/12/22	5.60	5.67	5.46	5.48	54607992	304505856.00
2020/12/23	5.50	5.73	5.47	5.62	89686522	504164576.00
2020/12/24	5.60	5.69	5.49	5.57	63716562	355863616.00
2020/12/25	5.55	5.67	5.52	5.63	71569888	401233568.00
2020/12/28	5.64	5.66	5.53	5.55	58623064	327588704.00
2020/12/29	5.55	5.57	5.43	5.46	70409840	387009504.00
2020/12/30	5.46	5.52	5.33	5.43	55646582	301926848.00
2020/12/31	5.45	5.47	5.37	5.40	47195384	255486144.00
2021/01/04	5.42	5.63	5.39	5.62	121734838	678618880.00
2021/01/05	5.60	5.60	5.52	5.54	70703470	393185856.00
2021/01/06	5.56	5.62	5.51	5.56	68451558	380859392.00
2021/01/07	5.59	5.62	5.46	5.53	92475630	512463680.00
2021/01/08	5.50	6.08	5.42	6.08	204176287	1187634176.00
2021/01/11	5.77	5.83	5.55	5.55	399814886	2267587584.00
2021/01/12	5.44	5.48	5.31	5.43	200457711	1081367040.00
2021/01/13	5.37	5.68	5.27	5.52	242766178	1332908928.00
2021/01/14	5.45	5.64	5.42	5.51	171856575	954483712.00
2021/01/15	5.50	5.59	5.41	5.46	114772463	629185984.00
2021/01/18	5.39	5.52	5.38	5.46	100223576	547025408.00
2021/01/19	5.44	5.46	5.28	5.31	131066004	699764416.00
2021/01/20	5.31	5.34	5.22	5.26	92398550	486160896.00
2021/01/21	5.25	5.38	5.22	5.35	95591895	508542912.00
2021/01/22	5.34	5.51	5.27	5.48	124375123	671774592.00
2021/01/25	5.47	5.66	5.45	5.60	171922106	958018240.00
2021/01/26	5.54	5.54	5.41	5.48	106803064	583266176.00
2021/01/27	5.46	5.52	5.43	5.51	68136771	373187552.00
2021/01/28	5.45	5.48	5.41	5.44	73456007	400036000.00
2021/01/29	5.45	5.46	5.31	5.37	73504006	395433792.00
2021/02/01	5.35	5.43	5.28	5.35	67238797	358779488.00
2021/02/02	5.35	5.67	5.32	5.58	142165159	791169280.00
2021/02/03	5.58	5.75	5.53	5.69	148204255	841075328.00
2021/02/04	5.63	5.93	5.55	5.71	168482308	971006720.00
2021/02/05	5.71	5.74	5.55	5.57	115679159	648452480.00
2021/02/08	5.60	5.82	5.47	5.76	112375441	639653504.00
2021/02/09	5.75	5.82	5.70	5.79	100027161	576625600.00
2021/02/10	5.80	5.80	5.63	5.63	94475516	535993472.00
2021/02/18	5.71	5.93	5.67	5.80	149773980	869701056.00
2021/02/19	5.80	5.93	5.76	5.88	130386518	761782400.00
2021/02/22	5.90	6.06	5.81	5.84	186076715	1106570240.00
2021/02/23	5.82	5.93	5.78	5.80	120819851	704776320.00
2021/02/24	5.80	5.80	5.57	5.65	137710809	782182016.00
2021/02/25	5.55	5.59	5.43	5.51	114213959	627781888.00
2021/02/26	5.40	5.61	5.38	5.58	86711676	478078336.00
2021/03/01	5.62	5.66	5.55	5.59	52519776	293594656.00
2021/03/02	5.61	5.61	5.45	5.49	75001772	412681792.00
2021/03/03	5.47	5.55	5.46	5.52	65569538	361208032.00
2021/03/04	5.50	5.50	5.39	5.43	96164734	522243296.00
2021/03/05	5.40	5.48	5.38	5.44	44434066	241695488.00
2021/03/08	5.47	5.65	5.46	5.52	94534966	525437120.00
2021/03/09	5.49	5.56	5.36	5.43	69049670	375933152.00
2021/03/10	5.45	5.48	5.32	5.32	73522859	395819904.00
2021/03/11	5.31	5.39	5.30	5.39	41226769	220664576.00
2021/03/12	5.39	5.55	5.36	5.47	71205321	389102080.00
2021/03/15	5.47	5.51	5.43	5.46	47611059	260366560.00
2021/03/16	5.46	5.59	5.45	5.58	73057710	404962496.00
2021/03/17	5.57	5.57	5.48	5.53	49983706	275774176.00
2021/03/18	5.52	5.58	5.48	5.52	50975885	282028608.00
2021/03/19	5.48	5.61	5.45	5.54	68300426	377370528.00
2021/03/22	5.60	5.75	5.60	5.71	108829685	617340416.00
2021/03/23	5.69	5.83	5.59	5.62	109764694	622360832.00
2021/03/24	5.58	5.67	5.56	5.60	56639145	317512224.00
2021/03/25	5.57	5.59	5.43	5.43	63096248	346076800.00
2021/03/26	5.44	5.82	5.44	5.72	130099117	737139200.00
2021/03/29	5.66	5.67	5.53	5.55	109349605	611270272.00
2021/03/30	5.52	5.53	5.44	5.49	68988999	377812128.00
2021/03/31	5.48	5.59	5.46	5.55	53417378	295438976.00
2021/04/01	5.52	5.58	5.51	5.51	41308757	228886448.00
2021/04/02	5.51	5.51	5.45	5.46	41162508	225439392.00
2021/04/06	5.48	5.53	5.47	5.49	43271667	237712016.00
2021/04/07	5.49	5.52	5.45	5.50	43511195	238248880.00
2021/04/08	5.47	5.48	5.39	5.40	74027800	401106432.00
2021/04/09	5.38	5.43	5.38	5.41	30834680	166495808.00
2021/04/12	5.40	5.41	5.32	5.33	44219165	236536800.00
2021/04/13	5.34	5.35	5.30	5.31	28668847	152689104.00
2021/04/14	5.31	5.36	5.30	5.35	26069148	139070144.00
2021/04/15	5.39	5.49	5.35	5.39	49309957	266953424.00
2021/04/16	5.39	5.41	5.28	5.41	41628491	223285760.00
2021/04/19	5.40	5.44	5.36	5.41	55049292	297723520.00
2021/04/20	5.41	5.42	5.35	5.37	40831913	219355040.00
2021/04/21	5.34	5.37	5.30	5.31	37511386	199931744.00
2021/04/22	5.30	5.38	5.28	5.34	37303575	198723456.00
2021/04/23	5.34	5.34	5.22	5.24	54139581	284883040.00
2021/04/26	5.24	5.28	5.17	5.18	44181568	230978176.00
2021/04/27	5.18	5.19	5.06	5.11	42267256	215714224.00
2021/04/28	5.11	5.15	5.07	5.15	21535551	110301728.00
2021/04/29	5.14	5.18	5.11	5.16	23902232	123089264.00
2021/04/30	5.19	5.20	5.07	5.11	40290256	206102224.00
2021/05/06	5.10	5.15	5.10	5.12	32223976	165023872.00
2021/05/07	5.12	5.14	5.08	5.09	32103088	163595888.00
2021/05/10	5.07	5.08	4.96	5.00	62611583	312742016.00
2021/05/11	4.98	5.09	4.96	5.08	42621376	215204624.00
2021/05/12	5.09	5.17	5.05	5.14	34408429	176280288.00
2021/05/13	5.11	5.13	5.06	5.08	25234830	128577800.00
2021/05/14	5.08	5.14	5.08	5.14	27800615	142553904.00
2021/05/17	5.12	5.15	5.11	5.13	26369761	135323232.00
2021/05/18	5.15	5.17	5.13	5.16	22151219	113988496.00
2021/05/19	5.15	5.15	5.07	5.08	27528296	140362624.00
2021/05/20	5.10	5.11	5.05	5.09	19762435	100345072.00
2021/05/21	5.10	5.11	5.02	5.03	31644473	160011088.00
2021/05/24	5.02	5.06	5.00	5.05	21781027	109672848.00
2021/05/25	5.05	5.09	5.00	5.08	33546702	169313632.00
2021/05/26	5.08	5.08	5.06	5.06	25772063	130610720.00
2021/05/27	5.06	5.08	5.04	5.08	27631008	140063520.00
2021/05/28	5.09	5.18	5.07	5.12	38991872	199723776.00
2021/05/31	4.61	4.61	4.61	4.61	41368000	190706480.00
2021/06/01	4.30	4.55	4.30	4.47	207126122	914447040.00
2021/06/02	4.38	4.41	4.33	4.36	123413827	537916736.00
2021/06/03	4.35	4.52	4.34	4.45	94005973	417570848.00
2021/06/04	4.46	4.49	4.42	4.44	48240265	214169632.00
2021/06/07	4.43	4.43	4.35	4.38	46916991	205496640.00
2021/06/08	4.38	4.39	4.35	4.38	42441026	185445504.00
2021/06/09	4.38	4.39	4.35	4.38	35606737	155574080.00
2021/06/10	4.38	4.39	4.35	4.38	55407451	241963440.00
2021/06/11	4.38	4.38	4.35	4.37	73224911	319497120.00
2021/06/15	4.36	4.37	4.20	4.28	66163710	283564320.00
2021/06/16	4.26	4.32	4.24	4.27	28050804	120113608.00
2021/06/17	4.25	4.28	4.21	4.23	37851982	160450464.00
2021/06/18	4.24	4.24	4.15	4.20	43793568	182984640.00
2021/06/21	4.22	4.25	4.19	4.22	35494012	149584768.00
2021/06/22	4.21	4.28	4.19	4.27	39364047	167208048.00
2021/06/23	4.28	4.30	4.25	4.27	29332288	125176696.00
2021/06/24	4.26	4.31	4.23	4.29	38368657	164016144.00
2021/06/25	4.29	4.31	4.25	4.27	28662378	122368336.00
2021/06/28	4.28	4.29	4.26	4.27	30695532	131051816.00
2021/06/29	4.28	4.28	4.23	4.23	32502742	138376080.00
2021/06/30	4.23	4.25	4.17	4.24	34828100	146510368.00
2021/07/01	4.24	4.24	4.18	4.19	30307219	127491696.00
2021/07/02	4.18	4.18	4.15	4.16	27182740	113206048.00
2021/07/05	4.16	4.20	4.16	4.17	24857985	103783728.00
2021/07/06	4.03	4.09	3.91	3.97	105632766	419643840.00
2021/07/07	3.94	4.02	3.91	3.98	52912551	210545888.00
2021/07/08	3.99	4.08	3.97	4.07	59307891	239480480.00
2021/07/09	4.08	4.09	4.02	4.04	31009905	125183920.00
2021/07/12	4.06	4.11	4.04	4.04	38748460	157706656.00
2021/07/13	4.04	4.08	4.01	4.05	32972267	133249344.00
2021/07/14	4.05	4.06	3.98	3.99	40538069	162324208.00
2021/07/15	4.00	4.00	3.92	3.98	35652451	140949168.00
2021/07/16	3.98	4.15	3.97	4.05	72301860	294519648.00
2021/07/19	4.03	4.03	3.97	3.99	41361690	165178112.00
2021/07/20	3.98	4.02	3.96	4.01	25866806	103046016.00
2021/07/21	4.02	4.04	3.99	4.01	29118978	116794656.00
2021/07/22	4.01	4.05	3.97	4.03	32665431	131240184.00
2021/07/23	4.02	4.03	3.99	4.00	30592148	122438072.00
2021/07/26	3.99	3.99	3.91	3.94	48744756	191929392.00
2021/07/27	3.94	3.96	3.90	3.91	35493819	139677040.00
2021/07/28	3.88	3.88	3.73	3.78	58850874	223041888.00
2021/07/29	3.78	3.80	3.63	3.69	75264010	278024256.00
2021/07/30	3.68	4.06	3.65	4.06	174265589	690754752.00
2021/08/02	4.18	4.44	4.07	4.33	257228918	1099373696.00
2021/08/03	4.26	4.26	4.13	4.16	124226609	520108128.00
2021/08/04	4.10	4.31	4.06	4.22	117779366	496604096.00
2021/08/05	4.21	4.30	4.16	4.19	92585157	389817472.00
2021/08/06	4.05	4.41	3.94	4.30	166759125	694149504.00
2021/08/09	4.12	4.20	4.06	4.13	96975309	400014976.00
2021/08/10	4.11	4.54	4.10	4.48	260028541	1146569984.00
2021/08/11	4.46	4.65	4.37	4.52	219665315	995034688.00
2021/08/12	4.48	4.94	4.43	4.87	259321795	1204347392.00
2021/08/13	4.76	5.09	4.66	4.90	254266639	1246536064.00
2021/08/16	4.85	4.96	4.71	4.84	155558781	747544896.00
2021/08/17	4.86	4.98	4.60	4.63	158045948	758453184.00
2021/08/18	4.54	4.74	4.50	4.52	167511741	768577216.00
2021/08/19	4.47	4.48	4.35	4.37	121768373	536256320.00
2021/08/20	4.36	4.61	4.35	4.50	146075450	655562560.00
2021/08/23	4.51	4.64	4.47	4.51	105162647	475820608.00
2021/08/24	4.55	4.60	4.44	4.45	88053272	397036352.00
2021/08/25	4.44	4.75	4.40	4.71	158478227	728395648.00
2021/08/26	4.70	4.87	4.64	4.74	137156142	655150272.00
2021/08/27	4.81	4.85	4.66	4.72	108210367	513425184.00
2021/08/30	4.64	4.93	4.54	4.85	165567590	791943232.00
2021/08/31	4.84	4.93	4.73	4.89	132224600	638636224.00
2021/09/01	4.82	4.90	4.68	4.76	98031807	469245056.00
2021/09/02	4.75	5.02	4.73	5.00	166331546	820652864.00
2021/09/03	4.95	5.09	4.92	4.93	126959349	632161088.00
2021/09/06	4.92	4.98	4.80	4.88	83502860	407147200.00
2021/09/07	4.86	4.92	4.82	4.89	68152749	332160800.00
2021/09/08	4.93	5.07	4.86	4.99	128326748	637877120.00
2021/09/09	4.96	4.97	4.88	4.91	85430284	419631648.00
2021/09/10	4.88	4.96	4.75	4.77	114241982	552728832.00
2021/09/13	4.77	4.84	4.73	4.76	64292586	307013024.00
2021/09/14	4.77	4.82	4.55	4.59	99160419	461244160.00
2021/09/15	4.57	4.97	4.54	4.90	148445142	712868992.00
2021/09/16	4.90	4.99	4.77	4.79	87989569	428734656.00
2021/09/17	4.80	5.03	4.77	4.88	122256818	600862272.00
2021/09/22	4.83	5.29	4.78	5.21	218505230	1118422016.00
2021/09/23	5.30	5.32	5.08	5.18	173332723	899870208.00
2021/09/24	5.22	5.55	5.10	5.47	268537021	1440066304.00
2021/09/27	5.55	5.56	5.13	5.13	230575804	1222052224.00
2021/09/28	5.08	5.35	5.07	5.21	115918127	608030784.00
2021/09/29	5.18	5.51	5.09	5.24	198946300	1057330176.00
2021/09/30	5.23	5.31	5.05	5.20	138146501	714923328.00
2021/10/08	5.23	5.28	5.02	5.08	105739405	539089728.00
2021/10/11	5.07	5.11	4.88	4.90	92556209	457425216.00
2021/10/12	4.89	4.95	4.71	4.76	75780243	363694912.00
2021/10/13	4.76	4.80	4.70	4.76	41136470	195344656.00
2021/10/14	4.73	4.89	4.71	4.82	42896688	207041968.00
2021/10/15	4.81	4.85	4.68	4.70	55132954	260878080.00
2021/10/18	4.71	4.81	4.71	4.76	42108324	200440208.00
2021/10/19	4.72	4.81	4.68	4.69	57888204	273033248.00
2021/10/20	4.66	4.75	4.62	4.68	47457017	223109120.00
2021/10/21	4.71	4.72	4.59	4.61	48394174	224916192.00
2021/10/22	4.61	4.64	4.48	4.48	52138108	235856400.00
2021/10/25	4.48	4.71	4.46	4.70	64534555	298580608.00
2021/10/26	4.70	4.76	4.58	4.61	57543647	269025984.00
2021/10/27	4.59	4.71	4.59	4.61	52385203	243594432.00
2021/10/28	4.62	4.70	4.51	4.56	49779802	228758480.00
2021/10/29	4.56	4.79	4.47	4.75	83725436	389143424.00
2021/11/01	4.73	4.91	4.71	4.81	71540066	345104704.00
2021/11/02	4.79	4.91	4.70	4.75	72777915	349379264.00
2021/11/03	4.71	4.90	4.71	4.79	62800648	302086048.00
2021/11/04	4.81	5.05	4.79	5.03	119905933	595981952.00
2021/11/05	5.07	5.21	4.98	5.03	126946862	644760192.00
2021/11/08	4.98	5.08	4.93	4.97	74910353	373693984.00
2021/11/09	4.97	5.10	4.95	4.99	60350975	302740928.00
2021/11/10	4.95	5.01	4.85	4.93	56186027	275607744.00
2021/11/11	4.92	4.95	4.84	4.90	51906386	253694864.00
2021/11/12	4.91	5.02	4.87	4.91	64615005	319023680.00
2021/11/15	4.91	4.96	4.84	4.85	47631630	232306912.00
2021/11/16	4.90	4.90	4.76	4.76	50245331	242169488.00
2021/11/17	4.76	4.84	4.70	4.80	41728402	199596688.00
2021/11/18	4.78	4.86	4.75	4.79	54544052	262346736.00
2021/11/19	4.80	4.96	4.73	4.91	83061456	403854016.00
2021/11/22	4.94	5.00	4.89	4.93	66455817	327520928.00
2021/11/23	4.91	5.07	4.89	5.02	90964958	455473824.00
2021/11/24	5.00	5.02	4.86	4.88	75119382	368908448.00
2021/11/25	4.87	4.93	4.84	4.87	43322589	211340320.00
2021/11/26	4.87	4.91	4.81	4.89	38872196	189337168.00
2021/11/29	4.81	4.87	4.79	4.81	56993783	275045056.00
2021/11/30	4.81	4.85	4.78	4.84	68332177	329041632.00
2021/12/01	4.81	4.83	4.78	4.81	47481647	227760832.00
2021/12/02	4.81	4.83	4.77	4.77	38808570	185984912.00
2021/12/03	4.77	4.85	4.70	4.83	59179501	283306464.00
2021/12/06	4.84	4.91	4.80	4.83	61897939	301114816.00
2021/12/07	4.83	4.86	4.71	4.76	55458543	264202816.00
2021/12/08	4.76	4.81	4.74	4.75	44022012	209530528.00
2021/12/09	4.76	4.76	4.70	4.73	53608288	253412496.00
2021/12/10	4.71	4.72	4.60	4.68	116667465	541744896.00
2021/12/13	4.66	4.80	4.63	4.73	76535551	361777216.00
2021/12/14	4.71	4.74	4.66	4.67	44773190	209581584.00
2021/12/15	4.66	4.79	4.62	4.72	66482114	314224288.00
2021/12/16	4.72	4.77	4.71	4.75	37774907	178896208.00
2021/12/17	4.76	5.17	4.72	4.95	185951392	923875840.00
2021/12/20	4.98	5.05	4.92	4.97	104852627	522615616.00
2021/12/21	4.94	5.00	4.88	5.00	63230313	312710432.00
2021/12/22	5.00	5.00	4.89	4.90	52823246	260437664.00
2021/12/23	4.89	5.07	4.87	5.04	96714367	483777184.00
2021/12/24	5.04	5.05	4.91	4.93	59874805	297161440.00
2021/12/27	4.94	5.15	4.94	5.04	87092458	442030784.00
2021/12/28	5.04	5.04	4.95	4.99	49399738	245941952.00
2021/12/29	5.01	5.02	4.89	4.91	49526506	243561024.00
2021/12/30	4.90	4.94	4.88	4.88	47734482	234083072.00
2021/12/31	4.91	4.94	4.82	4.86	59872527	291792192.00
2022/01/04	4.90	4.94	4.87	4.88	52030495	255184688.00
2022/01/05	4.92	4.93	4.77	4.79	65301199	315043872.00
2022/01/06	4.76	4.84	4.74	4.79	41583332	199276960.00
2022/01/07	4.80	4.81	4.75	4.76	42933614	204974848.00
2022/01/10	4.75	4.76	4.69	4.75	42325954	200019568.00
2022/01/11	4.74	4.78	4.69	4.71	44526600	210588224.00
2022/01/12	4.70	4.73	4.68	4.71	44938017	211463328.00
2022/01/13	4.71	4.72	4.65	4.66	41443869	193826880.00
2022/01/14	4.64	4.66	4.60	4.61	38160529	176373344.00
2022/01/17	4.62	4.65	4.60	4.65	25198154	116553744.00
2022/01/18	4.65	4.71	4.61	4.69	34907300	163209840.00
2022/01/19	4.70	4.71	4.62	4.64	30098671	139839456.00
2022/01/20	4.64	4.66	4.61	4.63	24900847	115513728.00
2022/01/21	4.63	4.63	4.48	4.50	62286053	282710208.00
2022/01/24	4.46	4.46	4.40	4.45	27571539	122188048.00
2022/01/25	4.45	4.45	4.27	4.31	47264855	205260608.00
2022/01/26	4.33	4.36	4.29	4.31	28810455	124603536.00
2022/01/27	4.31	4.33	4.21	4.21	29687314	126668640.00
2022/01/28	4.24	4.33	4.17	4.28	32805092	139405488.00
2022/02/07	4.32	4.50	4.32	4.39	54265177	238559584.00
2022/02/08	4.41	4.52	4.41	4.51	42200996	188814720.00
2022/02/09	4.51	4.55	4.46	4.52	34694353	156615552.00
2022/02/10	4.52	4.66	4.50	4.58	46256302	211800832.00
2022/02/11	4.57	4.60	4.51	4.52	30622597	139324832.00
2022/02/14	4.51	4.55	4.47	4.50	27324704	123372488.00
2022/02/15	4.50	4.54	4.49	4.51	16681329	75223184.00
2022/02/16	4.53	4.54	4.49	4.50	18965378	85648128.00
2022/02/17	4.49	4.52	4.45	4.47	21158870	94825440.00
2022/02/18	4.44	4.54	4.41	4.54	29439678	132268480.00
2022/02/21	4.53	4.55	4.50	4.55	19923843	90189288.00
2022/02/22	4.54	4.54	4.45	4.49	24573220	110346608.00
2022/02/23	4.50	4.52	4.48	4.50	20751265	93307560.00
2022/02/24	4.49	4.53	4.35	4.40	43435894	192486944.00
2022/02/25	4.41	4.46	4.40	4.43	22263528	98533328.00
2022/02/28	4.44	4.44	4.35	4.41	27191666	119326448.00
2022/03/01	4.44	4.53	4.43	4.49	31002695	139255056.00
2022/03/02	4.47	4.50	4.45	4.49	16461333	73648304.00
2022/03/03	4.51	4.57	4.50	4.53	33581635	152259328.00
2022/03/04	4.51	4.52	4.46	4.48	23511725	105488696.00
2022/03/07	4.46	4.47	4.40	4.42	24570855	108918424.00
2022/03/08	4.42	4.44	4.28	4.29	34068173	147858656.00
2022/03/09	4.30	4.33	4.10	4.26	37835932	159819504.00
2022/03/10	4.33	4.35	4.28	4.30	26426195	114127344.00
2022/03/11	4.26	4.31	4.17	4.30	30261500	128075560.00
2022/03/14	4.27	4.30	4.18	4.19	22318323	94626208.00
2022/03/15	4.17	4.18	3.90	3.91	62341445	251427184.00
2022/03/16	3.95	4.15	3.90	4.12	47842969	192123136.00
2022/03/17	4.17	4.18	4.11	4.12	34576142	143156752.00
2022/03/18	4.11	4.16	4.08	4.15	23888717	98685816.00
2022/03/21	4.14	4.18	4.08	4.11	25855725	106564688.00
2022/03/22	4.11	4.16	4.09	4.13	19219876	79280424.00
2022/03/23	4.16	4.24	4.16	4.17	34727026	145616016.00
2022/03/24	4.15	4.18	4.10	4.12	21719400	89823200.00
2022/03/25	4.10	4.14	4.06	4.07	21543397	88156224.00
2022/03/28	4.04	4.09	3.98	4.07	22102300	89140736.00
2022/03/29	4.07	4.08	3.99	4.01	22464576	90442152.00
2022/03/30	4.03	4.07	4.02	4.06	21731101	88071776.00
2022/03/31	4.04	4.07	4.03	4.04	20419827	82679992.00
2022/04/01	4.02	4.05	3.99	4.05	19450366	78223664.00
2022/04/06	4.03	4.11	4.01	4.11	24157600	98432880.00
2022/04/07	4.09	4.10	4.01	4.01	22703211	91892744.00
2022/04/08	4.00	4.03	3.94	4.01	26843704	106813336.00
2022/04/11	4.00	4.00	3.92	3.93	24175224	95768984.00
2022/04/12	3.93	4.00	3.90	3.99	20976910	82826832.00
2022/04/13	3.98	4.03	3.95	4.01	19905602	79553800.00
2022/04/14	4.02	4.03	3.99	4.00	17607513	70447736.00
2022/04/15	3.98	3.99	3.95	3.95	18090039	71672832.00
2022/04/18	3.95	3.97	3.90	3.96	14186616	55851040.00
2022/04/19	3.98	4.03	3.96	4.00	21817364	87190160.00
2022/04/20	4.00	4.02	3.95	3.98	17040264	67986880.00
2022/04/21	4.01	4.06	3.91	3.91	29376300	116874480.00
2022/04/22	3.89	3.92	3.83	3.90	22585162	87513752.00
2022/04/25	3.85	3.87	3.69	3.70	28468486	107773336.00
2022/04/26	3.70	3.82	3.65	3.68	28820552	107510144.00
2022/04/27	3.63	3.77	3.60	3.77	23401009	86738608.00
2022/04/28	3.77	3.79	3.70	3.74	16459276	61699648.00
2022/04/29	3.76	3.85	3.75	3.84	23243679	88488992.00
2022/05/05	3.82	3.87	3.78	3.84	23671580	90666824.00
2022/05/06	3.77	3.79	3.73	3.75	16875820	63367336.00
2022/05/09	3.71	3.78	3.71	3.74	10385561	38941688.00
2022/05/10	3.71	3.80	3.70	3.78	19469646	73198216.00
2022/05/11	3.78	3.86	3.78	3.82	26660641	102041488.00
2022/05/12	3.82	3.84	3.78	3.81	14699572	55969424.00
2022/05/13	3.81	3.83	3.78	3.83	11275077	42918064.00
2022/05/16	3.84	3.85	3.81	3.83	13851076	53080156.00
2022/05/17	3.82	3.84	3.79	3.84	11551277	44052936.00
2022/05/18	3.86	3.91	3.82	3.89	21185529	81985504.00
2022/05/19	3.85	4.03	3.84	4.00	36937648	146046480.00
2022/05/20	4.00	4.03	3.96	4.00	25174227	100525072.00
2022/05/23	4.02	4.04	3.96	4.02	20472169	81913160.00
2022/05/24	4.03	4.08	3.91	3.93	29507992	117668920.00
2022/05/25	3.92	4.02	3.91	4.02	21547315	85405136.00
2022/05/26	4.02	4.05	3.99	4.04	21911411	88259136.00
2022/05/27	4.04	4.05	4.00	4.02	17216830	69349376.00
2022/05/30	4.01	4.05	3.99	4.00	19479859	78207280.00
2022/05/31	4.01	4.11	4.01	4.07	44548273	181120928.00
2022/06/01	4.07	4.17	4.05	4.16	38916479	160603936.00
2022/06/02	4.15	4.22	4.12	4.20	30079861	125711104.00
2022/06/06	4.18	4.20	4.13	4.19	31313049	130486672.00
2022/06/07	4.18	4.19	4.12	4.16	23850988	98950576.00
2022/06/08	4.16	4.22	4.10	4.16	26432321	109910016.00
2022/06/09	4.15	4.19	4.08	4.09	26606139	109660936.00
2022/06/10	4.07	4.15	4.06	4.13	23866214	98270216.00
2022/06/13	4.11	4.13	4.05	4.09	31659634	129488064.00
2022/06/14	4.06	4.13	4.00	4.12	30983495	125823008.00
2022/06/15	4.15	4.17	4.10	4.11	42092063	173992624.00
2022/06/16	4.10	4.12	4.05	4.06	31185817	127197736.00
2022/06/17	4.03	4.10	4.03	4.07	27642883	112451848.00
2022/06/20	4.07	4.17	4.06	4.16	38109724	157560128.00
2022/06/21	4.16	4.18	4.12	4.15	23731981	98484344.00
2022/06/22	4.16	4.17	4.09	4.09	18574830	76624760.00
2022/06/23	4.09	4.12	4.06	4.10	33465988	136939856.00
2022/06/24	4.11	4.12	4.08	4.09	22717957	92951264.00
2022/06/27	4.10	4.10	4.06	4.10	25946684	105819280.00
2022/06/28	4.10	4.30	4.07	4.27	77652472	327087264.00
2022/06/29	4.27	4.30	4.12	4.12	53256077	223505808.00
2022/06/30	4.11	4.17	4.11	4.11	45592818	188106016.00
2022/07/01	4.11	4.13	4.07	4.07	27779029	113766112.00
2022/07/04	4.13	4.21	4.08	4.18	48581303	202143920.00
2022/07/05	4.23	4.60	4.23	4.60	321819929	1464778368.00
2022/07/06	4.62	4.63	4.38	4.41	233821091	1049600704.00
2022/07/07	4.34	4.53	4.34	4.47	142989748	635487104.00
2022/07/08	4.48	4.48	4.30	4.31	104093158	453191328.00
2022/07/11	4.33	4.61	4.29	4.51	148776568	666010048.00
2022/07/12	4.45	4.76	4.44	4.54	163991581	759005952.00
2022/07/13	4.54	4.68	4.46	4.53	111878076	508896000.00
2022/07/14	4.51	4.62	4.44	4.56	103276207	467947552.00
2022/07/15	4.48	4.50	4.36	4.38	100572437	445243680.00
2022/07/18	4.38	4.52	4.38	4.51	80538582	360683168.00
2022/07/19	4.50	4.50	4.40	4.45	59240469	263024496.00
2022/07/20	4.45	4.54	4.42	4.49	77123846	344695904.00
2022/07/21	4.47	4.64	4.45	4.53	116200936	530878208.00
2022/07/22	4.51	4.58	4.48	4.53	66189980	299487392.00
2022/07/25	4.53	4.55	4.41	4.44	59266064	264176064.00
2022/07/26	4.43	4.44	4.37	4.43	35806830	158069504.00
2022/07/27	4.44	4.47	4.41	4.42	33966718	150574688.00
2022/07/28	4.43	4.49	4.42	4.46	44371541	197706544.00
2022/07/29	4.46	4.58	4.43	4.45	58136581	261476048.00
2022/08/01	4.44	4.50	4.36	4.47	53963358	238391136.00
2022/08/02	4.41	4.42	4.24	4.31	61529593	265256064.00
2022/08/03	4.34	4.40	4.24	4.26	54029447	233107008.00
2022/08/04	4.28	4.31	4.24	4.29	32092645	137061504.00
2022/08/05	4.30	4.31	4.22	4.28	37882198	161422096.00
2022/08/08	4.28	4.33	4.25	4.29	27998200	120124864.00
2022/08/09	4.29	4.35	4.27	4.33	27769171	120023592.00
2022/08/10	4.32	4.34	4.28	4.29	22480016	96565216.00
2022/08/11	4.30	4.36	4.28	4.35	32472432	140428448.00
2022/08/12	4.34	4.37	4.33	4.37	23784421	103667344.00
2022/08/15	4.36	4.38	4.31	4.36	26426900	114878920.00
2022/08/16	4.36	4.47	4.36	4.44	41369455	183032192.00
2022/08/17	4.45	4.53	4.44	4.50	42490177	190825440.00
2022/08/18	4.50	4.55	4.45	4.47	37243071	167354512.00
2022/08/19	4.46	4.49	4.42	4.47	33879129	150816768.00
2022/08/22	4.45	4.52	4.40	4.43	37892602	168177008.00
2022/08/23	4.41	4.48	4.39	4.47	29378281	130515376.00
2022/08/24	4.47	4.48	4.30	4.33	42003600	183383536.00
2022/08/25	4.33	4.35	4.25	4.31	31066082	133516776.00
2022/08/26	4.33	4.38	4.28	4.34	30774716	133753096.00
2022/08/29	4.28	4.38	4.27	4.37	23957740	103978272.00
2022/08/30	4.38	4.51	4.35	4.41	55085594	244144864.00
2022/08/31	4.40	4.40	4.24	4.24	54795098	235281328.00
2022/09/01	4.27	4.28	4.17	4.18	38706357	163330688.00
2022/09/02	4.18	4.23	4.17	4.19	22005885	92254128.00
2022/09/05	4.20	4.32	4.19	4.27	26129109	111379352.00
2022/09/06	4.27	4.34	4.27	4.34	32552068	140306496.00
2022/09/07	4.32	4.58	4.30	4.52	108464685	487992288.00
2022/09/08	4.50	4.68	4.49	4.58	103462913	475588416.00
2022/09/09	4.60	4.63	4.52	4.56	56546957	258148160.00
2022/09/13	4.59	4.61	4.48	4.52	48643328	219299632.00
2022/09/14	4.47	4.51	4.41	4.46	38810279	173079952.00
2022/09/15	4.53	4.60	4.40	4.46	65122440	292360704.00
2022/09/16	4.45	4.52	4.35	4.35	55763028	246271088.00
2022/09/19	4.34	4.35	4.20	4.24	46712853	198437600.00
2022/09/20	4.27	4.28	4.21	4.23	29543546	125251368.00
2022/09/21	4.21	4.25	4.12	4.22	27431293	114949504.00
2022/09/22	4.23	4.27	4.19	4.23	22026721	93345728.00
2022/09/23	4.22	4.27	4.12	4.13	45266557	188849008.00
2022/09/26	4.09	4.09	3.95	3.98	48575103	195032208.00
2022/09/27	3.99	4.05	3.95	4.05	33243887	132978832.00
2022/09/28	4.04	4.05	3.97	3.98	23456200	93856288.00
2022/09/29	4.01	4.03	3.86	3.89	30330800	119054808.00
2022/09/30	3.89	3.91	3.86	3.87	19449983	75437704.00
2022/10/10	3.86	3.90	3.80	3.81	22319609	86031232.00
2022/10/11	3.82	3.89	3.77	3.89	20371697	78166792.00
2022/10/12	3.89	3.98	3.85	3.97	22058504	86390864.00
2022/10/13	3.95	4.03	3.94	4.00	19196012	76596616.00
2022/10/14	4.00	4.04	3.99	4.02	23479214	94223912.00
2022/10/17	4.01	4.03	3.97	4.02	18321858	73440968.00
2022/10/18	4.05	4.12	4.04	4.06	25599861	104277808.00
2022/10/19	4.04	4.06	3.99	4.00	22984698	92528224.00
2022/10/20	3.99	4.04	3.96	3.99	16672850	66689632.00
2022/10/21	4.00	4.07	4.00	4.03	19533264	79021880.00
2022/10/24	4.05	4.07	3.94	3.98	24552308	98344992.00
2022/10/25	3.98	4.04	3.92	4.03	21279026	84932152.00
2022/10/26	4.05	4.07	4.02	4.04	18311070	74024304.00
2022/10/27	4.03	4.05	3.98	3.99	20219700	81199264.00
2022/10/28	3.97	3.98	3.87	3.91	21826700	85799824.00
2022/10/31	3.87	3.93	3.84	3.88	23549550	91413768.00
2022/11/01	3.89	3.97	3.86	3.97	20568896	80587688.00
2022/11/02	3.97	4.02	3.96	4.01	24108470	96224384.00
2022/11/03	3.99	4.01	3.96	3.98	17888999	71262360.00
2022/11/04	3.98	4.11	3.97	4.08	37368134	151895008.00
2022/11/07	4.13	4.14	4.08	4.12	31346650	128600504.00
2022/11/08	4.12	4.12	4.05	4.09	18933332	77170464.00
2022/11/09	4.09	4.10	4.05	4.06	13843761	56386592.00
2022/11/10	4.04	4.08	4.01	4.07	18695153	75669936.00
2022/11/11	4.11	4.14	4.07	4.08	25149677	102924416.00
2022/11/14	4.09	4.10	4.03	4.04	21628273	87904536.00
2022/11/15	4.05	4.10	4.04	4.10	22102071	90099008.00
2022/11/16	4.09	4.12	4.07	4.09	21769836	89047784.00
2022/11/17	4.08	4.08	4.04	4.07	17004097	68996792.00
2022/11/18	4.08	4.11	4.06	4.09	22015828	90072576.00
2022/11/21	4.09	4.09	4.04	4.06	17652800	71671472.00
2022/11/22	4.06	4.19	4.04	4.13	50967508	210240016.00
2022/11/23	4.14	4.17	4.10	4.17	31682000	131422392.00
2022/11/24	4.18	4.23	4.15	4.16	26679918	111457608.00
2022/11/25	4.15	4.29	4.10	4.25	63942435	270537312.00
2022/11/28	4.20	4.20	4.14	4.17	41273733	171858096.00
2022/11/29	4.15	4.20	4.15	4.18	28866492	120572504.00
2022/11/30	4.18	4.25	4.17	4.24	34323700	144980512.00
2022/12/01	4.25	4.32	4.21	4.23	40573286	172619392.00
2022/12/02	4.22	4.27	4.21	4.24	21581570	91521416.00
2022/12/05	4.25	4.34	4.24	4.33	45076026	194184192.00
2022/12/06	4.33	4.33	4.25	4.27	31175459	133611016.00
2022/12/07	4.28	4.31	4.23	4.24	25985684	110588376.00
2022/12/08	4.23	4.26	4.21	4.22	20128999	85139600.00
2022/12/09	4.23	4.26	4.22	4.24	20020031	84829184.00
2022/12/12	4.21	4.24	4.15	4.16	26018887	108862568.00
2022/12/13	4.17	4.23	4.15	4.21	21848371	91702592.00
2022/12/14	4.21	4.22	4.11	4.12	23474848	97428248.00
2022/12/15	4.13	4.15	4.11	4.13	12549236	51818104.00
2022/12/16	4.12	4.15	4.10	4.11	15715257	64657896.00
2022/12/19	4.09	4.11	4.01	4.02	19498267	78924688.00
2022/12/20	4.01	4.05	4.00	4.03	12539841	50490216.00
2022/12/21	4.03	4.04	3.98	4.01	11856115	47527584.00
2022/12/22	4.02	4.04	3.97	3.97	13318248	53302760.00
2022/12/23	3.96	4.00	3.94	3.94	13907201	55073428.00
2022/12/26	3.96	3.97	3.93	3.96	16297409	64305880.00
2022/12/27	3.96	3.98	3.96	3.98	10623600	42209716.00
2022/12/28	3.98	4.00	3.96	3.99	11719784	46725856.00
2022/12/29	3.97	3.98	3.94	3.94	14883512	58926528.00
2022/12/30	3.96	3.97	3.93	3.94	11507340	45433820.00
2023/01/03	3.95	4.01	3.92	4.00	19082183	75647296.00
2023/01/04	3.99	4.01	3.97	4.00	18199406	72596696.00
2023/01/05	4.01	4.02	3.97	4.01	16920920	67611880.00
2023/01/06	4.01	4.04	3.98	3.99	17559594	70371528.00
2023/01/09	3.99	4.03	3.99	4.01	13155200	52770784.00
2023/01/10	4.01	4.01	3.98	3.99	10903781	43555324.00
2023/01/11	3.99	4.00	3.94	3.95	14047800	55768752.00
2023/01/12	3.95	3.98	3.93	3.97	11633673	46025516.00
2023/01/13	3.97	3.98	3.95	3.98	9941057	39377080.00
2023/01/16	3.99	4.03	3.98	4.03	19783669	79485952.00
2023/01/17	4.03	4.03	3.99	4.01	11580381	46360716.00
2023/01/18	4.02	4.03	3.99	4.01	11078261	44371468.00
2023/01/19	4.01	4.02	3.98	4.02	15874470	63570264.00
2023/01/20	4.02	4.07	4.01	4.07	21704600	87945696.00
2023/01/30	4.10	4.13	4.08	4.11	24594700	100903768.00
2023/01/31	4.08	4.11	4.06	4.09	20080312	82077776.00
2023/02/01	4.09	4.14	4.09	4.14	23877704	98336944.00
2023/02/02	4.15	4.17	4.12	4.14	21934911	90968560.00
2023/02/03	4.14	4.14	4.08	4.12	19063601	78256688.00
2023/02/06	4.12	4.14	4.09	4.13	15865035	65375348.00
2023/02/07	4.13	4.14	4.11	4.14	14351912	59145556.00
2023/02/08	4.14	4.15	4.11	4.11	15588300	64320496.00
2023/02/09	4.11	4.16	4.10	4.16	20814408	86197360.00
2023/02/10	4.16	4.20	4.15	4.19	26119357	109193440.00
2023/02/13	4.20	4.22	4.19	4.20	25824885	108625848.00
2023/02/14	4.21	4.21	4.17	4.20	17332200	72588504.00
2023/02/15	4.20	4.21	4.17	4.19	15050989	62948376.00
2023/02/16	4.19	4.22	4.10	4.12	36230700	150956288.00
2023/02/17	4.12	4.16	4.10	4.12	23960100	99062984.00
2023/02/20	4.14	4.17	4.12	4.16	22389093	92834448.00
2023/02/21	4.17	4.21	4.15	4.20	29468000	123479184.00
2023/02/22	4.18	4.21	4.18	4.20	15262999	64061780.00
2023/02/23	4.20	4.22	4.16	4.18	16490450	69029528.00
2023/02/24	4.18	4.18	4.15	4.17	13081500	54439108.00
2023/02/27	4.14	4.18	4.14	4.15	13370815	55584904.00
2023/02/28	4.16	4.20	4.13	4.19	25787686	107396448.00
2023/03/01	4.19	4.25	4.17	4.19	49321946	207175872.00
2023/03/02	4.22	4.31	4.20	4.27	52618933	224818144.00
2023/03/03	4.28	4.34	4.25	4.33	54753592	235564160.00
2023/03/06	4.34	4.35	4.31	4.34	29396544	127138424.00
2023/03/07	4.33	4.39	4.28	4.29	40572493	176230896.00
2023/03/08	4.31	4.32	4.24	4.27	25468827	108712680.00
2023/03/09	4.28	4.30	4.25	4.28	19799831	84640536.00
2023/03/10	4.26	4.26	4.19	4.20	29928509	126438096.00
2023/03/13	4.19	4.23	4.18	4.21	19269584	81040464.00
2023/03/14	4.20	4.24	4.16	4.19	23844198	100105120.00
2023/03/15	4.22	4.54	4.21	4.47	110332580	487550400.00
2023/03/16	4.50	4.51	4.38	4.39	51726501	228895584.00
2023/03/17	4.42	4.64	4.42	4.53	87731585	399251744.00
2023/03/20	4.54	4.74	4.54	4.60	103632675	482586912.00
2023/03/21	4.60	4.69	4.57	4.60	63915536	295088992.00
2023/03/22	4.61	4.63	4.54	4.58	44114745	201923920.00
2023/03/23	4.58	4.60	4.53	4.57	37699438	172290256.00
2023/03/24	4.57	4.57	4.48	4.51	48293672	218337968.00
2023/03/27	4.52	4.53	4.44	4.46	35471810	158371904.00
2023/03/28	4.48	4.49	4.43	4.45	26382668	117479432.00
2023/03/29	4.46	4.47	4.38	4.41	32648610	144136800.00
2023/03/30	4.45	4.53	4.42	4.52	55363263	248862336.00
2023/03/31	4.50	4.51	4.39	4.42	46846982	207748592.00
2023/04/03	4.42	4.52	4.42	4.50	46568679	208816880.00
2023/04/04	4.50	4.55	4.46	4.50	35272584	158798080.00
2023/04/06	4.50	4.67	4.47	4.63	62771612	289273024.00
2023/04/07	4.62	4.68	4.56	4.58	36539892	167772784.00
2023/04/10	4.59	4.67	4.58	4.60	40371106	186659344.00
2023/04/11	4.61	4.62	4.52	4.57	35796083	163171536.00
2023/04/12	4.57	4.62	4.54	4.60	27565189	126360984.00
2023/04/13	4.61	4.74	4.55	4.56	58392587	270826144.00
2023/04/14	4.58	4.73	4.55	4.70	80166994	374105664.00
2023/04/17	4.71	4.76	4.67	4.70	50752857	238737408.00
2023/04/18	4.69	4.71	4.58	4.66	46893645	217704768.00
2023/04/19	4.64	4.67	4.59	4.62	28192043	130382344.00
2023/04/20	4.61	4.67	4.56	4.66	31397536	144865152.00
2023/04/21	4.66	4.66	4.52	4.53	39626836	181697152.00
2023/04/24	4.54	4.57	4.48	4.52	33602723	152082400.00
2023/04/25	4.52	4.53	4.41	4.48	33681567	150298128.00
2023/04/26	4.60	4.72	4.56	4.71	107151254	498905664.00
2023/04/27	4.68	4.75	4.62	4.71	63254598	295925056.00
2023/04/28	4.70	4.71	4.65	4.69	40887345	191313648.00
2023/05/04	4.66	4.85	4.64	4.70	144187226	683804544.00
2023/05/05	4.66	4.68	4.56	4.58	61340580	282544000.00
2023/05/08	4.61	4.71	4.57	4.58	118619900	545280832.00
2023/05/09	4.59	4.72	4.54	4.65	99263037	461419040.00
2023/05/10	4.63	4.74	4.58	4.70	68318183	319583104.00
2023/05/11	4.69	4.81	4.67	4.74	62560142	297216224.00
2023/05/12	4.73	4.77	4.67	4.69	44459593	209212592.00
2023/05/15	4.68	4.71	4.60	4.69	44052703	204849200.00
2023/05/16	4.69	4.77	4.67	4.72	54397310	257333056.00
2023/05/17	4.69	4.70	4.61	4.66	44615562	207258448.00
2023/05/18	4.64	4.68	4.61	4.63	32818292	152235440.00
2023/05/19	4.62	4.62	4.55	4.55	39302840	179636304.00
2023/05/22	4.55	4.59	4.53	4.56	25819848	117783224.00
2023/05/23	4.55	4.55	4.44	4.45	40942768	183482976.00
2023/05/24	4.44	4.45	4.38	4.39	34743980	153041584.00
2023/05/25	4.36	4.42	4.35	4.41	27831596	122081216.00
2023/05/26	4.41	4.42	4.36	4.41	18623800	81669664.00
2023/05/29	4.43	4.50	4.40	4.45	33504324	148799424.00
2023/05/30	4.44	4.49	4.41	4.49	32676616	145400816.00
2023/05/31	4.45	4.94	4.45	4.83	211251424	1011809280.00
2023/06/01	4.75	4.80	4.71	4.73	75173368	357109184.00
2023/06/02	4.74	4.76	4.66	4.67	49855808	234388320.00
2023/06/05	4.69	4.70	4.62	4.64	34407920	159736672.00
2023/06/06	4.63	4.67	4.57	4.59	40317080	186438592.00
2023/06/07	4.58	4.60	4.53	4.57	31654916	144214016.00
2023/06/08	4.56	4.61	4.52	4.61	36462904	166326000.00
2023/06/09	4.59	4.59	4.54	4.57	34166200	155654096.00
2023/06/12	4.57	4.58	4.52	4.53	24953966	113261176.00
2023/06/13	4.54	4.58	4.52	4.54	21985682	99814416.00
2023/06/14	4.56	4.56	4.47	4.50	28286986	127316480.00
2023/06/15	4.52	4.53	4.48	4.53	24390800	109867096.00
2023/06/16	4.54	4.61	4.53	4.60	44366712	203303120.00
2023/06/19	4.58	4.65	4.57	4.64	32584632	150567200.00
2023/06/20	4.64	4.65	4.59	4.61	23935928	110269784.00
2023/06/21	4.59	4.63	4.53	4.54	29667376	135665312.00
2023/06/26	4.53	4.53	4.44	4.46	34045116	152583152.00
2023/06/27	4.46	4.63	4.45	4.61	41727492	190392912.00
2023/06/28	4.60	4.64	4.55	4.63	32884500	151530848.00
2023/06/29	4.63	4.66	4.58	4.60	25664016	118559728.00
2023/06/30	4.60	4.63	4.57	4.57	27282600	125381936.00
2023/07/03	4.57	4.68	4.57	4.64	34730936	161083488.00
2023/07/04	4.65	4.65	4.60	4.62	21923810	101387848.00
2023/07/05	4.61	4.64	4.57	4.59	17832700	82008880.00
2023/07/06	4.58	4.60	4.55	4.57	18982920	86792024.00
2023/07/07	4.55	4.59	4.54	4.56	13114026	59872008.00
2023/07/10	4.59	4.68	4.58	4.65	50549144	234498016.00
2023/07/11	4.65	4.68	4.62	4.66	29727928	138338384.00
2023/07/12	4.68	4.70	4.62	4.63	37120044	173221824.00
2023/07/13	4.67	4.70	4.64	4.67	32282200	150600544.00
2023/07/14	4.68	4.72	4.66	4.69	36135020	169393680.00
2023/07/17	4.70	4.78	4.68	4.74	42635188	201931664.00
2023/07/18	4.75	4.77	4.72	4.75	30689536	145710096.00
2023/07/19	4.76	4.76	4.70	4.74	23260292	109980216.00
2023/07/20	4.74	4.76	4.65	4.66	27767788	130471776.00
2023/07/21	4.64	4.68	4.62	4.64	21028338	97658592.00
2023/07/24	4.63	4.66	4.60	4.65	17299200	80268144.00
2023/07/25	4.69	4.70	4.65	4.69	27813140	130101776.00
2023/07/26	4.68	4.70	4.66	4.68	13850710	64784324.00
2023/07/27	4.68	4.76	4.67	4.70	28865544	136268688.00
2023/07/28	4.70	4.74	4.67	4.74	24342086	114702360.00
2023/07/31	4.75	4.78	4.72	4.77	39154400	186073168.00
2023/08/01	4.81	4.83	4.78	4.82	46514232	223683568.00
2023/08/02	4.83	4.90	4.80	4.82	45145600	218564112.00
2023/08/03	4.83	4.83	4.76	4.80	27301560	130759328.00
2023/08/04	4.81	4.85	4.76	4.78	38028376	182304304.00
2023/08/07	4.79	4.80	4.73	4.75	21380900	101551472.00
2023/08/08	4.75	4.76	4.72	4.75	20515800	97237240.00
2023/08/09	4.75	4.75	4.69	4.73	27261494	128439568.00
2023/08/10	4.73	4.73	4.68	4.70	19885912	93546416.00
2023/08/11	4.71	4.72	4.63	4.63	25566416	119307792.00
2023/08/14	4.60	4.62	4.52	4.61	35101016	160333456.00
2023/08/15	4.61	4.62	4.55	4.59	18302198	83862704.00
2023/08/16	4.59	4.60	4.52	4.53	19517112	88947192.00
2023/08/17	4.51	4.56	4.46	4.54	21545262	97190688.00
2023/08/18	4.53	4.58	4.52	4.52	19289280	87740800.00
2023/08/21	4.50	4.51	4.43	4.43	25917222	115917600.00
2023/08/22	4.44	4.48	4.40	4.45	22691336	100760328.00
2023/08/23	4.45	4.50	4.42	4.43	20368436	90800344.00
2023/08/24	4.43	4.45	4.40	4.40	22296100	98571184.00
2023/08/25	4.38	4.45	4.36	4.39	18878100	83187984.00
2023/08/28	4.60	4.60	4.40	4.41	45863416	205577920.00
2023/08/29	4.42	4.47	4.40	4.47	32842736	145908800.00
2023/08/30	4.47	4.50	4.43	4.44	23794764	105973496.00
2023/08/31	4.46	4.51	4.42	4.47	38598580	172437568.00
2023/09/01	4.48	4.50	4.45	4.47	23168228	103533896.00
2023/09/04	4.48	4.56	4.47	4.55	28443438	128510832.00
2023/09/05	4.51	4.57	4.50	4.57	26108004	118441128.00
2023/09/06	4.57	4.85	4.52	4.75	141296352	667364544.00
2023/09/07	4.65	4.65	4.45	4.46	122917472	558988288.00
2023/09/08	4.43	4.91	4.43	4.73	252961392	1211417856.00
2023/09/11	4.80	5.15	4.68	5.00	408270208	2000441856.00
2023/09/12	4.92	5.00	4.83	4.88	221009904	1081147264.00
2023/09/13	4.87	4.88	4.71	4.79	158715536	759563456.00
2023/09/14	4.77	5.08	4.76	4.98	238110832	1180400384.00
2023/09/15	4.93	4.97	4.81	4.93	171113152	836031872.00
2023/09/18	4.87	4.88	4.79	4.81	89488048	431162816.00
2023/09/19	4.79	4.95	4.75	4.79	112423680	545094912.00
2023/09/20	4.75	4.77	4.67	4.68	92945816	437019008.00
2023/09/21	4.67	4.74	4.66	4.67	50603264	237486224.00
2023/09/22	4.68	4.71	4.62	4.70	65476712	305788544.00
2023/09/25	4.70	4.80	4.67	4.73	72785304	345269184.00
2023/09/26	4.70	4.71	4.65	4.65	57625696	269282752.00
2023/09/27	4.65	4.69	4.62	4.63	50405384	234176032.00
2023/09/28	4.64	4.70	4.63	4.68	43770456	204341472.00
2023/10/09	4.67	4.74	4.64	4.69	41788504	195905184.00
2023/10/10	4.70	4.74	4.64	4.64	44932464	210086256.00
2023/10/11	4.63	4.82	4.61	4.78	105251408	499802240.00
2023/10/12	4.78	4.83	4.71	4.76	60619936	287644512.00
2023/10/13	4.75	4.75	4.68	4.71	41150356	193678128.00
2023/10/16	4.70	4.70	4.65	4.67	38623760	180410384.00
2023/10/17	4.67	4.75	4.66	4.73	51523068	243299824.00
2023/10/18	4.72	4.74	4.60	4.61	55294900	257259952.00
2023/10/19	4.58	4.62	4.51	4.52	55004276	250688128.00
2023/10/20	4.50	4.54	4.46	4.49	46414392	208974672.00
2023/10/23	4.49	4.50	4.38	4.40	37130736	164485824.00
2023/10/24	4.41	4.44	4.35	4.39	40728300	178825584.00
2023/10/25	4.41	4.46	4.40	4.42	40650960	180029696.00
2023/10/26	4.40	4.50	4.35	4.47	51010712	225738640.00
2023/10/27	4.45	4.56	4.45	4.54	55752260	251138240.00
2023/10/30	4.56	4.56	4.50	4.54	51672548	234120160.00
2023/10/31	4.53	4.53	4.41	4.44	53084284	236326736.00
2023/11/01	4.45	4.46	4.38	4.41	35352148	155757696.00
2023/11/02	4.41	4.43	4.38	4.38	25485464	112276352.00
2023/11/03	4.38	4.43	4.38	4.40	35055248	154552608.00
2023/11/06	4.42	4.48	4.41	4.47	44255404	196733504.00
2023/11/07	4.46	4.49	4.44	4.46	34165148	152453120.00
2023/11/08	4.45	4.56	4.43	4.49	51451724	230417088.00
2023/11/09	4.48	4.49	4.43	4.44	33406388	148871984.00
2023/11/10	4.43	4.43	4.39	4.41	27028100	119084576.00
2023/11/13	4.56	4.59	4.47	4.53	74385168	336460416.00
2023/11/14	4.54	4.72	4.52	4.60	82688768	382376352.00
2023/11/15	4.62	4.64	4.54	4.56	52191896	238365344.00
2023/11/16	4.56	4.61	4.51	4.56	47877112	218269248.00
2023/11/17	4.54	4.55	4.51	4.54	33691916	152550864.00
2023/11/20	4.54	4.56	4.51	4.55	32614212	148015056.00
2023/11/21	4.54	4.56	4.49	4.50	39816700	180225152.00
2023/11/22	4.50	4.51	4.44	4.45	27203090	121763880.00
2023/11/23	4.45	4.47	4.43	4.46	25582960	113881824.00
2023/11/24	4.45	4.46	4.41	4.42	24984700	110791144.00
2023/11/27	4.42	4.58	4.40	4.52	56530796	253336240.00
2023/11/28	4.50	4.51	4.47	4.47	28300248	126948592.00
2023/11/29	4.46	4.49	4.41	4.44	28458610	126412480.00
2023/11/30	4.44	4.45	4.40	4.41	27184444	120145352.00
2023/12/01	4.42	4.44	4.40	4.44	22237388	98297248.00
2023/12/04	4.44	4.44	4.41	4.41	19865600	87832032.00
2023/12/05	4.41	4.42	4.32	4.33	33409804	145907648.00
2023/12/06	4.31	4.34	4.30	4.31	25355848	109552760.00
2023/12/07	4.30	4.31	4.24	4.25	32955272	140337712.00
2023/12/08	4.25	4.29	4.23	4.24	22132600	94175744.00
2023/12/11	4.22	4.26	4.17	4.26	30974440	130311728.00
2023/12/12	4.26	4.28	4.23	4.28	17940168	76503392.00
2023/12/13	4.28	4.29	4.22	4.22	19921662	84775216.00
2023/12/14	4.24	4.26	4.18	4.19	19596500	82763312.00
2023/12/15	4.21	4.25	4.18	4.18	27913884	117618536.00
2023/12/18	4.20	4.21	4.10	4.11	32569044	134730144.00
2023/12/19	4.11	4.13	4.05	4.09	25273098	103366664.00
2023/12/20	4.11	4.14	4.07	4.07	26275700	107986704.00
2023/12/21	4.05	4.11	4.02	4.09	24001980	97665792.00
2023/12/22	4.08	4.12	4.06	4.09	25243200	103215856.00
2023/12/25	4.10	4.10	4.06	4.08	13519100	55175960.00
2023/12/26	4.06	4.07	4.00	4.02	22254644	89697256.00
2023/12/27	4.02	4.08	3.99	4.07	18722144	75557176.00
2023/12/28	4.07	4.17	4.04	4.16	26732680	110396824.00
2023/12/29	4.16	4.19	4.15	4.17	20616944	85961240.00
2024/01/02	4.18	4.22	4.16	4.20	20944406	87963224.00
2024/01/03	4.20	4.23	4.18	4.22	19625100	82561880.00
2024/01/04	4.22	4.22	4.14	4.18	21456500	89494608.00
2024/01/05	4.18	4.22	4.13	4.14	24417400	101922352.00
2024/01/08	4.14	4.14	4.06	4.06	21498780	87950944.00
2024/01/09	4.06	4.11	4.05	4.08	14150501	57733804.00
2024/01/10	4.07	4.16	4.04	4.14	27266854	111989600.00
2024/01/11	4.12	4.15	4.09	4.14	21665990	89309072.00
2024/01/12	4.13	4.16	4.09	4.10	18487992	76291432.00
2024/01/15	4.08	4.14	4.06	4.11	13120100	53894308.00
2024/01/16	4.10	4.12	4.04	4.10	19838664	80915584.00
2024/01/17	4.10	4.11	4.02	4.02	20225742	82159288.00
2024/01/18	4.00	4.01	3.85	4.00	50709380	199265312.00
2024/01/19	3.99	4.02	3.95	3.98	18323996	73113832.00
2024/01/22	3.97	3.98	3.78	3.83	32354502	125904504.00
2024/01/23	3.81	3.91	3.77	3.88	25065140	96779776.00
2024/01/24	3.89	4.00	3.86	3.99	31809412	125109984.00
2024/01/25	4.01	4.13	4.01	4.13	39598920	161918256.00
2024/01/26	4.14	4.18	4.13	4.15	33740844	140036400.00
2024/01/29	4.15	4.20	4.11	4.13	34647800	144072480.00
2024/01/30	4.13	4.14	4.04	4.05	24654392	101035088.00
2024/01/31	4.04	4.09	3.97	3.98	29082056	116907264.00
2024/02/01	3.97	4.04	3.90	3.96	30060808	119409128.00
2024/02/02	3.96	4.03	3.80	3.92	35079800	137606320.00
2024/02/05	3.90	3.92	3.70	3.80	48020608	183213824.00
2024/02/06	3.76	4.00	3.75	3.99	45718772	178190928.00
2024/02/07	3.99	4.03	3.94	3.98	43006784	171638592.00
2024/02/08	4.01	4.05	3.95	4.04	53547920	214070688.00
2024/02/19	4.07	4.09	4.03	4.08	40048792	162801328.00
2024/02/20	4.06	4.08	4.04	4.06	27018646	109738240.00
2024/02/21	4.04	4.15	4.02	4.11	49415980	203085328.00
2024/02/22	4.10	4.14	4.08	4.13	27908576	114694064.00
2024/02/23	4.13	4.14	4.08	4.13	31023338	127573768.00
2024/02/26	4.14	4.24	4.14	4.20	56657568	237653856.00
2024/02/27	4.16	4.22	4.16	4.22	41121524	172264160.00
2024/02/28	4.21	4.25	4.11	4.11	54155088	226653088.00
2024/02/29	4.09	4.24	4.08	4.24	48948772	204422976.00
2024/03/01	4.26	4.33	4.22	4.25	47916104	204182192.00
2024/03/04	4.25	4.28	4.21	4.23	35565080	150756848.00
2024/03/05	4.21	4.22	4.16	4.16	34229792	143064560.00
2024/03/06	4.16	4.24	4.16	4.21	34205400	143920416.00
2024/03/07	4.22	4.24	4.17	4.18	29721600	124918232.00
2024/03/08	4.18	4.22	4.16	4.22	27303296	114330016.00
2024/03/11	4.23	4.30	4.22	4.30	49881124	213461664.00
2024/03/12	4.30	4.31	4.24	4.27	37059400	158216192.00
2024/03/13	4.27	4.35	4.24	4.29	49444240	212600720.00
2024/03/14	4.30	4.32	4.24	4.27	31534696	135032912.00
2024/03/15	4.25	4.29	4.24	4.27	38028444	162381184.00
2024/03/18	4.28	4.32	4.24	4.30	51643620	221010128.00
2024/03/19	4.28	4.29	4.24	4.24	33459500	142592736.00
2024/03/20	4.24	4.28	4.24	4.26	25086800	106763232.00
2024/03/21	4.25	4.27	4.24	4.26	25908812	110350400.00
2024/03/22	4.25	4.26	4.18	4.20	29361564	123571296.00
2024/03/25	4.21	4.22	4.15	4.15	24478180	102429608.00
2024/03/26	4.15	4.19	4.14	4.19	22653492	94294904.00
2024/03/27	4.18	4.21	4.15	4.15	30833948	128681912.00
2024/03/28	4.15	4.21	4.14	4.20	24622930	102892560.00
2024/03/29	4.17	4.23	4.16	4.22	23348684	97838368.00
2024/04/01	4.23	4.33	4.23	4.33	47962740	205907008.00
2024/04/02	4.33	4.37	4.30	4.37	57101644	248284160.00
2024/04/03	4.37	4.39	4.33	4.37	41114844	179407392.00
2024/04/08	4.36	4.46	4.35	4.37	53374152	235820640.00
2024/04/09	4.37	4.39	4.33	4.34	31637072	137716256.00
2024/04/10	4.34	4.39	4.28	4.31	31852672	137959696.00
2024/04/11	4.28	4.43	4.28	4.39	45653836	199632432.00
2024/04/12	4.39	4.41	4.33	4.34	27870926	121830880.00
2024/04/15	4.34	4.49	4.29	4.45	64340880	284913856.00
2024/04/16	4.45	4.50	4.40	4.41	69419504	309214624.00
2024/04/17	4.39	4.52	4.39	4.52	67904680	303468192.00
2024/04/18	4.52	4.57	4.48	4.49	51193468	231431168.00
2024/04/19	4.47	4.53	4.46	4.51	46620336	210008384.00
2024/04/22	4.52	4.54	4.45	4.45	35164596	157814224.00
2024/04/23	4.45	4.47	4.38	4.39	32677570	144367920.00
2024/04/24	4.41	4.48	4.39	4.46	29123076	129503008.00
2024/04/25	4.44	4.51	4.43	4.50	27270600	122178864.00
2024/04/26	4.49	4.52	4.47	4.51	29874404	134330176.00
2024/04/29	4.51	4.55	4.48	4.54	38708056	175080752.00
2024/04/30	4.48	4.48	4.30	4.31	89160488	387602048.00
2024/05/06	4.33	4.42	4.32	4.37	62896024	274226688.00
2024/05/07	4.36	4.40	4.35	4.37	30100462	131599616.00
2024/05/08	4.36	4.37	4.32	4.32	29929044	130079968.00
2024/05/09	4.31	4.38	4.31	4.38	27408108	119669088.00
2024/05/10	4.37	4.45	4.35	4.44	39643468	174786448.00
2024/05/13	4.42	4.48	4.39	4.45	29121368	129375880.00
2024/05/14	4.43	4.48	4.41	4.42	24700888	109578048.00
2024/05/15	4.42	4.43	4.34	4.34	25628600	112177624.00
2024/05/16	4.34	4.37	4.32	4.33	21219808	92224488.00
2024/05/17	4.33	4.38	4.32	4.38	21163610	92078016.00
2024/05/20	4.37	4.41	4.34	4.35	28688154	125274960.00
2024/05/21	4.35	4.35	4.28	4.29	31659796	136134992.00
2024/05/22	4.28	4.32	4.27	4.28	15772610	67698896.00
2024/05/23	4.27	4.30	4.20	4.21	30313440	128302960.00
2024/05/24	4.20	4.29	4.20	4.25	27724028	118079024.00
2024/05/27	4.25	4.32	4.22	4.32	23636300	101205888.00
2024/05/28	4.31	4.35	4.30	4.32	21581600	93471872.00
2024/05/29	4.32	4.32	4.27	4.27	16327100	70051424.00
2024/05/30	4.28	4.33	4.25	4.26	18845700	80693632.00
2024/05/31	4.26	4.29	4.21	4.21	36174792	153000544.00
2024/06/03	4.20	4.21	3.88	3.92	131120168	518499264.00
2024/06/04	3.92	3.99	3.90	3.98	56214496	221761088.00
2024/06/05	3.98	3.98	3.90	3.91	37472000	147555072.00
2024/06/06	3.90	3.93	3.82	3.83	51928768	200430704.00
2024/06/07	3.84	3.90	3.84	3.88	29365016	113621736.00
2024/06/11	3.86	3.89	3.84	3.86	22853062	88297408.00
2024/06/12	3.87	3.88	3.83	3.85	26523200	102110448.00
2024/06/13	3.86	3.87	3.81	3.83	23419204	89861528.00
2024/06/14	3.83	3.86	3.80	3.82	23525392	90117056.00
2024/06/17	3.82	3.87	3.80	3.83	24036542	92304616.00
2024/06/18	3.84	3.90	3.82	3.90	25079000	97027328.00
2024/06/19	3.89	3.91	3.84	3.84	24141338	93214216.00
2024/06/20	3.83	3.85	3.79	3.83	32072700	122508184.00
2024/06/21	3.81	3.84	3.79	3.79	21730360	82747952.00
2024/06/24	3.79	3.79	3.66	3.68	34362128	127740704.00
2024/06/25	3.69	3.73	3.66	3.69	23314724	86168704.00
2024/06/26	3.68	3.75	3.67	3.74	18128860	67212744.00
2024/06/27	3.72	3.74	3.68	3.68	17039600	63075828.00
2024/06/28	3.68	3.74	3.65	3.70	26736426	99040056.00
2024/07/01	3.70	3.75	3.69	3.74	19120366	71070296.00
2024/07/02	3.74	3.76	3.71	3.73	17572300	65632200.00
2024/07/03	3.73	3.74	3.71	3.72	14790738	55052952.00
2024/07/04	3.71	3.73	3.63	3.63	24046000	88191216.00
2024/07/05	3.62	3.65	3.61	3.63	16212127	58873608.00
2024/07/08	3.62	3.63	3.42	3.48	45798848	161132336.00
2024/07/09	3.46	3.57	3.45	3.56	28538488	100260840.00
2024/07/10	3.55	3.57	3.51	3.52	18427800	65178920.00
2024/07/11	3.57	3.67	3.56	3.66	25894708	93921120.00
2024/07/12	3.65	3.67	3.63	3.64	12891200	47022736.00
2024/07/15	3.64	3.65	3.58	3.60	11636463	41955484.00
2024/07/16	3.61	3.62	3.58	3.61	14434037	51966544.00
2024/07/17	3.62	3.64	3.58	3.62	14661797	53002832.00
2024/07/18	3.62	3.63	3.56	3.60	20134036	72230064.00
2024/07/19	3.60	3.65	3.58	3.64	17693908	64215580.00
2024/07/22	3.65	3.73	3.63	3.70	28969680	107059896.00
2024/07/23	3.70	3.73	3.64	3.64	19466958	71824280.00
2024/07/24	3.63	3.72	3.62	3.70	25079316	92227648.00
2024/07/25	3.69	3.73	3.66	3.72	22595746	83722672.00
2024/07/26	3.73	3.81	3.72	3.80	32556120	123170352.00
2024/07/29	3.81	3.84	3.77	3.80	26631168	101418408.00
2024/07/30	3.79	3.83	3.77	3.79	22765452	86328768.00
2024/07/31	3.80	3.88	3.78	3.87	31936584	122973216.00
2024/08/01	3.87	3.92	3.86	3.87	25602976	99512896.00
2024/08/02	3.86	3.87	3.78	3.79	32114100	122892032.00
2024/08/05	3.77	3.82	3.74	3.75	24068100	91053024.00
2024/08/06	3.79	3.80	3.73	3.76	19571476	73532096.00
2024/08/07	3.77	3.79	3.76	3.77	14483840	54688844.00
2024/08/08	3.77	3.80	3.74	3.79	15460387	58376040.00
2024/08/09	3.78	3.81	3.75	3.75	14471544	54666748.00
2024/08/12	3.76	3.78	3.70	3.72	15421500	57508088.00
2024/08/13	3.71	3.76	3.68	3.76	13931746	51943364.00
2024/08/14	3.75	3.76	3.69	3.69	14516038	53921356.00
2024/08/15	3.69	3.76	3.67	3.75	19040716	70933616.00
2024/08/16	3.74	3.75	3.69	3.70	14438500	53665672.00
2024/08/19	3.69	3.74	3.68	3.69	14586274	54057536.00
2024/08/20	3.73	3.74	3.64	3.66	18010924	66053944.00
2024/08/21	3.67	3.67	3.62	3.63	14485656	52754632.00
2024/08/22	3.65	3.66	3.60	3.61	17483620	63576792.00
2024/08/23	3.61	3.63	3.56	3.58	19308868	69238144.00
2024/08/26	3.59	3.62	3.56	3.58	20264952	72728224.00
2024/08/27	3.58	3.59	3.51	3.53	20980000	74344968.00
2024/08/28	3.52	3.59	3.51	3.54	15075800	53498264.00
2024/08/29	3.54	3.62	3.53	3.59	15458400	55481956.00
2024/08/30	3.59	3.67	3.58	3.63	24446526	88790640.00
2024/09/02	3.68	3.80	3.64	3.65	45272136	167663504.00
2024/09/03	3.66	3.76	3.63	3.75	37073092	138092944.00
2024/09/04	3.71	3.78	3.71	3.73	22269848	83329424.00
2024/09/05	3.71	3.74	3.71	3.73	18537000	69053656.00
2024/09/06	3.73	3.78	3.72	3.72	17605200	65954320.00
2024/09/09	3.71	3.73	3.67	3.68	19423998	71822136.00
2024/09/10	3.68	3.72	3.62	3.70	18382200	67398576.00
2024/09/11	3.69	3.73	3.67	3.71	15146000	56177744.00
2024/09/12	3.73	3.80	3.72	3.78	23590252	89083608.00
2024/09/13	3.77	3.79	3.74	3.74	17858230	67232400.00
2024/09/18	3.98	3.99	3.78	3.83	84525016	326215232.00
2024/09/19	3.82	3.87	3.76	3.78	67995400	258749776.00
2024/09/20	3.80	3.87	3.78	3.81	47454312	181372352.00
2024/09/23	3.78	3.80	3.73	3.77	30514848	114919360.00
2024/09/24	3.76	3.87	3.76	3.86	46497864	177987552.00
2024/09/25	3.90	4.04	3.90	3.96	78075600	310641344.00
2024/09/26	3.97	4.03	3.94	4.03	51173448	203849904.00
2024/09/27	4.10	4.14	4.06	4.14	55376628	226983616.00
2024/09/30	4.31	4.53	4.27	4.52	188476928	831446144.00
2024/10/08	4.97	4.97	4.64	4.88	277882720	1349595136.00
2024/10/09	4.85	4.86	4.51	4.63	177277888	829373568.00
2024/10/10	4.70	4.80	4.60	4.65	107893040	506467200.00
2024/10/11	4.66	4.66	4.40	4.43	94335080	425826912.00
2024/10/14	4.46	4.52	4.42	4.49	72000464	321880896.00
2024/10/15	4.46	4.55	4.41	4.42	70207168	313773280.00
2024/10/16	4.36	4.42	4.33	4.39	51501884	225785872.00
2024/10/17	4.44	4.64	4.43	4.43	99789280	449914240.00
2024/10/18	4.40	4.58	4.36	4.52	104667136	468511136.00
2024/10/21	4.97	4.97	4.97	4.97	69411136	344973344.00
2024/10/22	5.47	5.47	5.47	5.47	34905320	190932096.00
2024/10/23	6.02	6.02	5.63	6.02	985781248	5809579008.00
2024/10/24	6.10	6.16	5.73	5.81	912756480	5405177344.00
2024/10/25	5.74	6.39	5.58	6.39	1020379648	6231301120.00
2024/10/28	6.78	7.03	6.69	7.03	524326592	3635048448.00
2024/10/29	7.73	7.73	7.40	7.73	491543904	3788928768.00
2024/10/30	7.96	8.50	7.32	8.50	1583940864	12601805824.00
2024/10/31	8.99	9.35	8.88	9.00	912225152	8420647424.00
2024/11/01	9.00	9.70	8.10	8.10	1188461952	10295347200.00
2024/11/04	7.60	8.91	7.60	8.91	1266798464	10740611072.00
2024/11/05	9.65	9.80	9.46	9.80	316220288	3062608640.00
2024/11/06	10.78	10.78	10.78	10.78	54720424	589886208.00
2024/11/07	11.45	11.86	10.22	11.18	2177101056	24892338176.00
2024/11/08	11.00	12.30	11.00	12.30	1542864640	18568695808.00
2024/11/11	11.09	11.97	11.07	11.07	1518333184	17077863424.00
2024/11/12	10.71	11.48	10.10	10.58	953273088	10123423744.00
2024/11/13	10.94	11.12	10.36	10.71	637609984	6819282944.00
2024/11/14	10.30	10.47	9.66	9.67	745690176	7446226432.00
2024/11/15	9.42	10.16	8.91	9.75	881067712	8346732032.00
2024/11/18	9.50	9.50	8.78	8.78	620350016	5622364672.00
2024/11/19	8.48	9.60	8.33	9.38	653798528	5786763264.00
2024/11/20	9.30	10.19	9.09	9.85	736251584	7022277632.00
2024/11/21	9.56	10.45	9.53	10.08	717448320	7253762560.00
2024/11/22	10.30	10.40	9.60	9.85	619279936	6186491904.00
2024/11/25	9.76	9.77	9.07	9.07	462108992	4290174720.00
2024/11/26	8.92	9.24	8.69	8.86	434663360	3901091584.00
2024/11/27	8.75	8.90	8.52	8.84	410237952	3570198528.00
2024/11/28	8.86	8.92	8.48	8.49	421034880	3648591360.00
2024/11/29	8.45	8.77	8.16	8.50	558789824	4702448640.00
2024/12/02	8.42	9.35	8.35	9.35	721069760	6395949056.00
2024/12/03	9.55	10.20	9.34	9.75	924364608	8944971776.00
2024/12/04	9.60	9.63	9.06	9.10	557689600	5204057600.00
2024/12/05	9.00	9.60	8.94	9.37	485921856	4538480640.00
2024/12/06	9.31	9.31	9.01	9.13	422391328	3862137856.00
2024/12/09	9.13	9.21	8.85	8.92	308864320	2780755200.00
2024/12/10	9.21	9.29	8.95	8.98	381985696	3484531712.00
2024/12/11	9.14	9.29	9.03	9.11	320422880	2927354880.00
2024/12/12	9.02	9.05	8.82	8.96	316552928	2826601728.00
2024/12/13	8.92	8.92	8.66	8.67	294042336	2573275392.00
2024/12/16	8.67	9.00	8.50	8.81	387517056	3393168384.00
2024/12/17	8.70	8.72	8.40	8.41	247257680	2103582848.00
2024/12/18	8.41	8.54	8.37	8.43	159782624	1351050368.00
2024/12/19	8.30	8.49	8.20	8.41	160389344	1340843904.00
2024/12/20	8.42	8.68	8.32	8.51	247463104	2105587456.00
2024/12/23	8.42	8.45	8.16	8.16	210285392	1738414336.00
2024/12/24	8.13	8.36	8.11	8.30	176902704	1457969920.00
2024/12/25	8.33	8.33	8.01	8.03	180977472	1463185024.00
2024/12/26	8.01	8.14	7.94	8.03	140656368	1132116992.00
2024/12/27	8.01	8.36	7.98	8.16	259040960	2130556544.00
2024/12/30	8.02	8.17	7.88	8.02	178280320	1426911104.00
2024/12/31	8.00	8.35	7.88	8.11	337553888	2739108352.00
2025/01/02	8.05	8.05	7.51	7.62	307762816	2387410688.00
2025/01/03	7.49	7.56	7.12	7.15	271775968	1981439744.00
2025/01/06	6.97	7.19	6.92	6.99	192005056	1348334336.00
2025/01/07	7.05	7.18	7.05	7.18	166253120	1183895552.00
2025/01/08	7.15	7.18	6.88	7.11	188900208	1331744384.00
2025/01/09	7.13	7.26	7.11	7.15	170223792	1221522176.00
2025/01/10	7.12	7.32	7.01	7.01	219004672	1572041216.00
2025/01/13	6.93	7.03	6.80	6.94	141613312	981547392.00
2025/01/14	6.98	7.36	6.96	7.35	273686112	1973122176.00
2025/01/15	7.31	7.31	7.17	7.20	172104944	1241056384.00
2025/01/16	7.25	7.35	7.12	7.22	161403648	1167906816.00
2025/01/17	7.16	7.24	7.13	7.17	108024656	775565120.00
2025/01/20	7.22	7.30	7.13	7.16	122399040	883797376.00
2025/01/21	7.26	7.33	7.10	7.18	140148864	1007433600.00
2025/01/22	7.18	7.35	7.08	7.11	238613328	1716785280.00
2025/01/23	7.15	7.82	7.15	7.82	681227968	5243657728.00
2025/01/24	7.70	7.78	7.43	7.74	599191424	4548503552.00
2025/01/27	7.73	7.73	7.22	7.22	372786272	2758198528.00
2025/02/05	7.30	7.45	7.20	7.35	232551184	1704936832.00
2025/02/06	7.30	7.66	7.24	7.66	352114880	2657666048.00
2025/02/07	7.67	8.03	7.55	7.90	468241408	3662699776.00
2025/02/10	7.97	8.18	7.94	8.00	496111831	3980131328.00
2025/02/11	7.99	7.99	7.76	7.78	296914729	2320190976.00
2025/02/12	7.77	8.56	7.72	8.56	845275312	7085061120.00
2025/02/13	8.64	8.82	8.51	8.68	694474368	6030786560.00
数据来源:通达信
