600009 上海机场 日线 不复权
      日期	    开盘	    最高	    最低	    收盘	    成交量	    成交额
2020/01/02	78.78	78.91	77.10	77.36	15826563	1228130560.00
2020/01/03	77.50	77.65	76.94	77.30	9171607	708178944.00
2020/01/06	76.90	76.90	75.04	75.60	17458847	1324704512.00
2020/01/07	75.40	75.40	74.82	75.25	14346062	1076915328.00
2020/01/08	75.00	75.59	74.63	75.06	9265957	696447808.00
2020/01/09	75.59	76.06	75.37	75.56	11018143	834219392.00
2020/01/10	75.56	75.99	74.80	75.92	13348653	1007257792.00
2020/01/13	75.99	76.35	75.64	75.95	8823577	670713088.00
2020/01/14	76.01	76.28	74.46	74.56	16735537	1256263808.00
2020/01/15	74.57	74.57	73.22	73.50	17518575	1287890176.00
2020/01/16	73.68	73.99	73.27	73.49	7626603	560767616.00
2020/01/17	73.79	73.98	73.02	73.26	11084105	814378304.00
2020/01/20	72.88	73.20	71.25	71.95	25788948	1851491328.00
2020/01/21	71.02	71.10	69.69	70.40	24596558	1724334464.00
2020/01/22	69.72	71.60	69.70	70.96	18829010	1335024640.00
2020/01/23	70.09	70.33	68.49	68.98	21706716	1507332224.00
2020/02/03	62.08	65.48	62.08	63.80	52089920	3296092416.00
2020/02/04	65.00	69.29	64.66	68.20	35959636	2436330496.00
2020/02/05	68.80	71.17	68.39	70.30	23530427	1652088064.00
2020/02/06	71.12	71.70	70.40	71.62	18249595	1303423360.00
2020/02/07	71.15	71.99	70.68	71.71	12011475	858830080.00
2020/02/10	71.00	71.20	69.20	70.72	12864649	905903040.00
2020/02/11	70.91	72.43	70.85	72.22	10087009	726322112.00
2020/02/12	72.00	73.49	71.66	72.38	13136053	956390272.00
2020/02/13	72.70	73.85	71.72	72.40	13672477	995638208.00
2020/02/14	72.08	72.38	71.51	72.00	9171531	659783616.00
2020/02/17	72.13	72.16	70.55	71.57	16749675	1191217280.00
2020/02/18	71.40	72.12	70.65	70.98	12917264	920830016.00
2020/02/19	71.15	72.48	70.59	72.08	11535983	826793792.00
2020/02/20	72.05	74.22	72.00	73.80	16607589	1223427712.00
2020/02/21	73.93	73.97	72.30	72.69	12857516	934705920.00
2020/02/24	71.00	71.18	68.90	69.88	29665796	2070331776.00
2020/02/25	68.17	69.01	67.87	68.60	20522946	1403967360.00
2020/02/26	67.88	68.32	67.00	67.57	17074640	1155465344.00
2020/02/27	68.00	68.88	67.28	67.60	18512247	1257169280.00
2020/02/28	64.32	67.59	64.32	65.71	22404789	1486295424.00
2020/03/02	65.90	69.61	65.90	68.80	19604031	1339408256.00
2020/03/03	69.56	70.54	68.33	68.70	14593860	1011293824.00
2020/03/04	69.00	72.15	68.46	71.69	22193207	1569414656.00
2020/03/05	71.02	73.68	70.98	73.00	18880228	1372971392.00
2020/03/06	72.00	73.13	71.80	71.80	12087998	876761600.00
2020/03/09	70.15	71.70	68.80	70.41	17106702	1199444736.00
2020/03/10	70.24	71.71	69.46	71.00	10674880	756335360.00
2020/03/11	71.40	71.52	70.01	70.09	7233053	510591456.00
2020/03/12	69.30	70.29	68.18	69.64	12350377	853825600.00
2020/03/13	66.70	69.28	66.66	68.92	17662768	1196139008.00
2020/03/16	68.30	68.85	65.81	66.20	19320296	1292591104.00
2020/03/17	65.01	66.50	63.40	64.00	20461117	1318896384.00
2020/03/18	64.00	65.99	63.12	63.30	16450324	1062295296.00
2020/03/19	62.80	63.60	59.70	61.00	21300121	1304115200.00
2020/03/20	61.88	62.85	60.50	62.85	17826749	1101551232.00
2020/03/23	60.99	60.99	58.00	59.31	24056874	1421873664.00
2020/03/24	60.80	62.85	60.01	62.17	15565838	962218368.00
2020/03/25	63.96	65.01	63.58	64.72	12562465	806248320.00
2020/03/26	64.00	65.17	63.60	64.00	10581086	680923136.00
2020/03/27	63.97	64.49	61.51	62.09	18874210	1186725376.00
2020/03/30	60.45	60.70	59.01	59.69	14918804	893180672.00
2020/03/31	60.80	61.50	60.00	60.81	10491878	637600896.00
2020/04/01	61.35	63.46	60.81	61.66	12472351	777379264.00
2020/04/02	61.80	62.93	61.00	62.54	9852021	614076096.00
2020/04/03	62.60	63.96	62.60	63.40	9248045	587522304.00
2020/04/07	63.93	64.81	63.01	63.21	12991773	827453568.00
2020/04/08	62.95	64.48	62.72	63.94	8662811	552296448.00
2020/04/09	64.19	66.10	64.19	65.59	10410973	681013184.00
2020/04/10	65.52	66.90	64.71	65.58	8064321	532501152.00
2020/04/13	64.95	65.50	64.08	64.90	5592109	361352640.00
2020/04/14	65.32	66.16	64.71	66.10	7446376	489407200.00
2020/04/15	66.24	66.38	64.78	65.55	10736440	702134016.00
2020/04/16	65.13	65.39	64.60	65.22	6463159	420285248.00
2020/04/17	66.49	68.12	66.24	67.72	18800071	1269887616.00
2020/04/20	67.73	68.03	67.10	67.96	8621422	583343808.00
2020/04/21	67.55	67.78	65.71	66.70	8065887	536199808.00
2020/04/22	66.28	67.28	65.00	67.28	8420444	557932736.00
2020/04/23	67.20	71.80	67.20	70.98	19745468	1386188416.00
2020/04/24	70.98	71.26	70.00	70.50	8275250	584046336.00
2020/04/27	71.00	71.19	68.12	68.39	13100540	905657472.00
2020/04/28	68.50	70.50	68.24	70.50	11621817	807876928.00
2020/04/29	70.00	70.60	68.68	68.86	7856628	547661440.00
2020/04/30	70.05	71.94	70.05	70.70	12835031	912149120.00
2020/05/06	69.73	70.59	67.91	70.21	18472231	1276567808.00
2020/05/07	69.88	69.99	68.08	68.40	12350437	847947072.00
2020/05/08	68.60	69.29	68.14	69.00	10131209	698243520.00
2020/05/11	68.90	69.62	68.21	68.60	9909434	682068800.00
2020/05/12	68.55	69.08	67.75	67.90	7803767	532300896.00
2020/05/13	67.90	68.95	67.38	68.91	7234035	493027072.00
2020/05/14	68.21	68.88	67.02	67.09	8603838	581943616.00
2020/05/15	67.09	67.10	65.48	65.60	13219127	874747648.00
2020/05/18	65.59	67.52	65.36	67.23	9124388	608328064.00
2020/05/19	68.10	70.19	68.10	69.18	12680267	880124608.00
2020/05/20	69.01	69.91	67.60	67.70	8978629	616452800.00
2020/05/21	68.27	68.74	66.86	67.38	7236527	490305440.00
2020/05/22	67.37	67.37	65.01	65.50	11243575	739844416.00
2020/05/25	65.50	66.50	64.74	66.45	6216576	409593792.00
2020/05/26	66.60	69.02	66.49	68.96	9930072	677858944.00
2020/05/27	69.50	69.88	68.22	68.38	6953078	480498080.00
2020/05/28	68.82	69.80	67.72	68.50	7354554	506165728.00
2020/05/29	68.78	72.40	68.46	72.39	18828280	1343373440.00
2020/06/01	72.29	75.87	72.29	74.54	19696647	1463460864.00
2020/06/02	74.45	75.00	72.71	74.10	11698082	862628608.00
2020/06/03	73.99	74.53	73.00	73.63	7892926	581747392.00
2020/06/04	73.20	73.37	71.30	72.13	13560475	977633088.00
2020/06/05	72.44	75.10	72.24	74.28	14415527	1067565376.00
2020/06/08	75.66	75.88	73.46	74.30	13499347	1006246336.00
2020/06/09	74.56	76.50	74.50	75.93	12848432	973510592.00
2020/06/10	76.02	77.22	75.34	75.71	10567462	804671808.00
2020/06/11	75.62	76.00	74.56	75.88	9563614	719696256.00
2020/06/12	74.21	75.00	72.65	75.00	14934791	1106074624.00
2020/06/15	73.31	73.59	71.03	71.21	22995808	1651099904.00
2020/06/16	71.82	72.56	71.71	72.18	8622303	621884608.00
2020/06/17	71.51	71.55	70.00	70.80	14047761	992192064.00
2020/06/18	70.77	71.43	70.16	70.47	9730422	688301696.00
2020/06/19	70.60	71.87	70.60	71.52	10478755	747089856.00
2020/06/22	71.20	71.52	70.27	71.03	10238659	725137984.00
2020/06/23	70.73	71.20	70.35	70.76	10995373	776386624.00
2020/06/24	71.00	71.39	70.68	70.86	8317584	590158144.00
2020/06/29	70.16	70.73	68.99	70.48	16045740	1116072960.00
2020/06/30	70.80	72.11	70.70	72.07	11514981	823915264.00
2020/07/01	72.07	72.98	71.31	72.97	12516066	904031872.00
2020/07/02	72.48	75.91	72.48	75.90	17816621	1328754432.00
2020/07/03	75.70	75.70	74.40	75.30	13657515	1023097088.00
2020/07/06	75.24	78.00	74.52	77.13	19388372	1488256896.00
2020/07/07	77.95	78.85	75.80	75.91	21727042	1667716608.00
2020/07/08	75.41	75.95	74.39	74.92	20914190	1568474496.00
2020/07/09	74.92	76.64	74.52	75.82	17755737	1345346560.00
2020/07/10	75.78	76.96	74.82	75.55	13475728	1025172288.00
2020/07/13	74.95	75.55	73.60	73.90	31481781	2330750720.00
2020/07/14	73.80	74.40	72.24	72.39	21217247	1549755264.00
2020/07/15	74.00	74.86	72.58	72.80	25585016	1884520448.00
2020/07/16	72.86	73.97	69.78	69.78	26277773	1884888064.00
2020/07/17	70.40	71.50	69.79	71.50	18768412	1326225536.00
2020/07/20	71.50	73.06	70.45	72.79	17206078	1241967872.00
2020/07/21	73.37	73.44	72.21	72.99	10863535	791987072.00
2020/07/22	73.50	73.87	71.76	72.00	21052687	1533081344.00
2020/07/23	72.00	72.40	69.98	71.17	18841167	1335782656.00
2020/07/24	71.10	71.50	68.00	68.37	19341327	1345894912.00
2020/07/27	68.37	68.99	66.68	67.18	12729897	860718208.00
2020/07/28	67.93	68.22	66.78	67.50	12512411	844229824.00
2020/07/29	67.30	69.69	66.50	69.53	13938997	953974144.00
2020/07/30	69.41	69.45	68.28	68.34	8181480	561238336.00
2020/07/31	68.34	69.60	67.32	67.93	13748179	938884288.00
2020/08/03	68.34	68.58	67.70	68.30	14434466	981865920.00
2020/08/04	68.61	69.58	68.20	69.27	12069893	829635392.00
2020/08/05	68.80	68.85	67.48	67.63	17173595	1163489152.00
2020/08/06	67.65	67.83	66.89	67.20	9362862	628966784.00
2020/08/07	67.25	68.08	66.81	67.78	10925866	738002560.00
2020/08/10	67.40	68.65	66.90	68.46	11760048	801274368.00
2020/08/11	68.88	71.30	68.88	70.23	22740589	1604290944.00
2020/08/12	71.00	73.00	70.69	72.53	29891331	2160847360.00
2020/08/13	73.25	74.25	72.05	72.88	17938849	1309728640.00
2020/08/14	72.88	75.16	72.41	75.15	23030599	1709860096.00
2020/08/17	75.10	75.74	73.60	74.38	19951587	1481886336.00
2020/08/18	74.37	78.66	73.26	77.60	29266347	2222469376.00
2020/08/19	77.44	81.10	76.32	78.52	31481503	2501618688.00
2020/08/20	76.95	78.00	74.52	76.01	19336268	1474502784.00
2020/08/21	76.01	79.32	75.01	77.69	14349302	1109024256.00
2020/08/24	78.41	80.30	77.65	78.20	13018791	1024890624.00
2020/08/25	78.20	79.50	77.20	78.20	11513997	899186432.00
2020/08/26	78.19	81.67	78.01	80.18	19738667	1584714240.00
2020/08/27	80.05	80.85	78.59	79.14	10500204	833501952.00
2020/08/28	79.89	80.99	78.11	79.45	11508373	910003648.00
2020/08/31	79.56	79.84	76.01	76.40	26240914	2015303296.00
2020/09/01	76.01	76.64	75.08	75.81	12902661	976585088.00
2020/09/02	76.14	76.94	74.78	75.41	10369061	784550272.00
2020/09/03	76.00	78.43	75.53	75.91	17427677	1342840320.00
2020/09/04	75.33	78.05	74.62	77.70	16610714	1267171968.00
2020/09/07	77.01	77.20	75.20	75.50	13984300	1064657984.00
2020/09/08	75.84	77.20	75.50	76.84	11311998	866782720.00
2020/09/09	76.01	76.80	74.00	74.19	11409095	858288960.00
2020/09/10	74.75	75.35	73.51	73.70	10254977	763410560.00
2020/09/11	73.87	73.90	71.57	73.20	13357903	970481984.00
2020/09/14	73.86	75.52	73.60	74.30	12080719	901266368.00
2020/09/15	74.00	75.18	73.51	74.58	10894639	811219456.00
2020/09/16	74.35	75.50	73.95	74.18	10584790	790335744.00
2020/09/17	74.18	74.88	73.34	74.69	9083810	673635456.00
2020/09/18	74.69	75.10	72.87	74.87	12683809	938410176.00
2020/09/21	74.51	74.93	73.33	73.70	7299648	539158720.00
2020/09/22	72.90	72.90	68.90	69.20	32002602	2252601856.00
2020/09/23	69.36	69.76	68.88	69.04	11091598	767504512.00
2020/09/24	69.30	69.68	68.41	68.80	9602413	662396672.00
2020/09/25	69.00	69.40	68.38	68.92	6541035	450614976.00
2020/09/28	69.51	69.66	68.25	68.40	6960110	480010272.00
2020/09/29	68.73	69.30	68.52	69.19	5455184	376723968.00
2020/09/30	69.18	69.76	68.55	68.78	5887583	406492576.00
2020/10/09	69.75	69.93	69.03	69.42	7545715	522815776.00
2020/10/12	69.38	70.44	69.08	70.12	13131399	916525184.00
2020/10/13	70.26	70.70	69.71	69.97	9493920	664690688.00
2020/10/14	69.99	70.74	68.89	70.65	12557442	874092992.00
2020/10/15	70.35	70.46	69.51	69.60	7139418	499222720.00
2020/10/16	69.43	70.04	69.22	69.48	6716352	467584992.00
2020/10/19	69.73	70.18	68.80	68.91	7324973	508420640.00
2020/10/20	68.90	69.59	68.58	69.56	4468898	309758688.00
2020/10/21	69.40	69.89	68.99	69.78	5349756	372211744.00
2020/10/22	69.66	69.66	67.50	67.88	15228330	1036840064.00
2020/10/23	67.67	68.00	67.01	67.18	8443778	569106880.00
2020/10/26	66.84	67.50	66.00	67.30	5934391	397249536.00
2020/10/27	66.84	67.19	66.18	66.52	8807067	585951296.00
2020/10/28	66.33	67.44	66.01	67.20	7359058	490706304.00
2020/10/29	66.15	66.66	65.83	66.15	10544255	698151616.00
2020/10/30	66.01	67.30	66.00	66.10	10225859	680122432.00
2020/11/02	65.80	65.83	61.50	63.15	27151536	1713964416.00
2020/11/03	63.16	64.43	62.66	64.25	11012323	700375232.00
2020/11/04	64.18	64.77	63.70	64.38	7221681	464237280.00
2020/11/05	64.80	67.09	64.78	67.04	16248417	1078292480.00
2020/11/06	67.00	67.33	66.01	66.96	10797409	721969728.00
2020/11/09	67.87	70.37	67.87	70.21	21939162	1524950528.00
2020/11/10	77.21	77.23	73.83	74.30	57453143	4370760704.00
2020/11/11	74.00	74.88	72.53	74.10	25349479	1868211712.00
2020/11/12	73.59	76.20	73.58	75.29	19195406	1448021632.00
2020/11/13	75.20	76.55	73.89	75.93	17209784	1303717760.00
2020/11/16	76.29	78.80	76.00	78.32	22443653	1743409024.00
2020/11/17	78.96	79.45	77.35	78.49	19515519	1532488704.00
2020/11/18	77.79	81.60	77.79	81.04	25113130	2021790976.00
2020/11/19	80.11	80.68	79.04	80.00	12425987	993043712.00
2020/11/20	79.52	80.37	79.06	79.65	9826089	783728192.00
2020/11/23	78.00	79.90	75.80	79.16	21605266	1685069056.00
2020/11/24	79.00	80.31	78.38	79.94	11887943	948203904.00
2020/11/25	81.00	82.99	80.17	80.17	15217163	1237385600.00
2020/11/26	80.41	82.30	80.41	81.90	11329197	924466624.00
2020/11/27	82.50	82.66	78.86	79.95	16881183	1349560192.00
2020/11/30	80.50	81.35	78.52	78.52	11812306	944157632.00
2020/12/01	79.50	80.24	79.01	79.71	8328179	662978048.00
2020/12/02	79.50	80.80	78.85	79.51	8646025	689612928.00
2020/12/03	79.83	80.79	79.51	80.20	8419359	673916352.00
2020/12/04	80.75	81.59	79.78	81.06	8026450	649338816.00
2020/12/07	80.84	80.84	78.91	79.66	9598771	764757568.00
2020/12/08	79.80	79.98	77.93	78.89	8309216	654433344.00
2020/12/09	78.50	79.00	76.19	76.39	12801377	988069184.00
2020/12/10	76.01	76.70	74.68	75.00	9974405	753358080.00
2020/12/11	75.20	76.14	74.30	75.30	8200130	615696448.00
2020/12/14	75.62	77.00	74.80	76.20	9016017	685346496.00
2020/12/15	76.80	76.83	75.38	75.70	6141210	465752800.00
2020/12/16	75.80	76.17	74.65	75.38	8451412	637775040.00
2020/12/17	75.35	77.09	75.02	76.10	10427931	793416576.00
2020/12/18	75.80	76.39	73.86	75.63	14598399	1097571968.00
2020/12/21	74.81	74.87	72.33	73.80	21366163	1565043968.00
2020/12/22	73.10	74.28	72.15	72.38	12673048	927356352.00
2020/12/23	72.72	73.78	72.58	73.10	9144827	668475264.00
2020/12/24	73.09	73.10	70.25	70.69	18200495	1293395072.00
2020/12/25	70.80	73.00	70.60	72.84	8785711	630153920.00
2020/12/28	72.90	73.78	71.50	71.50	11785461	854753408.00
2020/12/29	72.50	74.38	72.23	72.95	10468082	768634880.00
2020/12/30	72.65	73.70	71.86	73.26	10281036	749637632.00
2020/12/31	73.65	77.28	73.00	75.66	25506148	1918116480.00
2021/01/04	75.70	78.77	75.17	77.49	21988631	1697401088.00
2021/01/05	77.50	77.50	76.00	77.30	19566758	1500784384.00
2021/01/06	77.11	79.48	76.80	77.49	20026511	1557278848.00
2021/01/07	77.66	77.96	75.00	75.85	22682522	1726424832.00
2021/01/08	76.15	77.12	75.43	75.98	16197113	1231962880.00
2021/01/11	76.09	76.59	73.13	73.41	22425639	1683468416.00
2021/01/12	73.30	74.00	72.03	73.72	19159244	1395853440.00
2021/01/13	73.80	77.70	73.73	77.59	33058019	2528709376.00
2021/01/14	77.11	77.23	73.20	73.27	33164966	2478337024.00
2021/01/15	72.85	73.66	71.89	71.94	24785133	1796692224.00
2021/01/18	71.50	72.89	70.86	72.20	13535188	975201408.00
2021/01/19	72.20	72.42	70.66	71.65	16075148	1150025216.00
2021/01/20	71.33	71.59	70.80	70.80	14361431	1020413952.00
2021/01/21	70.00	71.30	69.80	70.92	17109050	1207497472.00
2021/01/22	70.50	72.00	70.25	71.17	14745497	1048593856.00
2021/01/25	70.95	72.58	69.90	72.01	24704324	1761961600.00
2021/01/26	72.02	72.94	70.27	72.18	18169039	1301692160.00
2021/01/27	72.05	76.71	70.98	76.50	34936121	2581884928.00
2021/01/28	75.01	77.48	75.01	75.80	25698793	1954227328.00
2021/01/29	76.23	81.42	75.00	79.00	40332304	3167312128.00
2021/02/01	71.10	71.10	71.10	71.10	7840400	557452416.00
2021/02/02	63.99	63.99	63.99	63.99	9398300	601397248.00
2021/02/03	57.59	60.40	57.59	59.30	194257353	11307794432.00
2021/02/04	57.01	58.98	56.51	58.21	76482099	4402426368.00
2021/02/05	58.00	59.84	57.50	58.38	45308031	2654284288.00
2021/02/08	58.28	58.28	54.70	55.30	56015520	3125786368.00
2021/02/09	55.43	59.07	54.80	58.48	46779613	2670034688.00
2021/02/10	58.36	59.84	57.03	58.18	46333004	2701866752.00
2021/02/18	59.50	61.56	58.20	60.50	78498099	4721887232.00
2021/02/19	59.90	61.00	58.69	60.94	43299746	2599908864.00
2021/02/22	60.50	63.00	59.50	60.91	49636305	3032717056.00
2021/02/23	60.91	61.59	59.70	60.09	33053656	2000208256.00
2021/02/24	60.50	61.99	60.12	60.95	35861567	2191804928.00
2021/02/25	61.55	64.29	61.23	63.04	40075928	2523389184.00
2021/02/26	61.49	63.94	61.05	61.88	29662556	1847366144.00
2021/03/01	60.90	62.18	59.52	61.18	27654015	1685764096.00
2021/03/02	61.10	61.12	58.91	59.71	28229059	1690449280.00
2021/03/03	59.00	60.50	58.60	60.37	21150715	1265468416.00
2021/03/04	59.70	60.75	59.59	60.03	17927906	1077379584.00
2021/03/05	59.50	60.98	59.33	60.68	16668207	1004148480.00
2021/03/08	60.67	61.42	58.52	58.79	23793753	1418438528.00
2021/03/09	58.80	59.10	55.55	57.46	22654262	1308108288.00
2021/03/10	58.23	58.75	57.48	57.61	13764905	798087232.00
2021/03/11	57.62	59.15	57.09	58.77	14411423	842307456.00
2021/03/12	58.90	60.20	58.45	60.15	20122077	1196373248.00
2021/03/15	60.31	61.88	59.77	60.73	23362715	1419845376.00
2021/03/16	61.00	62.35	60.39	62.30	24345579	1500534272.00
2021/03/17	61.51	62.59	61.10	61.85	16881182	1041671424.00
2021/03/18	61.80	62.48	60.39	61.20	17745229	1084607232.00
2021/03/19	60.40	61.08	58.81	59.80	20957069	1252150912.00
2021/03/22	59.40	60.35	59.06	60.34	12942696	775302400.00
2021/03/23	60.27	60.50	58.26	58.85	17292807	1022619520.00
2021/03/24	58.60	58.83	57.80	58.26	11181766	650840768.00
2021/03/25	58.11	58.38	57.60	57.93	9597370	556224896.00
2021/03/26	57.98	59.04	57.98	58.75	14972139	877773632.00
2021/03/29	58.60	59.70	58.02	59.20	16294811	961361344.00
2021/03/30	59.21	59.49	58.55	58.93	13007439	766028416.00
2021/03/31	58.92	58.92	57.80	57.90	15316790	889985536.00
2021/04/01	57.84	58.50	57.74	58.30	9853683	572970048.00
2021/04/02	58.35	58.55	58.07	58.48	12583070	733463488.00
2021/04/06	58.52	59.88	58.52	58.88	15879295	939792640.00
2021/04/07	58.80	59.15	58.06	59.12	11179790	655428480.00
2021/04/08	58.44	58.94	58.10	58.31	12039596	703170432.00
2021/04/09	58.11	58.31	57.35	57.42	13323091	769911040.00
2021/04/12	57.43	57.58	56.10	56.40	11816050	670418496.00
2021/04/13	56.39	57.33	56.16	56.95	9133562	518004160.00
2021/04/14	56.70	57.09	56.31	56.57	13288708	750746688.00
2021/04/15	56.40	56.42	55.79	55.94	11615058	649717440.00
2021/04/16	55.95	56.30	55.55	55.93	12954919	723675520.00
2021/04/19	55.99	56.83	55.38	56.81	19685786	1105573376.00
2021/04/20	56.39	57.05	56.12	56.43	12319947	696881024.00
2021/04/21	56.20	57.37	56.01	57.09	13666535	777697152.00
2021/04/22	57.09	57.33	56.18	56.35	14757005	835189952.00
2021/04/23	56.17	56.48	55.60	56.36	12392124	694799488.00
2021/04/26	55.25	55.25	52.63	53.25	39878318	2139849472.00
2021/04/27	52.91	52.95	48.88	49.60	54248953	2731127040.00
2021/04/28	49.28	50.10	48.08	50.00	22080965	1089211392.00
2021/04/29	48.99	49.99	48.38	49.09	18488666	907438080.00
2021/04/30	49.00	49.49	48.58	49.14	12040864	590370880.00
2021/05/06	48.64	48.64	46.50	46.70	31785390	1496697216.00
2021/05/07	46.21	46.64	45.09	45.27	25018436	1145571712.00
2021/05/10	45.27	45.50	43.95	44.44	20737483	922981952.00
2021/05/11	44.16	45.86	44.00	45.43	16227833	729802304.00
2021/05/12	45.26	45.66	44.83	45.56	10773237	487175712.00
2021/05/13	45.31	45.88	45.00	45.52	8972392	407949088.00
2021/05/14	45.59	46.43	45.58	46.35	12208345	563959168.00
2021/05/17	46.50	48.43	46.40	47.97	20295642	968692544.00
2021/05/18	48.00	48.35	47.35	48.28	10948440	523988896.00
2021/05/19	48.10	48.10	47.28	47.41	8196665	389594208.00
2021/05/20	47.31	47.89	46.94	47.63	8837979	419527680.00
2021/05/21	47.66	47.95	47.03	47.16	6794874	322479616.00
2021/05/24	47.16	47.88	46.90	47.82	7327851	348506752.00
2021/05/25	47.86	50.23	47.83	49.33	22294520	1100610816.00
2021/05/26	49.58	49.64	48.80	49.26	10499711	515728352.00
2021/05/27	49.27	49.59	49.12	49.45	8417588	415242240.00
2021/05/28	49.40	49.84	49.09	49.37	9364575	462905984.00
2021/05/31	48.80	49.80	47.82	49.49	12014115	587397952.00
2021/06/01	49.48	50.57	49.34	50.00	13769608	688460608.00
2021/06/02	50.16	50.64	49.58	50.04	13018107	652236224.00
2021/06/03	50.12	52.85	49.87	52.18	30247623	1556596736.00
2021/06/04	51.20	51.80	50.35	50.80	17785217	904293632.00
2021/06/07	50.10	50.80	48.50	48.71	19768388	969589440.00
2021/06/08	48.99	49.65	48.30	48.70	15751300	768685760.00
2021/06/09	48.70	49.07	48.45	48.85	7236221	352782816.00
2021/06/25	51.68	53.17	47.50	51.07	88413491	4365025280.00
2021/06/28	49.80	50.78	48.84	49.45	35276429	1753055744.00
2021/06/29	49.15	49.20	47.90	47.91	25877753	1250712192.00
2021/06/30	47.60	48.94	47.49	48.13	17632163	846729600.00
2021/07/01	48.15	48.29	47.25	47.62	13658692	650374848.00
2021/07/02	47.31	47.49	46.00	46.02	20004910	929675072.00
2021/07/05	45.99	46.45	45.40	46.16	14261496	651772928.00
2021/07/06	46.09	47.61	45.66	46.94	15793211	740959232.00
2021/07/07	46.88	47.42	46.50	47.00	11032487	518043552.00
2021/07/08	47.00	47.02	46.00	46.00	11938748	552029248.00
2021/07/09	45.93	46.45	45.64	46.14	8345729	385087200.00
2021/07/12	46.14	46.74	45.70	46.39	12773391	592479040.00
2021/07/13	46.50	47.00	46.26	46.35	17436852	812120384.00
2021/07/14	46.32	46.33	45.16	45.19	19441623	885181952.00
2021/07/15	45.01	45.08	44.20	44.69	16240867	723186880.00
2021/07/16	45.46	46.44	45.10	45.22	16504143	754081408.00
2021/07/19	45.04	45.58	44.21	45.51	11834471	530942016.00
2021/07/20	45.00	45.45	44.80	45.15	6330581	285291456.00
2021/07/21	44.95	45.33	44.40	44.45	11807926	528025184.00
2021/07/22	44.30	44.74	44.02	44.35	8634070	383689376.00
2021/07/23	44.35	44.36	43.12	43.13	15759842	685038976.00
2021/07/26	42.70	42.75	40.88	40.91	21829710	902179904.00
2021/07/27	40.80	41.47	39.51	39.59	16961530	682460800.00
2021/07/28	39.63	39.92	38.40	38.86	15654583	608338496.00
2021/07/29	39.05	39.24	38.16	38.72	14317386	553131264.00
2021/07/30	38.31	38.82	37.51	38.55	14979651	570650752.00
2021/08/02	37.65	38.44	36.60	37.97	26404703	989631424.00
2021/08/03	37.32	38.71	37.07	38.26	16167581	616795264.00
2021/08/04	38.24	38.59	37.80	37.84	13405390	510443200.00
2021/08/05	37.73	38.79	37.35	37.87	14876113	567507520.00
2021/08/06	37.90	38.10	37.36	37.52	9449697	355765504.00
2021/08/09	37.24	38.76	37.09	38.52	13602743	519982752.00
2021/08/10	38.58	38.78	38.10	38.71	11100152	427051520.00
2021/08/11	38.70	40.31	38.60	38.99	18888084	743105664.00
2021/08/12	39.18	39.26	38.13	38.23	11465863	440496064.00
2021/08/13	38.06	38.48	37.80	38.20	7370335	280924032.00
2021/08/16	38.03	38.90	37.90	38.48	7873092	302008832.00
2021/08/17	38.62	40.37	38.44	39.48	28816412	1145075840.00
2021/08/18	39.01	40.16	38.60	40.13	18620953	737889280.00
2021/08/19	39.62	40.09	39.40	39.86	11174473	443856288.00
2021/08/20	39.70	39.70	38.69	39.00	12251675	478261152.00
2021/08/23	38.51	39.26	38.50	38.91	7522430	292634880.00
2021/08/24	38.86	39.29	38.65	39.00	10207291	397205760.00
2021/08/25	39.00	42.60	38.85	41.91	38097783	1571371776.00
2021/08/26	41.67	42.33	40.53	42.28	25763407	1062060480.00
2021/08/27	41.77	42.75	41.39	41.39	15177241	635755264.00
2021/08/30	40.74	40.89	40.00	40.23	14650899	591656448.00
2021/08/31	40.00	43.50	39.96	43.27	31137271	1313764992.00
2021/09/01	42.90	44.00	42.73	43.47	23979403	1044637184.00
2021/09/02	43.08	43.95	42.80	43.50	13708911	593279808.00
2021/09/03	43.46	45.40	42.90	45.20	24277356	1085188992.00
2021/09/06	44.83	46.58	44.57	45.23	21583712	981700928.00
2021/09/07	45.20	46.32	44.83	46.24	18214744	834908992.00
2021/09/08	45.84	46.20	45.02	45.55	15908969	724547520.00
2021/09/09	45.36	45.45	44.80	45.09	12310537	554918400.00
2021/09/10	45.00	46.74	45.00	45.78	18012392	827296704.00
2021/09/13	45.00	45.45	44.05	44.45	18359057	820342976.00
2021/09/14	44.30	44.88	43.25	43.32	13028780	571858432.00
2021/09/15	43.49	43.80	42.56	42.85	12305969	528724768.00
2021/09/16	42.74	43.10	42.01	42.27	12327095	521251232.00
2021/09/17	41.80	43.90	41.80	43.64	12749489	547097088.00
2021/09/22	43.00	43.64	42.70	43.09	6907272	297386912.00
2021/09/23	43.61	43.92	43.09	43.27	9197550	399379744.00
2021/09/24	43.50	44.50	43.30	43.96	10686197	470961376.00
2021/09/27	43.80	44.97	43.01	44.22	12450786	546850432.00
2021/09/28	43.93	44.28	43.40	44.10	6699439	293533344.00
2021/09/29	43.80	44.45	43.47	44.21	9826170	432952960.00
2021/09/30	44.10	44.46	43.72	44.25	6800724	299268640.00
2021/10/08	45.70	47.88	45.35	47.00	30413700	1420855424.00
2021/10/11	46.90	50.00	46.59	49.63	33943884	1660949376.00
2021/10/12	49.36	51.55	48.73	50.36	38016360	1912601216.00
2021/10/13	50.00	50.46	48.90	50.06	19023023	947746624.00
2021/10/14	49.79	53.84	49.71	52.80	41046818	2165369600.00
2021/10/15	52.66	54.16	51.50	52.50	29971555	1584482816.00
2021/10/18	51.99	52.61	50.38	50.90	25987334	1328145536.00
2021/10/19	50.50	51.30	49.98	50.99	15556876	788267392.00
2021/10/20	50.93	51.63	49.19	50.91	22054635	1111410688.00
2021/10/21	50.61	52.37	50.11	50.71	16012871	817918272.00
2021/10/22	50.33	51.19	49.89	50.06	13767909	693617088.00
2021/10/25	49.00	49.80	47.88	49.71	18252553	896812736.00
2021/10/26	49.31	50.96	49.21	50.80	21032521	1059410816.00
2021/10/27	50.44	51.46	50.03	51.09	16944149	863797504.00
2021/10/28	50.76	52.53	50.26	51.27	16410748	843254016.00
2021/10/29	51.26	53.13	50.77	52.80	20731619	1086467456.00
2021/11/01	51.87	51.88	50.14	51.07	19026264	967311872.00
2021/11/02	51.05	51.44	49.58	50.35	15885693	801480128.00
2021/11/03	50.10	50.99	49.71	50.25	10378414	523295072.00
2021/11/04	50.45	50.50	48.89	49.24	13909170	687363264.00
2021/11/05	49.18	50.03	48.94	49.03	9055853	447284448.00
2021/11/08	51.12	53.86	51.12	52.91	40564289	2155580160.00
2021/11/09	52.91	53.41	49.69	49.93	35368328	1793615232.00
2021/11/10	49.96	50.20	48.66	49.13	17882815	879177152.00
2021/11/11	48.88	50.28	48.71	50.07	13119426	651049152.00
2021/11/12	49.80	51.45	49.41	50.78	13915004	706375424.00
2021/11/15	50.68	50.91	49.39	49.43	14505548	723842880.00
2021/11/16	49.70	50.25	48.88	49.06	13698384	676463168.00
2021/11/17	49.09	49.92	49.09	49.67	8647172	429182528.00
2021/11/18	49.23	49.59	48.65	48.65	9841392	481156256.00
2021/11/19	48.68	48.93	47.88	48.31	10483165	505561952.00
2021/11/22	48.31	48.72	48.00	48.59	6375316	308962400.00
2021/11/23	49.02	49.45	48.37	48.56	8599510	419578528.00
2021/11/24	48.57	49.15	48.01	49.04	8029874	390197696.00
2021/11/25	49.04	49.22	48.62	49.07	5813291	283935264.00
2021/11/26	48.37	48.38	46.80	47.13	20869390	989785920.00
2021/11/29	44.95	45.50	43.80	43.99	33695892	1496468864.00
2021/11/30	44.03	44.54	43.08	43.16	16236950	707102592.00
2021/12/01	43.90	45.37	43.50	44.88	25403483	1133764096.00
2021/12/02	44.52	45.47	44.00	44.62	14235097	637922048.00
2021/12/03	45.18	46.30	44.64	46.02	15524233	707849088.00
2021/12/06	45.98	46.13	45.24	45.71	9412206	429640480.00
2021/12/07	46.30	47.47	46.15	46.37	17144200	802487872.00
2021/12/08	46.37	47.10	46.12	46.88	12630238	590057152.00
2021/12/09	46.98	47.77	46.85	47.03	12338003	582572608.00
2021/12/10	46.95	47.03	46.00	46.47	16855658	781779072.00
2021/12/13	46.51	46.93	45.76	45.88	15630577	719282432.00
2021/12/14	45.40	45.65	45.08	45.60	11298532	511636000.00
2021/12/15	45.62	45.70	44.55	44.75	12494309	561223872.00
2021/12/16	44.55	44.98	44.15	44.30	11940101	529216832.00
2021/12/17	44.31	44.33	43.50	43.60	14249507	622499328.00
2021/12/20	43.39	44.08	43.22	43.46	9050415	394278176.00
2021/12/21	43.36	44.21	43.22	44.05	9457746	415654656.00
2021/12/22	44.67	45.20	44.09	44.11	9496265	422543200.00
2021/12/23	44.22	44.52	43.55	43.87	7588063	333267968.00
2021/12/24	43.70	44.61	43.63	44.57	9689223	428539584.00
2021/12/27	44.69	46.25	44.68	45.99	19564066	892778304.00
2021/12/28	46.00	46.22	45.35	45.69	9145004	418212416.00
2021/12/29	45.69	46.99	45.51	46.49	19435397	903965824.00
2021/12/30	46.30	47.83	45.92	47.38	18387834	866309056.00
2021/12/31	47.64	47.66	46.61	46.69	9786408	459332960.00
2022/01/04	46.40	48.70	46.30	48.52	20690755	991329152.00
2022/01/05	48.48	50.30	48.32	48.84	25367845	1251106944.00
2022/01/06	49.19	49.40	48.00	49.00	15102053	736331712.00
2022/01/07	49.00	50.50	48.61	49.99	22984897	1147374208.00
2022/01/10	48.65	50.29	48.20	49.99	13856447	688301376.00
2022/01/11	49.80	50.65	49.46	49.61	13213088	661509632.00
2022/01/12	49.61	50.93	49.26	49.74	9747602	488283776.00
2022/01/13	49.73	50.61	49.13	49.28	11107692	553151360.00
2022/01/14	49.02	49.76	48.28	48.73	12135246	593417792.00
2022/01/17	48.75	49.03	47.79	48.30	12817395	616839488.00
2022/01/18	48.20	49.74	47.83	49.37	14158261	688774976.00
2022/01/19	49.07	49.95	48.64	49.67	10817690	534549376.00
2022/01/20	49.58	51.88	49.42	51.05	19441306	994352512.00
2022/01/21	52.00	55.34	52.00	52.89	42776258	2307745024.00
2022/01/24	52.75	53.48	52.19	52.33	24352039	1284470784.00
2022/01/25	52.01	53.58	51.90	52.00	24570422	1295057408.00
2022/01/26	52.30	52.65	50.46	50.82	17985102	920990720.00
2022/01/27	50.10	51.18	49.70	49.78	14785780	746468288.00
2022/01/28	49.36	51.50	49.02	50.49	14195401	713443712.00
2022/02/07	51.30	52.89	50.61	52.20	19848523	1028776960.00
2022/02/08	52.52	54.25	52.50	54.16	23800042	1274503424.00
2022/02/09	54.66	56.28	53.92	55.70	25733410	1424108928.00
2022/02/10	55.41	58.00	55.27	57.79	26782543	1534741888.00
2022/02/11	57.77	59.08	56.60	57.40	27402218	1578862080.00
2022/02/14	57.99	58.80	56.41	57.45	15345755	879692288.00
2022/02/15	57.00	57.01	55.13	55.60	19927372	1108841216.00
2022/02/16	55.72	57.10	55.00	56.12	13427541	751290368.00
2022/02/17	55.94	55.94	54.70	55.20	15329463	845239232.00
2022/02/18	54.90	57.12	54.70	56.88	15364896	867454720.00
2022/02/21	56.10	56.80	55.50	56.68	9080805	511102752.00
2022/02/22	55.95	56.24	55.01	55.50	11664691	648924800.00
2022/02/23	55.30	55.90	53.85	54.30	18474211	1004925376.00
2022/02/24	54.01	54.20	51.95	52.79	20160556	1066203392.00
2022/02/25	53.48	53.85	52.43	52.98	10607210	560842176.00
2022/02/28	52.60	52.60	51.62	52.35	11653101	608121344.00
2022/03/01	52.35	54.39	52.20	54.16	13803326	739825216.00
2022/03/02	53.67	54.58	52.91	54.02	11625031	625105408.00
2022/03/03	54.75	56.88	54.21	56.50	24631241	1377050752.00
2022/03/04	55.96	56.29	55.11	55.45	12121229	674800384.00
2022/03/07	54.98	54.98	50.57	51.02	25409046	1318166016.00
2022/03/08	50.99	52.75	49.95	49.98	19249464	982222016.00
2022/03/09	50.13	50.94	47.77	50.41	17291427	858867712.00
2022/03/10	51.01	52.18	50.69	51.46	13184762	676815296.00
2022/03/11	50.50	52.30	48.98	51.28	20407757	1028549888.00
2022/03/14	48.70	49.55	47.01	47.02	28222292	1357964160.00
2022/03/15	46.80	47.92	45.51	45.72	19764081	918519680.00
2022/03/16	47.00	50.15	47.00	49.90	26913081	1301269120.00
2022/03/17	51.07	52.65	49.87	51.72	26369638	1357036800.00
2022/03/18	51.31	53.08	51.25	52.69	20679082	1083194880.00
2022/03/21	52.18	52.71	51.73	52.60	12407123	648442816.00
2022/03/22	50.97	52.50	50.94	51.75	13264220	687768768.00
2022/03/23	51.66	51.97	50.30	51.30	12604788	642054208.00
2022/03/24	51.20	51.67	50.12	50.52	7365460	374183776.00
2022/03/25	50.80	50.85	48.58	48.71	13202196	648432512.00
2022/03/28	47.25	48.92	47.21	48.56	13057002	627770112.00
2022/03/29	48.48	49.99	48.21	49.00	8323631	409129280.00
2022/03/30	49.50	50.72	48.60	50.53	10059352	502108352.00
2022/03/31	50.20	50.80	48.75	49.20	10034651	496443456.00
2022/04/01	48.90	51.21	48.60	50.69	14285696	721518080.00
2022/04/06	50.08	51.93	50.01	51.15	15644954	798479168.00
2022/04/07	50.70	51.69	50.21	50.43	12177125	618947776.00
2022/04/11	50.26	50.30	47.67	47.99	16471859	801532736.00
2022/04/12	48.01	52.74	48.01	52.40	24520187	1244852736.00
2022/04/13	51.70	52.00	49.95	50.92	18963473	968370944.00
2022/04/14	51.51	53.53	50.90	52.00	16747597	874402944.00
2022/04/15	51.60	53.18	51.13	52.71	12614621	662351808.00
2022/04/18	52.01	52.57	51.15	51.81	12289866	636667456.00
2022/04/19	51.61	52.00	49.58	50.15	16589594	834868928.00
2022/04/20	50.17	51.57	49.85	51.00	12384593	628628736.00
2022/04/21	50.55	52.27	50.31	50.80	16195492	829367680.00
2022/04/22	50.50	51.50	49.20	51.25	14661712	742072128.00
2022/04/25	50.00	50.02	48.53	48.53	15869155	780996672.00
2022/04/26	48.59	49.16	47.10	47.98	14011269	675025664.00
2022/04/27	47.58	50.45	47.31	50.41	14972620	730161024.00
2022/04/28	49.89	50.29	47.30	48.12	17024347	827858048.00
2022/04/29	47.80	50.00	46.81	49.40	16179570	784583040.00
2022/05/05	49.13	51.33	48.18	51.30	18501826	932088640.00
2022/05/06	49.70	49.80	47.89	48.21	19331065	940018304.00
2022/05/09	47.80	48.76	46.99	47.25	11823420	563430656.00
2022/05/10	46.70	47.23	45.75	47.12	15252149	709370560.00
2022/05/11	47.13	48.77	47.13	47.67	18782202	901330816.00
2022/05/12	47.15	47.38	45.80	46.40	18077876	838953344.00
2022/05/13	45.81	46.95	45.75	46.85	15109640	699866560.00
2022/05/16	47.59	48.35	46.76	47.84	16906638	804189248.00
2022/05/17	47.46	48.15	47.10	48.05	12801610	611011520.00
2022/05/18	48.08	48.47	46.90	47.10	10376599	491917856.00
2022/05/19	46.33	46.94	46.05	46.75	7411147	344626880.00
2022/05/20	46.78	47.95	46.78	47.76	14755199	700509824.00
2022/05/23	47.76	47.76	46.66	47.36	10928700	515951104.00
2022/05/24	47.66	48.50	47.17	47.26	15463711	739597952.00
2022/05/25	47.01	49.36	46.75	49.20	23847806	1158030208.00
2022/05/26	48.84	49.90	48.80	49.35	13427875	662719424.00
2022/05/27	49.78	49.90	48.50	49.05	9712826	477181344.00
2022/05/30	49.85	50.62	49.62	50.01	15507549	776898048.00
2022/05/31	50.19	51.17	49.62	50.41	15032325	755521600.00
2022/06/01	50.41	50.97	48.48	48.89	16141244	795438016.00
2022/06/02	48.91	49.09	48.13	48.49	10322344	499757440.00
2022/06/06	48.40	48.89	47.51	48.89	11324683	547125376.00
2022/06/07	48.96	49.43	48.31	48.60	11442141	557218368.00
2022/06/08	48.60	49.40	48.45	49.14	11473166	561025920.00
2022/06/09	48.91	49.33	48.60	48.91	11087402	542668288.00
2022/06/10	48.35	48.70	47.53	48.20	19143510	916122560.00
2022/06/13	47.70	47.77	47.00	47.30	14697344	694362560.00
2022/06/14	46.91	47.70	46.80	47.66	9660702	456180064.00
2022/06/15	47.60	48.50	47.33	47.60	17573504	841755328.00
2022/06/16	47.60	48.19	47.37	47.90	12649280	604289472.00
2022/06/17	47.64	48.00	47.18	47.98	13227347	630249536.00
2022/06/20	48.23	50.40	48.21	49.85	26080279	1286467456.00
2022/06/21	50.00	50.98	49.45	50.09	19056567	958532800.00
2022/06/22	50.34	50.48	49.01	49.17	9982216	494273984.00
2022/06/23	49.27	49.59	48.72	49.19	10575791	519639456.00
2022/06/24	49.19	50.58	48.58	49.99	15363457	760764928.00
2022/06/27	50.49	53.44	50.49	52.07	33439613	1748985600.00
2022/06/28	52.08	57.28	51.70	56.51	46366396	2531541760.00
2022/06/29	56.49	57.72	55.44	55.65	31018433	1752461440.00
2022/06/30	57.10	57.57	55.96	56.70	27387809	1555335936.00
2022/07/01	56.17	56.23	53.80	54.15	21314416	1162342912.00
2022/07/04	54.17	55.00	53.10	53.70	17914784	961163136.00
2022/07/05	53.83	54.09	53.11	53.45	13044449	698295296.00
2022/07/06	53.06	53.23	51.95	52.20	13863818	725995392.00
2022/07/07	51.71	52.48	51.56	51.73	13146299	681969024.00
2022/07/08	52.65	53.54	51.47	51.52	14417294	752524160.00
2022/07/11	50.55	51.10	49.88	50.29	14234587	715598592.00
2022/07/12	50.17	50.99	50.08	50.55	11400268	577181760.00
2022/07/13	50.80	51.81	50.65	51.03	10801329	553361408.00
2022/07/14	50.91	53.33	50.60	52.31	18823608	984492096.00
2022/07/15	52.18	52.90	51.61	51.80	12730493	665804928.00
2022/07/18	51.50	51.90	50.84	51.23	10476252	536946944.00
2022/07/19	51.40	51.79	50.81	51.23	8982203	458881344.00
2022/07/20	51.42	52.47	51.30	51.57	9022793	468234400.00
2022/07/21	51.49	51.80	50.92	50.98	7457285	382221856.00
2022/07/22	51.00	52.94	50.80	52.35	14631907	765225664.00
2022/07/25	52.37	52.37	51.28	51.55	8013157	414405280.00
2022/07/26	51.95	54.01	51.93	52.75	18044427	956127232.00
2022/07/27	52.27	53.93	52.21	53.13	11548970	614364480.00
2022/07/28	53.40	54.50	53.23	53.42	13697014	738670912.00
2022/07/29	53.20	53.20	50.82	51.58	18983172	978880256.00
2022/08/01	51.59	56.28	51.59	54.80	33459326	1829752960.00
2022/08/02	54.16	56.30	53.22	55.41	31398118	1740430464.00
2022/08/03	55.41	56.67	54.92	55.58	24053685	1348220928.00
2022/08/04	55.90	57.24	55.02	56.94	23967216	1354445312.00
2022/08/05	57.45	57.66	55.80	56.62	15048408	851038912.00
2022/08/08	55.31	57.78	54.98	57.02	14975045	853729088.00
2022/08/09	56.98	57.28	56.19	56.98	10829704	615640128.00
2022/08/10	56.97	57.49	55.69	55.89	12353716	695430784.00
2022/08/11	56.04	57.10	55.06	56.76	10931916	613308800.00
2022/08/12	57.50	58.49	56.60	58.00	13576596	784068544.00
2022/08/15	57.58	57.58	56.62	56.77	9774293	556607360.00
2022/08/16	56.70	57.66	56.68	57.05	6857355	391717120.00
2022/08/17	57.05	59.00	56.85	57.49	8547709	495457216.00
2022/08/18	57.15	57.48	55.73	56.70	12142822	685663680.00
2022/08/19	56.74	56.90	56.27	56.44	6571884	371440128.00
2022/08/22	56.36	56.90	55.80	56.10	13117329	737431168.00
2022/08/23	56.03	57.01	55.03	56.02	9251916	515844128.00
2022/08/24	56.21	56.97	55.73	56.18	7387277	416453120.00
2022/08/25	56.06	57.78	55.91	57.69	9647189	551278528.00
2022/08/26	57.90	60.13	57.58	57.77	17170904	1009247488.00
2022/08/29	57.30	57.89	56.21	57.06	9452025	538159168.00
2022/08/30	56.99	57.10	55.96	56.32	7166603	405223648.00
2022/08/31	56.50	57.88	55.98	56.42	13009481	740505536.00
2022/09/01	56.30	56.50	54.54	54.77	12018189	665281920.00
2022/09/02	54.92	55.49	54.33	55.08	5978139	327704000.00
2022/09/05	54.91	55.33	54.16	55.09	5909135	324207328.00
2022/09/06	55.54	57.26	54.91	57.09	11216531	633799488.00
2022/09/07	57.09	58.12	56.69	57.00	10420590	595744000.00
2022/09/08	57.50	59.19	57.13	58.72	12235560	717280448.00
2022/09/09	58.30	59.29	58.07	59.05	7765208	456954176.00
2022/09/13	59.10	60.05	58.58	59.44	9411264	561080704.00
2022/09/14	58.00	59.54	57.69	58.73	7194444	423103968.00
2022/09/15	58.73	59.80	57.95	58.39	7198691	421844288.00
2022/09/16	58.35	59.02	57.46	57.81	7991722	464204864.00
2022/09/19	57.53	60.88	57.17	60.27	20861063	1251554176.00
2022/09/20	60.35	60.66	59.64	60.36	8550339	514650208.00
2022/09/21	60.61	61.00	59.75	59.91	9109387	549925440.00
2022/09/22	59.33	60.00	58.53	59.26	7434761	440428608.00
2022/09/23	59.34	60.49	58.80	59.45	7880487	469462016.00
2022/09/26	59.30	61.70	59.26	59.85	12751731	773033216.00
2022/09/27	59.33	62.59	59.33	62.43	18419205	1133557888.00
2022/09/28	61.80	63.08	60.53	60.89	13451829	825026240.00
2022/09/29	60.90	60.98	58.62	59.25	15618746	927270912.00
2022/09/30	59.11	59.12	56.60	57.78	17128376	990612160.00
2022/10/10	57.10	59.33	56.90	57.50	9798718	569808832.00
2022/10/11	57.90	58.08	55.00	57.68	17080360	966330752.00
2022/10/12	56.50	56.70	54.10	55.60	21718348	1198259712.00
2022/10/13	55.11	56.97	54.91	56.21	12452317	699414592.00
2022/10/14	56.03	57.35	55.13	55.80	15646543	879626944.00
2022/10/17	55.50	58.00	55.36	57.95	11225271	641991424.00
2022/10/18	59.00	60.84	56.88	57.15	13775904	799471488.00
2022/10/19	57.31	58.09	56.31	56.67	7264846	415324960.00
2022/10/20	56.21	58.96	55.60	56.80	14959644	855934464.00
2022/10/21	56.20	58.08	55.09	57.34	10899619	620985856.00
2022/10/24	57.11	57.80	54.20	54.61	15177509	844439488.00
2022/10/25	54.10	57.57	54.10	56.52	11563567	650435008.00
2022/10/26	56.64	58.60	56.64	57.35	11769235	678039744.00
2022/10/27	57.56	58.25	56.60	56.76	8922718	510815264.00
2022/10/28	56.77	57.58	55.80	56.24	9113571	515958400.00
2022/10/31	55.99	56.15	52.59	53.38	18275598	987215232.00
2022/11/01	53.41	58.00	52.14	58.00	21670671	1209112448.00
2022/11/02	57.21	61.94	57.05	59.77	37869897	2263656704.00
2022/11/03	58.87	59.45	57.82	58.57	15180325	889403584.00
2022/11/04	58.59	62.28	58.50	60.60	21353909	1295929600.00
2022/11/07	59.20	60.11	58.70	59.56	13073499	775512960.00
2022/11/08	59.23	60.69	58.66	58.96	9314702	550897856.00
2022/11/09	58.90	60.10	58.46	58.93	5975730	354559872.00
2022/11/10	58.38	59.90	58.07	59.59	12895150	762518016.00
2022/11/11	61.32	61.94	56.08	57.23	47728552	2779920896.00
2022/11/14	57.00	57.00	53.42	53.82	43849601	2392605184.00
2022/11/15	53.95	55.89	53.83	55.52	22609573	1242299392.00
2022/11/16	55.65	56.03	54.52	54.72	13662883	753176896.00
2022/11/17	54.39	55.00	54.01	54.69	11790370	643181888.00
2022/11/18	54.50	54.85	53.35	53.76	15085900	813159552.00
2022/11/21	52.97	52.98	51.74	52.24	16070682	839809728.00
2022/11/22	52.20	52.68	51.88	52.37	9515455	498003616.00
2022/11/23	52.03	52.35	51.22	52.10	13148388	679680512.00
2022/11/24	51.30	52.26	51.30	51.43	9461006	488192480.00
2022/11/25	51.25	51.76	51.13	51.71	7134486	367890880.00
2022/11/28	51.09	53.83	50.50	53.40	21108565	1110895232.00
2022/11/29	53.20	55.76	52.80	55.53	30995048	1697726208.00
2022/11/30	55.25	55.48	53.65	55.48	15890812	870658048.00
2022/12/01	57.00	57.50	53.98	54.25	27247008	1498947840.00
2022/12/02	54.10	54.35	53.23	53.71	17203071	922394112.00
2022/12/05	54.88	56.35	54.21	55.30	26840258	1487321984.00
2022/12/06	54.81	57.05	54.80	56.42	26558067	1495792128.00
2022/12/07	56.89	59.00	56.43	57.15	36180205	2077152256.00
2022/12/08	57.59	58.30	57.00	57.89	23658713	1364909824.00
2022/12/09	58.17	59.40	57.38	58.26	16835806	979525824.00
2022/12/12	58.68	60.18	58.34	58.97	28278742	1681992320.00
2022/12/13	59.11	60.66	58.33	59.01	21114425	1254176256.00
2022/12/14	58.90	60.66	58.87	60.10	21056010	1265333760.00
2022/12/15	60.50	60.84	59.40	59.71	17707632	1059918272.00
2022/12/16	59.50	60.50	59.20	60.40	14293117	858259648.00
2022/12/19	60.39	61.13	59.33	60.20	14402799	867702528.00
2022/12/20	59.90	59.98	57.70	57.89	20513923	1196724992.00
2022/12/21	57.98	59.95	57.98	59.54	18939864	1123231616.00
2022/12/22	59.80	60.12	59.05	59.44	10747646	641178560.00
2022/12/23	59.18	60.51	58.97	59.63	10408864	622103552.00
2022/12/26	59.58	61.12	59.00	59.40	15739943	943276672.00
2022/12/27	60.40	60.49	58.08	59.30	18157182	1076693376.00
2022/12/28	58.98	59.80	57.97	58.10	16906344	991004864.00
2022/12/29	58.10	58.29	57.02	57.41	13515878	775530048.00
2022/12/30	57.47	57.95	57.10	57.71	10167427	585486080.00
2023/01/03	57.56	57.56	56.05	56.25	22797633	1288989824.00
2023/01/04	56.28	56.49	55.50	56.43	13860215	777752768.00
2023/01/05	56.45	58.69	56.11	58.34	22588812	1308963840.00
2023/01/06	58.20	58.27	56.42	57.00	18506391	1055987648.00
2023/01/09	57.16	58.68	56.99	58.53	19230649	1115458048.00
2023/01/10	58.52	58.52	57.21	58.00	13731673	793747840.00
2023/01/11	57.90	57.90	56.70	57.16	15597342	890557568.00
2023/01/12	57.00	57.80	56.97	57.09	10781199	616570752.00
2023/01/13	57.28	58.29	57.12	58.00	13745095	795092096.00
2023/01/16	61.00	63.80	60.95	63.00	65531404	4134658816.00
2023/01/17	63.19	63.66	61.05	62.89	32977342	2055312512.00
2023/01/18	62.89	63.88	62.40	63.18	12051600	760935232.00
2023/01/19	63.40	63.68	61.40	61.83	19732052	1223017856.00
2023/01/20	62.00	62.97	61.75	61.99	9933152	616310656.00
2023/01/30	62.86	62.96	60.49	61.00	21288301	1307068544.00
2023/01/31	61.19	61.39	60.35	60.50	13917948	844744896.00
2023/02/01	60.89	61.22	59.91	60.49	12862344	774974080.00
2023/02/02	60.60	61.21	60.19	60.51	16376777	993647616.00
2023/02/03	60.52	61.02	59.95	60.77	12083734	731703040.00
2023/02/06	60.68	61.43	60.08	61.00	10978857	668217536.00
2023/02/07	61.27	61.40	60.20	60.32	9717720	589325056.00
2023/02/08	60.60	61.48	60.33	60.85	9451001	575548608.00
2023/02/09	60.85	61.38	60.22	60.60	12085351	733918976.00
2023/02/10	60.35	61.22	59.62	60.50	11398732	686664064.00
2023/02/13	60.50	61.92	59.79	61.79	17624844	1081073152.00
2023/02/14	61.86	62.65	61.61	62.54	11756195	731117632.00
2023/02/15	62.69	62.75	61.41	61.78	7896363	488364128.00
2023/02/16	61.80	62.85	60.79	61.27	12393465	768536896.00
2023/02/17	61.33	62.34	60.20	60.25	10761655	656176960.00
2023/02/20	60.95	61.86	60.55	61.57	10020219	615304576.00
2023/02/21	61.50	61.75	60.00	60.41	13799181	834507712.00
2023/02/22	60.01	60.51	59.66	59.80	8695628	520447488.00
2023/02/23	59.79	59.97	58.80	59.08	12256200	724107136.00
2023/02/24	59.02	59.17	58.40	58.66	7556887	443703680.00
2023/02/27	58.31	58.79	57.81	58.75	9681905	564249600.00
2023/02/28	58.85	59.05	58.18	58.64	6756531	396108736.00
2023/03/01	58.64	59.19	58.50	58.82	6757999	397858016.00
2023/03/02	58.88	59.48	58.80	58.90	7648934	452125056.00
2023/03/03	58.94	59.65	58.88	59.44	8512428	504872352.00
2023/03/06	59.44	59.92	58.68	58.90	9726547	574411648.00
2023/03/07	58.77	59.15	57.93	57.96	7627894	445869056.00
2023/03/08	57.91	58.50	57.18	58.34	6347304	368058080.00
2023/03/09	58.29	58.64	57.74	58.05	7384593	428151008.00
2023/03/10	57.28	58.12	56.65	56.89	10763780	613896064.00
2023/03/13	56.85	57.84	56.71	57.75	8443658	484900960.00
2023/03/14	57.74	57.85	56.80	57.33	7022214	402786752.00
2023/03/15	57.63	58.59	57.03	57.15	8192377	472459904.00
2023/03/16	56.90	57.52	55.65	56.07	10833252	610024576.00
2023/03/17	56.26	56.86	55.28	55.55	10447157	584195328.00
2023/03/20	55.30	55.30	54.32	54.47	12182625	667208960.00
2023/03/21	54.80	56.29	54.56	56.12	11668210	647325952.00
2023/03/22	56.18	56.41	55.54	55.87	6624774	370230400.00
2023/03/23	55.60	55.69	54.81	55.48	10669091	587596480.00
2023/03/24	55.38	55.79	54.72	54.83	9622065	530166144.00
2023/03/27	54.86	55.15	54.14	55.07	13354787	728489728.00
2023/03/28	55.14	55.39	54.05	54.19	10027483	545871232.00
2023/03/29	54.19	55.12	54.15	54.54	8221526	449758528.00
2023/03/30	54.61	56.28	54.61	56.20	14075279	782683072.00
2023/03/31	56.20	56.45	55.62	55.73	9277891	518457696.00
2023/04/03	55.80	57.00	55.45	56.47	12567006	707550208.00
2023/04/04	56.42	57.64	56.23	57.23	14122096	806424384.00
2023/04/06	57.22	57.44	56.70	57.00	8320990	474282304.00
2023/04/07	57.01	57.29	56.66	57.06	6764800	386108960.00
2023/04/10	57.06	57.09	56.17	56.29	8002599	451345536.00
2023/04/11	56.21	56.54	55.81	56.49	7388382	415844128.00
2023/04/12	56.41	56.50	55.50	55.66	8177330	455947680.00
2023/04/13	55.50	55.88	55.07	55.78	7494016	414996384.00
2023/04/14	55.92	55.96	54.66	54.91	11720995	644408704.00
2023/04/17	54.95	55.89	54.95	55.61	10799837	598799488.00
2023/04/18	55.77	55.79	54.69	55.29	8127049	448711296.00
2023/04/19	55.58	55.58	54.71	55.29	10458775	576963328.00
2023/04/20	55.35	55.69	54.59	54.86	9052975	497852736.00
2023/04/21	54.87	54.92	53.65	53.73	10837638	586752448.00
2023/04/24	53.70	53.72	51.98	52.49	13851444	728200512.00
2023/04/25	52.55	53.19	51.01	52.19	11754327	609841728.00
2023/04/26	52.20	53.07	52.20	52.95	7633880	403123776.00
2023/04/27	53.09	53.50	52.46	52.88	6785079	358649568.00
2023/04/28	53.00	53.70	52.53	53.70	9641185	513025344.00
2023/05/04	53.70	53.70	51.58	51.88	13035963	681416000.00
2023/05/05	52.00	52.64	51.88	52.46	6446075	337413792.00
2023/05/08	52.74	52.82	51.18	51.42	12224261	630139072.00
2023/05/09	51.40	52.11	51.19	51.31	9767073	504235040.00
2023/05/10	51.30	51.40	50.01	50.25	11649540	587020928.00
2023/05/11	50.35	50.45	49.56	49.70	11071171	552905600.00
2023/05/12	49.76	49.93	48.99	49.12	7467502	368883104.00
2023/05/15	49.13	49.98	48.68	49.96	7071852	349316928.00
2023/05/16	49.95	50.18	49.70	49.93	5732928	286363936.00
2023/05/17	50.15	50.34	49.25	49.48	6362023	316803392.00
2023/05/18	49.48	49.99	48.97	49.20	6323693	312337024.00
2023/05/19	49.10	49.69	48.92	49.37	4118270	203219648.00
2023/05/22	49.41	50.61	49.11	50.29	8592258	430423904.00
2023/05/23	50.00	50.25	48.87	48.94	10212763	503243968.00
2023/05/24	48.61	48.63	47.28	47.29	13617771	650967232.00
2023/05/25	47.28	47.77	46.80	47.37	7116543	336270848.00
2023/05/26	47.42	47.50	46.65	47.28	5175700	243903632.00
2023/05/29	47.32	47.59	46.95	47.11	5455987	257446240.00
2023/05/30	47.11	47.28	45.85	46.70	12213511	565977856.00
2023/05/31	46.53	46.99	45.72	46.60	8920998	413078752.00
2023/06/01	46.45	46.45	45.05	45.12	15642062	712139392.00
2023/06/02	45.12	46.18	45.12	45.99	10267928	469936128.00
2023/06/05	45.99	46.35	45.44	45.80	6374909	292877216.00
2023/06/06	45.84	46.05	44.82	45.19	10474472	475916064.00
2023/06/07	45.19	46.50	45.13	45.84	9062402	415794176.00
2023/06/08	45.94	46.79	45.85	46.63	10140785	470804672.00
2023/06/09	46.80	46.98	46.45	46.97	10726219	501817536.00
2023/06/12	46.97	47.37	46.49	46.91	7101930	333426112.00
2023/06/13	46.71	47.11	46.55	46.81	7329428	342350336.00
2023/06/14	46.82	47.53	46.70	46.94	9306114	438118560.00
2023/06/15	47.00	47.95	46.75	47.62	8844621	418864768.00
2023/06/16	47.63	47.87	47.31	47.78	7720775	367878336.00
2023/06/19	47.94	48.57	47.40	47.83	9159127	438897632.00
2023/06/20	47.84	47.98	47.11	47.22	6369847	301871264.00
2023/06/21	47.23	48.20	47.21	47.29	8437629	401274368.00
2023/06/26	46.99	46.99	45.71	45.74	10972693	504976896.00
2023/06/27	45.74	46.47	45.36	46.40	6460635	298346560.00
2023/06/28	46.57	46.58	46.02	46.36	6115740	283326880.00
2023/06/29	46.40	46.48	45.30	45.42	9069359	413203904.00
2023/06/30	45.38	45.59	45.16	45.42	6826886	309920704.00
2023/07/03	45.45	47.54	45.45	47.04	17526316	820930432.00
2023/07/04	46.90	47.69	46.79	47.34	10058410	475409920.00
2023/07/05	47.28	47.50	46.85	46.92	5126800	241013056.00
2023/07/06	46.90	47.48	46.17	46.28	8142685	379915328.00
2023/07/07	46.09	46.64	46.03	46.50	4823773	223858480.00
2023/07/10	46.88	47.45	46.58	47.08	8554440	402625920.00
2023/07/11	47.08	47.42	46.71	47.33	6882643	324584320.00
2023/07/12	47.51	47.51	46.85	47.00	5355308	251933408.00
2023/07/13	47.19	47.30	46.82	46.92	7156658	336409632.00
2023/07/14	47.11	47.14	45.80	45.88	15874061	730629120.00
2023/07/17	45.89	46.25	45.52	46.02	6149005	282612512.00
2023/07/18	45.93	45.98	45.50	45.62	8570210	391655648.00
2023/07/19	45.58	45.62	44.90	44.99	12458490	561982528.00
2023/07/20	44.96	45.40	44.30	44.33	14331931	641496704.00
2023/07/21	44.33	45.37	44.29	44.55	11972451	535968384.00
2023/07/24	44.45	44.48	43.51	43.78	14585382	640984448.00
2023/07/25	44.41	44.95	44.22	44.76	17621536	786631232.00
2023/07/26	44.80	44.80	43.70	44.02	15767953	694694976.00
2023/07/27	44.13	44.79	43.81	44.41	14986701	664816960.00
2023/07/28	44.24	46.47	44.04	46.46	29827690	1357565312.00
2023/07/31	47.00	48.93	47.00	47.40	36159608	1723892352.00
2023/08/01	47.35	47.97	46.81	46.85	17585158	831245632.00
2023/08/02	46.70	47.72	46.35	47.10	13644742	643260992.00
2023/08/03	46.79	47.48	46.55	47.28	12503621	587778048.00
2023/08/04	47.71	47.97	46.88	46.93	11389552	538278400.00
2023/08/07	46.85	46.85	46.29	46.42	8307483	386002592.00
2023/08/08	46.45	46.56	45.92	46.14	7949210	367316512.00
2023/08/09	45.94	46.50	45.88	46.19	6471139	299159520.00
2023/08/10	46.55	47.85	46.46	47.83	23339992	1106214016.00
2023/08/11	47.86	48.36	47.10	47.13	18099272	863060544.00
2023/08/14	46.94	47.28	46.00	46.59	12928305	602394048.00
2023/08/15	46.98	47.39	45.64	46.13	12522292	580648704.00
2023/08/16	46.13	46.55	45.81	45.93	6479346	299287360.00
2023/08/17	45.89	46.20	45.47	46.10	10030151	460413728.00
2023/08/18	46.10	46.57	45.10	45.12	13918137	637462976.00
2023/08/21	45.10	45.10	40.61	41.25	80395104	3325142784.00
2023/08/22	40.86	40.87	39.30	40.08	43158240	1720876416.00
2023/08/23	39.94	40.08	39.01	39.05	19574910	774125440.00
2023/08/24	39.10	39.59	38.79	39.27	15993525	627014336.00
2023/08/25	39.06	39.58	38.71	39.10	11371493	445391072.00
2023/08/28	41.20	41.20	38.50	38.70	21562726	853283584.00
2023/08/29	38.74	39.88	38.70	39.78	15225932	601034624.00
2023/08/30	39.77	39.98	39.33	39.39	13305190	526059968.00
2023/08/31	39.44	39.83	39.20	39.23	11873199	468025344.00
2023/09/01	39.32	39.74	39.18	39.49	8775742	346155520.00
2023/09/04	39.49	40.03	39.27	40.03	15314596	609532480.00
2023/09/05	39.88	39.94	39.53	39.65	10665456	423234528.00
2023/09/06	39.54	39.58	39.21	39.43	8586506	338053568.00
2023/09/07	39.43	39.51	38.88	38.90	10133179	395943968.00
2023/09/08	38.79	39.30	38.64	39.24	8968228	349252672.00
2023/09/11	39.28	39.50	39.00	39.35	9659051	379744384.00
2023/09/12	39.39	39.44	39.11	39.17	7592499	297883776.00
2023/09/13	39.21	39.28	38.65	38.83	9877739	384110848.00
2023/09/14	38.76	39.00	38.20	38.34	12439385	478461216.00
2023/09/15	38.38	38.74	38.00	38.17	12085617	463324800.00
2023/09/18	38.12	38.83	38.05	38.46	9315165	358265920.00
2023/09/19	38.52	38.69	37.92	38.18	8709752	332431328.00
2023/09/20	38.03	38.08	37.77	37.81	7554743	286451648.00
2023/09/21	37.78	37.99	37.51	37.64	7537524	284421728.00
2023/09/22	37.52	38.19	37.44	38.16	8368860	316681376.00
2023/09/25	38.18	38.25	37.78	37.84	6641717	252128560.00
2023/09/26	37.85	38.07	37.33	37.34	9264900	347298080.00
2023/09/27	37.33	38.30	37.33	37.62	9791879	370376480.00
2023/09/28	37.66	37.98	37.30	37.89	8451965	318421408.00
2023/10/09	37.88	37.88	37.01	37.07	9753725	362447040.00
2023/10/10	37.14	37.66	37.11	37.11	7928876	295871072.00
2023/10/11	37.25	37.40	36.91	36.92	8497078	315036128.00
2023/10/12	37.14	37.54	37.04	37.33	7373655	274826656.00
2023/10/13	37.17	37.17	36.65	36.67	9199812	338686176.00
2023/10/16	36.67	36.77	36.12	36.24	7829405	284161632.00
2023/10/17	36.30	36.42	36.08	36.33	5563241	201574672.00
2023/10/18	36.20	36.20	35.60	35.63	8107774	290763264.00
2023/10/19	35.46	35.79	35.13	35.16	8927761	315708192.00
2023/10/20	35.03	35.29	34.80	34.92	7791861	272693536.00
2023/10/23	34.92	35.04	34.36	34.58	8276110	286405536.00
2023/10/24	34.58	35.26	34.42	35.25	8053312	280925472.00
2023/10/25	35.54	36.35	35.50	35.68	10314818	369795232.00
2023/10/26	35.50	36.00	35.37	35.90	6345418	226695456.00
2023/10/27	35.90	36.71	35.71	36.65	10910193	396691456.00
2023/10/30	36.89	37.57	36.84	37.43	14153316	526845760.00
2023/10/31	37.21	37.36	36.84	37.21	8215357	304402528.00
2023/11/01	37.01	37.38	36.90	37.09	5680653	210726464.00
2023/11/02	37.21	37.40	36.71	36.72	5381495	198880816.00
2023/11/03	36.72	37.40	36.72	37.27	7882262	293286816.00
2023/11/06	37.35	37.76	37.23	37.68	8291168	311144800.00
2023/11/07	37.50	37.62	37.19	37.42	5800291	216580688.00
2023/11/08	37.35	37.59	37.12	37.26	5342472	199606384.00
2023/11/09	37.26	37.60	37.01	37.21	5514600	205814208.00
2023/11/10	37.11	37.16	36.77	37.09	5830354	215354928.00
2023/11/13	37.28	37.53	37.01	37.19	5420050	201715568.00
2023/11/14	37.18	37.38	37.11	37.25	4404910	164027552.00
2023/11/15	37.63	37.71	37.22	37.36	6337479	237202800.00
2023/11/16	37.35	37.35	36.81	37.02	7068993	261551568.00
2023/11/17	37.02	37.54	36.91	36.99	10291370	382885856.00
2023/11/20	37.05	37.75	36.83	37.47	12820757	479728256.00
2023/11/21	37.60	38.00	37.50	37.63	9431897	356225856.00
2023/11/22	37.55	37.58	37.07	37.07	6396419	238546432.00
2023/11/23	37.01	37.18	36.86	37.13	5004788	185258656.00
2023/11/24	37.14	37.14	36.63	36.71	5590081	205803472.00
2023/11/27	36.89	36.97	36.11	36.53	6955646	253130160.00
2023/11/28	36.52	36.71	36.21	36.63	4665594	170274800.00
2023/11/29	36.60	36.68	35.92	36.06	6086758	220497696.00
2023/11/30	36.00	36.26	35.85	35.88	6432701	231828272.00
2023/12/01	35.79	36.13	35.29	35.96	7738777	276251712.00
2023/12/04	35.97	36.21	35.68	35.82	5212746	187464128.00
2023/12/05	35.78	35.78	34.72	34.75	10986802	386292672.00
2023/12/06	34.78	34.93	34.50	34.52	10277826	356371904.00
2023/12/07	34.42	34.50	33.81	33.99	9838993	334643488.00
2023/12/08	34.00	34.70	34.00	34.50	10462390	360504288.00
2023/12/11	34.40	34.49	33.70	34.40	10444530	354991520.00
2023/12/12	34.25	34.49	34.06	34.10	7428108	254128240.00
2023/12/13	33.95	33.99	33.08	33.08	13564289	452943328.00
2023/12/14	33.30	33.76	32.73	32.74	8836445	292594592.00
2023/12/15	32.83	33.29	32.75	32.89	6925909	228358032.00
2023/12/18	32.80	32.80	32.02	32.11	10363318	334269408.00
2023/12/19	32.01	32.46	31.94	32.21	6067012	195248128.00
2023/12/20	32.30	32.40	31.72	31.72	6162232	196883088.00
2023/12/21	31.60	32.27	31.41	32.11	7923192	252797552.00
2023/12/22	32.05	32.76	31.82	32.29	8685200	280164288.00
2023/12/25	32.37	32.62	32.17	32.49	5488820	177889456.00
2023/12/26	32.48	32.49	32.01	32.07	3906331	125611112.00
2023/12/27	32.36	32.36	31.29	31.44	10770971	340696768.00
2023/12/28	31.30	32.99	31.15	32.85	16358860	529935776.00
2023/12/29	32.73	33.02	32.45	32.78	8593413	281199936.00
2024/01/02	32.94	32.99	32.11	32.18	7846064	253541008.00
2024/01/03	32.28	32.34	31.90	32.15	5984059	192097424.00
2024/01/04	32.10	32.12	31.50	31.67	6490787	205648832.00
2024/01/05	31.62	32.05	31.37	31.45	7167529	227099216.00
2024/01/08	31.45	31.54	30.74	30.89	7958232	246583952.00
2024/01/09	30.95	31.85	30.81	31.43	9092060	285003360.00
2024/01/10	31.25	31.80	30.89	31.45	6195534	194643536.00
2024/01/11	31.33	31.76	31.31	31.67	7295222	230395872.00
2024/01/12	31.67	32.14	31.40	31.75	8169630	259989632.00
2024/01/15	31.72	32.97	31.57	32.70	14320904	465730336.00
2024/01/16	32.60	33.48	32.43	33.26	16493987	546732864.00
2024/01/17	33.25	33.26	32.41	32.44	10801287	353326016.00
2024/01/18	32.25	33.26	31.92	33.26	14119735	459798560.00
2024/01/19	33.18	33.59	32.95	33.44	11806171	393747680.00
2024/01/22	33.39	33.70	32.69	32.90	14346898	477372544.00
2024/01/23	32.89	33.05	32.40	32.77	9028123	295530592.00
2024/01/24	32.89	33.65	32.38	33.52	12540388	414944288.00
2024/01/25	33.60	34.27	33.21	34.20	17914292	604471808.00
2024/01/26	34.23	34.67	33.93	34.34	16149712	553180288.00
2024/01/29	34.59	35.60	34.44	35.18	23370928	822720896.00
2024/01/30	34.74	34.96	33.78	33.92	15187457	520988768.00
2024/01/31	33.60	33.86	33.08	33.10	12372710	412584832.00
2024/02/01	33.00	33.70	33.00	33.34	9226187	307144736.00
2024/02/02	33.34	33.60	32.00	33.08	12472930	411770080.00
2024/02/05	32.80	33.05	31.78	32.73	14089505	458214880.00
2024/02/06	32.73	34.34	32.33	34.27	14544225	487836128.00
2024/02/07	34.27	34.82	33.78	34.65	15041264	517805984.00
2024/02/08	34.81	35.58	34.79	35.30	18127284	637533184.00
2024/02/19	36.00	36.09	35.00	35.26	13671480	483378496.00
2024/02/20	35.25	35.25	34.77	35.03	8489941	296812736.00
2024/02/21	34.84	36.08	34.72	35.54	15610196	555012736.00
2024/02/22	35.54	35.78	35.18	35.45	9758383	345243584.00
2024/02/23	35.44	35.44	35.06	35.30	8227898	290036128.00
2024/02/26	35.12	35.28	34.70	34.85	12398553	433244192.00
2024/02/27	34.85	35.18	34.71	35.00	9794532	341624032.00
2024/02/28	35.05	35.67	34.81	34.86	15219438	535622848.00
2024/02/29	34.80	35.18	34.63	35.18	13314578	465337728.00
2024/03/01	35.18	35.20	34.75	34.93	12922699	450791232.00
2024/03/04	34.99	35.89	34.99	35.68	18542444	656808832.00
2024/03/05	35.50	35.53	35.06	35.38	13136831	463447360.00
2024/03/06	35.35	35.58	35.23	35.32	8182694	289611008.00
2024/03/07	35.21	35.38	34.75	34.92	10949869	383032128.00
2024/03/08	34.85	34.98	34.69	34.86	8305368	289119104.00
2024/03/11	34.86	35.09	34.72	35.08	8069392	282143904.00
2024/03/12	35.08	36.08	34.93	36.05	22242096	794357120.00
2024/03/13	35.90	36.29	35.78	36.02	10949138	394282848.00
2024/03/14	36.17	37.47	36.10	37.10	25709960	952217984.00
2024/03/15	37.19	37.50	36.90	37.16	14401626	535312064.00
2024/03/18	37.07	37.85	36.80	37.65	13322677	500518656.00
2024/03/19	37.65	37.65	37.10	37.12	10050860	374655648.00
2024/03/20	37.15	37.25	36.87	36.87	7873624	291375648.00
2024/03/21	36.90	37.10	36.43	36.51	10457049	383647840.00
2024/03/22	36.67	36.75	36.21	36.40	10371557	378405152.00
2024/03/25	36.28	36.88	36.09	36.46	7974726	291277952.00
2024/03/26	36.46	36.66	35.67	35.91	11279471	405804448.00
2024/03/27	35.90	35.94	35.01	35.01	11717048	414955040.00
2024/03/28	34.91	35.89	34.90	35.66	10382393	369568096.00
2024/03/29	35.53	36.39	35.34	36.26	10292564	369511296.00
2024/04/01	36.49	36.78	36.13	36.65	9210876	336245056.00
2024/04/02	36.66	37.15	36.50	36.74	11015883	405599200.00
2024/04/03	36.87	37.15	36.69	36.73	8564831	315760288.00
2024/04/08	36.66	36.74	36.10	36.22	9859077	359212032.00
2024/04/09	36.21	36.97	35.90	36.00	10935917	397826880.00
2024/04/10	35.85	36.32	35.62	35.93	7574505	272404512.00
2024/04/11	35.93	36.09	35.67	35.96	6038731	216964176.00
2024/04/12	36.01	36.19	35.42	35.45	8581253	306600704.00
2024/04/15	35.55	36.63	35.45	36.57	12815953	464126944.00
2024/04/16	36.67	37.02	36.36	36.41	13825664	507703520.00
2024/04/17	36.25	36.85	35.98	36.83	9478493	346438656.00
2024/04/18	36.67	37.25	36.66	36.78	11396340	421215392.00
2024/04/19	36.66	36.66	36.11	36.30	9591155	348449088.00
2024/04/22	36.30	36.85	36.25	36.78	8515474	311907232.00
2024/04/23	36.78	36.84	36.30	36.45	9099833	331827488.00
2024/04/24	36.46	36.67	36.15	36.48	7441939	270933216.00
2024/04/25	36.48	37.20	36.40	36.99	12111093	446768864.00
2024/04/26	36.99	37.50	36.83	37.50	14325481	532993728.00
2024/04/29	37.52	37.64	37.04	37.63	18210280	681316416.00
2024/04/30	36.88	37.73	36.19	37.64	22996152	849199488.00
2024/05/06	37.85	37.86	37.35	37.46	17385216	652966848.00
2024/05/07	37.56	37.56	36.96	37.30	11908968	442416320.00
2024/05/08	37.21	37.38	37.06	37.17	6004002	223147216.00
2024/05/09	37.15	37.35	37.10	37.19	7717820	287216288.00
2024/05/10	37.22	37.27	36.81	36.99	8423722	311692320.00
2024/05/13	36.82	37.14	36.51	36.94	7304876	269538688.00
2024/05/14	36.86	37.07	36.74	36.84	5755581	212267456.00
2024/05/15	36.71	36.73	36.29	36.30	10193853	371538848.00
2024/05/16	36.32	36.37	35.69	35.75	13273985	476674496.00
2024/05/17	35.65	36.40	35.59	36.39	10708436	386081760.00
2024/05/20	36.45	36.96	36.32	36.80	11277349	414156832.00
2024/05/21	36.77	36.78	36.14	36.24	9006678	327630240.00
2024/05/22	36.28	36.53	36.16	36.44	5365273	195128336.00
2024/05/23	36.36	36.36	35.71	35.79	8272001	297200544.00
2024/05/24	35.70	36.02	35.64	35.73	6380233	228380816.00
2024/05/27	35.76	35.85	35.56	35.78	4562464	162864832.00
2024/05/28	35.76	35.78	35.09	35.18	8105999	286307008.00
2024/05/29	35.20	35.41	34.99	35.23	5141214	180787728.00
2024/05/30	35.11	35.27	34.95	35.14	4473927	156834592.00
2024/05/31	35.09	35.32	34.72	34.75	9549721	333547776.00
2024/06/03	34.67	34.68	34.17	34.57	9047808	311554624.00
2024/06/04	34.41	34.57	34.27	34.49	9157450	315475584.00
2024/06/05	34.40	34.87	34.37	34.63	7489089	259557600.00
2024/06/06	34.66	34.72	34.02	34.10	8043471	275397536.00
2024/06/07	34.26	34.27	33.60	34.20	10904773	370443424.00
2024/06/11	34.22	34.39	34.00	34.27	5174341	177354288.00
2024/06/12	34.32	34.36	33.80	33.80	8198901	278277248.00
2024/06/13	33.70	33.84	33.03	33.19	11465354	381339392.00
2024/06/14	33.10	33.49	32.96	33.38	7815655	259610160.00
2024/06/17	33.18	33.68	33.17	33.52	5123105	171646848.00
2024/06/18	33.54	34.24	33.54	34.13	7210123	245441536.00
2024/06/19	34.19	34.28	33.69	33.75	4656472	157573456.00
2024/06/20	33.61	33.87	33.03	33.03	5614299	187194816.00
2024/06/21	33.00	33.20	32.36	32.70	8580199	280375168.00
2024/06/24	32.51	32.63	32.20	32.33	7407135	239998416.00
2024/06/25	32.44	32.60	31.82	32.02	7633896	245295952.00
2024/06/26	32.02	32.39	31.78	32.32	6148172	197127408.00
2024/06/27	32.27	32.32	31.95	32.00	4334000	139009840.00
2024/06/28	32.00	32.54	31.87	32.25	6444614	207922752.00
2024/07/01	32.22	32.79	32.20	32.58	5880734	191204832.00
2024/07/02	32.47	32.93	32.29	32.70	6225001	203689584.00
2024/07/03	32.74	33.99	32.50	33.59	15217772	507719488.00
2024/07/04	33.37	33.38	32.90	33.00	9278024	306679936.00
2024/07/05	32.82	33.25	32.72	32.92	7035341	231854944.00
2024/07/08	32.92	33.16	32.36	32.46	5878030	191883424.00
2024/07/09	32.80	33.85	32.69	33.80	17243192	575582528.00
2024/07/10	33.66	34.32	33.51	33.97	11587190	393372352.00
2024/07/11	34.29	34.67	34.08	34.58	12322971	425200864.00
2024/07/12	34.55	34.85	34.30	34.62	8893461	307918112.00
2024/07/15	34.41	34.78	34.31	34.48	6587788	227636512.00
2024/07/16	34.38	34.73	34.23	34.61	6296699	217535904.00
2024/07/17	34.68	35.33	34.61	35.15	12576530	441036928.00
2024/07/18	35.06	35.24	34.71	35.05	9215317	322168736.00
2024/07/19	34.80	35.72	34.75	35.62	13105970	464356736.00
2024/07/22	35.59	36.10	35.51	35.69	11446958	409511712.00
2024/07/23	35.94	35.94	35.15	35.16	9226832	327622272.00
2024/07/24	35.16	35.33	34.70	34.81	9501312	332353216.00
2024/07/25	34.84	35.47	34.74	35.27	8252483	290493952.00
2024/07/26	35.33	35.50	34.88	35.08	7097961	248866928.00
2024/07/29	35.02	35.02	33.80	33.95	18611072	635094592.00
2024/07/30	33.70	34.05	33.65	33.85	6703504	226759632.00
2024/07/31	33.85	34.65	33.84	34.58	9915062	341050752.00
2024/08/01	34.58	34.63	34.21	34.41	6509001	223992496.00
2024/08/02	34.23	34.60	34.15	34.33	4936236	169787728.00
2024/08/05	34.33	35.38	34.21	34.72	13703940	478260864.00
2024/08/06	34.79	35.37	34.39	34.73	8748469	304245344.00
2024/08/07	34.55	34.73	34.42	34.42	3999273	138136400.00
2024/08/08	34.41	34.55	34.09	34.31	4804900	164891936.00
2024/08/09	34.46	34.58	34.00	34.00	4586639	157069232.00
2024/08/12	34.00	34.14	33.83	33.90	3456000	117438960.00
2024/08/13	33.94	33.99	33.41	33.84	3904028	131489016.00
2024/08/14	33.86	33.90	33.37	33.44	4387110	147276240.00
2024/08/15	33.40	34.26	33.40	34.25	7158237	243199728.00
2024/08/16	34.23	34.27	33.81	34.02	5496985	187150144.00
2024/08/19	33.93	33.93	33.05	33.58	9815207	329002848.00
2024/08/20	33.57	33.72	33.42	33.53	4771150	160118944.00
2024/08/21	33.27	33.72	33.21	33.50	4501268	150996032.00
2024/08/22	33.40	33.55	32.66	32.78	7188134	236890464.00
2024/08/23	32.79	33.14	32.60	33.05	3169955	104409624.00
2024/08/26	33.05	33.28	32.80	33.06	2978709	98206808.00
2024/08/27	33.04	33.06	32.56	32.65	3373409	110271424.00
2024/08/28	32.78	32.99	32.42	32.47	3886681	126822112.00
2024/08/29	32.35	32.74	32.32	32.65	4348100	141739968.00
2024/08/30	32.60	33.43	32.60	33.13	8254721	273702816.00
2024/09/02	33.11	33.12	32.21	32.25	7686251	249843664.00
2024/09/03	32.20	32.50	32.02	32.38	3824904	123638416.00
2024/09/04	32.23	32.51	32.19	32.33	3511468	113655600.00
2024/09/05	32.24	32.58	32.24	32.56	4172140	135514736.00
2024/09/06	32.65	32.67	32.37	32.44	2754047	89553944.00
2024/09/09	32.02	32.35	31.57	31.75	5966162	190297920.00
2024/09/10	31.75	31.88	30.85	31.34	6801540	212157088.00
2024/09/11	31.29	31.37	30.86	31.13	4286526	133376664.00
2024/09/12	31.19	31.25	30.90	30.97	3639650	112959488.00
2024/09/13	31.00	31.08	30.78	30.79	3408750	105244632.00
2024/09/18	30.79	30.88	29.74	30.24	7549196	227250176.00
2024/09/19	30.43	31.19	30.11	30.89	7380443	227212160.00
2024/09/20	30.78	31.26	30.58	31.00	5107969	157905232.00
2024/09/23	31.00	31.17	30.86	31.02	3791613	117590232.00
2024/09/24	31.26	32.28	31.14	32.28	10993713	350096352.00
2024/09/25	32.46	33.12	32.34	32.50	12292098	402728736.00
2024/09/26	32.49	33.91	32.34	33.87	13978805	464234048.00
2024/09/27	34.18	35.89	34.17	35.70	18475500	648139072.00
2024/09/30	37.00	38.79	36.55	38.42	49748008	1878777216.00
2024/10/08	42.02	42.26	37.17	38.93	62507208	2490458880.00
2024/10/09	38.25	38.25	35.48	35.49	34801564	1277715456.00
2024/10/10	35.58	36.60	35.25	35.90	20514936	738324096.00
2024/10/11	35.89	36.20	35.01	35.27	13884112	493751712.00
2024/10/14	35.27	35.44	34.53	35.10	15729234	550021952.00
2024/10/15	35.08	35.36	34.58	34.58	10714194	375053344.00
2024/10/16	34.34	34.68	34.02	34.26	10170992	348761472.00
2024/10/17	34.28	34.44	33.88	33.93	9839221	336094272.00
2024/10/18	33.93	35.27	33.67	34.80	16783324	577028352.00
2024/10/21	35.03	35.50	34.64	34.98	15409407	540066624.00
2024/10/22	34.98	35.14	34.67	35.10	10611741	370877728.00
2024/10/23	35.12	35.77	35.01	35.60	14425794	511807520.00
2024/10/24	35.53	35.73	35.02	35.09	8534974	301416832.00
2024/10/25	35.10	35.53	35.10	35.32	10000996	353212064.00
2024/10/28	35.34	35.72	35.20	35.66	9753574	346500544.00
2024/10/29	35.79	35.87	35.16	35.27	10761425	381108736.00
2024/10/30	35.10	35.47	34.95	35.26	8615105	303313536.00
2024/10/31	35.14	35.14	34.50	34.96	13081940	456017824.00
2024/11/01	34.96	35.07	34.52	34.92	12040629	419739072.00
2024/11/04	34.92	35.10	34.78	35.10	8976988	313596544.00
2024/11/05	35.11	35.75	34.90	35.74	16200801	575527552.00
2024/11/06	35.70	36.10	35.54	35.72	14731371	526875296.00
2024/11/07	35.50	36.78	35.46	36.77	21015222	763519744.00
2024/11/08	37.10	37.19	36.37	36.53	16974252	622551296.00
2024/11/11	36.30	36.75	36.17	36.59	12396500	451921152.00
2024/11/12	36.51	37.09	36.18	36.35	18077876	662975680.00
2024/11/13	36.24	36.76	36.15	36.41	11173086	407170976.00
2024/11/14	36.41	36.46	36.00	36.01	10958100	397105792.00
2024/11/15	35.98	36.97	35.90	36.29	14688923	535301472.00
2024/11/18	36.29	36.85	36.03	36.18	15467834	565073408.00
2024/11/19	36.28	36.37	35.47	35.96	12559599	451012896.00
2024/11/20	35.90	36.25	35.65	36.02	8280400	297618304.00
2024/11/21	36.00	36.17	35.60	35.83	7564002	270743968.00
2024/11/22	35.71	36.00	34.81	34.82	10778000	381564704.00
2024/11/25	34.61	35.39	34.12	34.45	13255758	460577888.00
2024/11/26	34.45	35.10	34.35	34.55	9130812	317215040.00
2024/11/27	34.55	34.80	34.31	34.79	8599465	297119200.00
2024/11/28	34.80	35.05	34.65	34.82	7326396	255429328.00
2024/11/29	34.79	35.13	34.72	34.91	8450856	295229344.00
2024/12/02	34.95	35.95	34.94	35.69	12438197	442239936.00
2024/12/03	35.57	35.89	35.42	35.67	6454916	229780256.00
2024/12/04	35.66	35.73	35.00	35.08	7115977	251000000.00
2024/12/05	34.95	35.15	34.92	35.00	4858887	170177360.00
2024/12/06	35.06	35.56	35.06	35.52	7820904	276638912.00
2024/12/09	35.40	35.98	35.38	35.53	10147700	361605088.00
2024/12/10	36.30	36.55	35.55	35.59	15739044	566416064.00
2024/12/11	35.50	35.89	35.50	35.84	7155214	255886944.00
2024/12/12	35.85	36.15	35.71	36.15	10545091	379818848.00
2024/12/13	35.97	36.10	35.68	35.73	11511990	412850016.00
2024/12/16	35.88	35.95	35.19	35.31	6997460	248422720.00
2024/12/17	35.32	35.49	34.93	34.97	8041600	282603136.00
2024/12/18	35.18	35.28	34.76	34.86	7214837	252596016.00
2024/12/19	34.81	34.82	34.05	34.46	11887323	408674112.00
2024/12/20	34.45	34.68	34.32	34.51	6041873	208643232.00
2024/12/23	34.87	35.53	34.63	34.67	10622212	371949024.00
2024/12/24	34.67	35.16	34.51	35.12	7627677	266368288.00
2024/12/25	35.10	35.35	34.82	35.30	8064858	283177568.00
2024/12/26	35.30	35.44	34.94	34.96	6877964	241534544.00
2024/12/27	34.98	35.36	34.89	35.24	6640420	233595968.00
2024/12/30	35.16	35.29	34.75	34.81	8458419	295388896.00
2024/12/31	34.83	34.89	34.13	34.15	10929500	376797280.00
2025/01/02	34.25	34.37	33.09	33.31	14327978	481880160.00
2025/01/03	33.40	33.46	33.00	33.10	8352744	277616000.00
2025/01/06	33.11	33.35	32.92	33.10	7948948	262985600.00
2025/01/07	33.10	33.22	32.59	33.01	8596110	282640640.00
2025/01/08	33.00	33.06	32.54	32.88	5959100	195498256.00
2025/01/09	32.89	32.93	32.61	32.67	5448041	178353104.00
2025/01/10	32.73	32.98	32.37	32.37	5398831	176259808.00
2025/01/13	32.24	32.49	32.18	32.40	5190210	167881696.00
2025/01/14	32.40	33.27	32.38	33.21	8897676	293502880.00
2025/01/15	33.15	33.48	33.08	33.34	6765232	225217104.00
2025/01/16	33.40	33.67	33.05	33.20	6014383	200449280.00
2025/01/17	33.10	33.48	33.02	33.20	4887010	162558000.00
2025/01/20	33.43	33.68	33.06	33.09	6954775	231925120.00
2025/01/21	33.27	33.40	33.08	33.20	4330351	143728848.00
2025/01/22	33.25	33.48	33.13	33.33	6522658	217207136.00
2025/01/23	33.50	33.76	33.24	33.25	7579241	253974240.00
2025/01/24	33.15	33.38	33.04	33.34	7320198	243556800.00
2025/01/27	33.36	33.55	33.14	33.16	7023211	234169056.00
2025/02/05	33.35	33.39	32.91	33.01	6013981	198668272.00
2025/02/06	32.91	33.20	32.71	33.12	6347730	209367312.00
2025/02/07	33.12	33.42	32.98	33.30	8844513	293979520.00
2025/02/10	33.29	33.57	33.18	33.48	8542007	285442848.00
2025/02/11	33.48	33.54	33.01	33.03	8680747	287579616.00
2025/02/12	33.01	33.08	32.84	33.04	7344189	241939920.00
2025/02/13	33.00	33.16	32.95	33.01	8039694	265867184.00
2025/02/14	32.98	33.08	32.77	32.99	7736518	254727536.00
2025/02/17	32.99	33.05	32.85	32.90	8243289	271362880.00
2025/02/18	32.90	32.94	32.56	32.60	8900467	291656704.00
2025/02/19	32.59	32.67	32.38	32.55	7860066	255583504.00
2025/02/20	32.50	32.65	32.32	32.55	6462897	209884944.00
2025/02/21	32.53	32.79	32.48	32.72	8956638	292539552.00
2025/02/24	32.73	32.98	32.64	32.84	10351934	339414976.00
2025/02/25	32.66	32.70	32.40	32.47	9834592	319865760.00
2025/02/26	32.50	32.55	32.32	32.52	7226985	234316400.00
2025/02/27	32.50	32.88	32.48	32.81	10859087	355529280.00
2025/02/28	32.70	32.89	32.35	32.49	8988414	293022208.00
数据来源:通达信
