600702 舍得酒业 日线 不复权
      日期	    开盘	    最高	    最低	    收盘	    成交量	    成交额
2020/01/02	30.01	30.41	29.78	30.40	9650148	291023360.00
2020/01/03	30.40	30.65	30.02	30.11	6394310	193730320.00
2020/01/06	30.06	30.18	29.76	29.90	6358149	190268752.00
2020/01/07	29.88	30.10	29.78	30.07	7804800	233686016.00
2020/01/08	29.91	29.98	29.40	29.44	7894114	233863344.00
2020/01/09	29.62	30.25	29.50	29.95	9419793	281537184.00
2020/01/10	29.99	30.94	29.86	30.65	14509515	442660384.00
2020/01/13	30.59	31.82	30.58	31.59	14695693	461893920.00
2020/01/14	31.60	31.60	31.02	31.28	8802075	275093728.00
2020/01/15	31.25	31.90	31.16	31.38	7634320	240592304.00
2020/01/16	31.33	31.55	31.07	31.33	5190608	162438112.00
2020/01/17	31.28	31.45	30.88	31.00	6178700	192510736.00
2020/01/20	31.04	31.31	30.87	31.19	5441558	169227760.00
2020/01/21	31.15	31.16	30.20	30.22	7239957	221113504.00
2020/01/22	30.01	30.35	29.44	30.27	5752986	172557904.00
2020/01/23	29.84	30.09	28.40	28.68	11027931	321135360.00
2020/02/03	25.81	25.81	25.81	25.81	1726700	44566128.00
2020/02/04	23.41	25.21	23.41	24.53	19660195	476540192.00
2020/02/05	24.51	24.98	24.10	24.61	10538944	259758832.00
2020/02/06	24.50	24.94	24.23	24.80	9786257	240542496.00
2020/02/07	24.68	25.00	24.40	24.98	8179157	202147392.00
2020/02/10	24.85	25.96	24.55	25.72	8921660	225822912.00
2020/02/11	25.60	26.44	25.41	26.00	8673256	225904864.00
2020/02/12	26.05	26.05	25.55	25.97	5986957	154380128.00
2020/02/13	25.86	26.28	25.58	25.61	6936761	179474128.00
2020/02/14	25.60	25.70	25.23	25.39	6909835	175594112.00
2020/02/17	25.47	26.08	25.40	26.05	8524969	220496640.00
2020/02/18	26.18	26.27	25.80	26.13	7638648	198717088.00
2020/02/19	26.09	26.76	25.90	26.38	10454024	276113088.00
2020/02/20	26.23	26.98	26.20	26.89	13001345	348452224.00
2020/02/21	26.79	27.06	26.69	26.82	9581841	257290304.00
2020/02/24	26.67	26.67	25.85	26.30	10788992	282909888.00
2020/02/25	25.74	26.20	25.46	25.82	9284895	239782688.00
2020/02/26	25.62	26.06	25.37	25.57	7942352	203896752.00
2020/02/27	25.56	25.89	25.52	25.56	5543362	142363680.00
2020/02/28	25.03	25.14	23.55	23.76	14166951	344871936.00
2020/03/02	23.86	24.29	23.60	24.27	9700341	233140304.00
2020/03/03	24.45	24.87	24.31	24.50	7664175	188326160.00
2020/03/04	24.44	24.71	24.30	24.71	5784349	141536144.00
2020/03/05	24.83	26.45	24.83	26.26	20385632	527680480.00
2020/03/06	25.83	26.26	25.68	25.90	10544505	272927040.00
2020/03/09	25.50	25.50	24.55	24.79	11546896	288240896.00
2020/03/10	24.45	25.26	24.28	25.25	9339225	231809040.00
2020/03/11	25.19	25.47	24.87	24.88	8290143	208317952.00
2020/03/12	24.60	24.60	24.03	24.11	6911930	167758720.00
2020/03/13	22.95	23.78	22.75	23.55	7978864	185380640.00
2020/03/16	23.75	24.09	23.03	23.15	7800249	183736000.00
2020/03/17	23.47	23.48	22.08	22.55	8045309	183344432.00
2020/03/18	22.74	23.14	22.10	22.15	6775680	153552160.00
2020/03/19	21.98	22.25	21.16	21.69	7617725	164608144.00
2020/03/20	21.90	22.48	21.77	22.21	7269100	160982384.00
2020/03/23	21.74	21.96	21.41	21.54	4285500	93068768.00
2020/03/24	21.85	22.28	21.38	21.93	6618952	144323424.00
2020/03/25	22.40	22.70	22.07	22.68	8992240	201444080.00
2020/03/26	22.48	23.09	22.31	22.60	6710575	152572928.00
2020/03/27	22.77	23.30	22.77	22.86	8654778	199562080.00
2020/03/30	22.60	22.69	22.30	22.56	5454148	122642744.00
2020/03/31	22.77	23.06	22.61	22.80	4715401	107668576.00
2020/04/01	22.74	23.05	22.45	22.59	5234815	119064560.00
2020/04/02	22.50	22.86	22.35	22.86	4140150	93863176.00
2020/04/03	22.86	23.06	22.68	22.78	3684970	84273192.00
2020/04/07	23.15	23.37	23.05	23.24	6168401	143211440.00
2020/04/08	23.11	23.38	23.06	23.24	4034716	93676624.00
2020/04/09	23.35	23.45	23.11	23.26	4207844	97972336.00
2020/04/10	23.29	23.76	23.04	23.08	6447482	150565984.00
2020/04/13	22.85	22.89	22.48	22.62	4669760	105816096.00
2020/04/14	22.72	23.11	22.56	23.02	4946182	113037248.00
2020/04/15	23.05	23.24	22.75	22.77	4604315	105813560.00
2020/04/16	22.68	22.83	22.41	22.68	4590852	103712896.00
2020/04/17	22.87	24.06	22.87	23.30	11228782	263189200.00
2020/04/20	23.25	23.51	23.10	23.51	6924761	161506544.00
2020/04/21	23.35	23.52	23.04	23.24	5017318	116719568.00
2020/04/22	23.11	23.96	23.02	23.80	8138709	192437072.00
2020/04/23	23.86	24.22	23.54	23.60	9609650	229381648.00
2020/04/24	23.79	24.95	23.65	24.66	16470392	404567968.00
2020/04/27	26.00	26.35	25.18	25.29	23671080	606143808.00
2020/04/28	25.42	26.98	25.07	26.40	26214525	683399936.00
2020/04/29	24.80	24.87	23.86	23.95	28293445	687684160.00
2020/04/30	23.80	24.08	23.52	24.02	10245445	244234592.00
2020/05/06	23.90	24.15	23.64	24.14	7275211	173941440.00
2020/05/07	24.10	24.57	23.92	24.50	9235824	224701536.00
2020/05/08	24.50	24.94	24.31	24.61	9265634	228386336.00
2020/05/11	24.69	24.96	24.48	24.79	6552836	162163456.00
2020/05/12	24.71	24.86	24.39	24.66	5230649	129024976.00
2020/05/13	24.65	25.37	24.51	25.12	9340623	234608240.00
2020/05/14	25.46	26.99	25.30	26.19	22668881	595329664.00
2020/05/15	26.30	26.69	25.40	25.61	12214380	315893408.00
2020/05/18	25.62	26.75	25.62	26.69	13449101	354360192.00
2020/05/19	26.67	27.04	26.25	26.82	10467326	279408320.00
2020/05/20	26.80	27.48	26.50	26.93	10863199	293808992.00
2020/05/21	27.00	27.42	26.75	26.87	10549202	285666496.00
2020/05/22	26.68	27.07	26.11	26.24	9733270	257638160.00
2020/05/25	26.42	26.78	25.86	26.48	6418853	169537696.00
2020/05/26	26.53	27.00	26.10	26.84	7625581	203146032.00
2020/05/27	26.86	27.40	26.73	27.05	7496427	202957488.00
2020/05/28	26.98	28.38	26.90	27.83	14985511	416989408.00
2020/05/29	27.68	28.08	27.57	27.78	10363598	288075840.00
2020/06/01	27.83	28.30	27.78	28.18	10270710	288809376.00
2020/06/02	28.15	28.36	27.75	27.91	7285467	204162784.00
2020/06/03	27.92	28.00	27.52	27.60	5545092	153766592.00
2020/06/04	27.75	29.29	27.73	28.96	14836561	426600384.00
2020/06/05	29.03	30.42	28.80	29.94	14820161	440816096.00
2020/06/08	30.10	30.85	29.90	30.10	11026265	333604736.00
2020/06/09	30.24	30.88	29.85	30.30	10779236	327126304.00
2020/06/10	30.13	30.63	29.99	30.34	6839549	207527840.00
2020/06/11	30.38	31.29	30.21	30.69	8841133	272187360.00
2020/06/12	30.35	30.89	30.02	30.58	7552009	230628864.00
2020/06/15	30.48	30.89	29.30	29.56	12632953	377371296.00
2020/06/16	29.80	31.46	29.72	31.04	13849659	427153024.00
2020/06/17	31.28	31.30	30.69	31.11	7850350	243236672.00
2020/06/18	31.23	32.40	30.88	31.06	11626770	366893696.00
2020/06/19	31.00	31.91	30.89	31.50	9255255	292292128.00
2020/06/22	31.45	32.93	31.18	32.68	13308480	429077856.00
2020/06/23	32.78	35.05	32.68	34.81	18785543	639066432.00
2020/06/24	34.82	37.15	34.50	35.41	25168953	903663552.00
2020/06/29	35.30	36.97	35.30	36.96	16831507	611582080.00
2020/06/30	37.16	37.64	36.37	37.35	17050407	632782272.00
2020/07/01	37.38	41.00	37.01	40.93	26001658	1020899072.00
2020/07/02	40.00	41.73	39.01	39.29	29899925	1193457280.00
2020/07/03	38.80	38.80	36.60	36.72	29891865	1115736704.00
2020/07/06	36.70	37.88	36.01	37.37	17963994	668322112.00
2020/07/07	37.16	39.15	37.04	38.06	20367662	780635200.00
2020/07/08	38.07	38.46	37.37	37.96	13775206	519938112.00
2020/07/09	37.68	39.40	37.50	39.27	17122856	659311232.00
2020/07/10	39.30	40.44	38.30	39.11	16242280	637782144.00
2020/07/13	39.10	40.50	38.60	40.48	16613658	661906368.00
2020/07/14	40.48	43.92	40.07	43.85	21304965	900055424.00
2020/07/15	43.86	45.77	42.61	43.60	20942005	924349696.00
2020/07/16	42.90	42.90	39.24	39.24	22086356	884084992.00
2020/07/17	37.50	39.80	36.16	38.06	18103480	690936320.00
2020/07/20	38.10	39.29	36.70	38.47	12214713	464207296.00
2020/07/21	38.00	39.65	37.70	38.68	9334005	362894144.00
2020/07/22	38.03	39.47	37.95	39.08	9093651	353949056.00
2020/07/23	38.78	39.38	37.11	38.07	10593554	404350272.00
2020/07/24	37.98	38.21	34.31	35.28	17617903	637204224.00
2020/07/27	35.39	37.35	35.30	36.38	11765517	428756800.00
2020/07/28	36.00	37.46	35.80	37.44	9279434	341577216.00
2020/07/29	37.37	37.91	36.88	37.50	10950265	409444672.00
2020/07/30	37.50	38.26	37.10	37.33	7467507	280279904.00
2020/07/31	37.11	37.50	36.31	36.98	9713225	358849632.00
2020/08/03	37.30	37.44	36.74	37.06	7138998	264525504.00
2020/08/04	37.10	37.37	36.10	36.42	8689012	317912800.00
2020/08/05	36.45	36.56	35.00	36.43	6837663	246923152.00
2020/08/06	36.71	36.84	35.02	35.50	7580779	270426720.00
2020/08/07	35.70	35.98	33.92	34.65	9513968	330584576.00
2020/08/10	34.60	34.90	34.06	34.46	6740661	232192224.00
2020/08/11	34.60	35.35	34.11	34.33	10805497	377218112.00
2020/08/12	34.35	34.50	31.97	32.77	11948454	391023488.00
2020/08/13	32.64	33.25	32.44	33.03	5960485	196143824.00
2020/08/14	32.83	34.23	32.80	34.12	8600944	289359648.00
2020/08/17	34.09	34.96	33.78	34.63	11187500	386592800.00
2020/08/18	34.48	36.86	34.13	35.71	15719385	560847808.00
2020/08/19	35.63	36.33	35.05	35.33	9856522	351181536.00
2020/08/20	33.20	34.00	31.80	32.26	25233359	816805824.00
2020/08/21	32.17	33.80	32.01	33.16	12212327	400471872.00
2020/08/24	33.48	33.73	32.80	33.42	8475175	282757184.00
2020/08/25	33.35	34.60	33.20	33.92	10858437	370961280.00
2020/08/26	33.65	34.64	33.01	33.30	8210372	277340256.00
2020/08/27	33.06	33.70	32.50	33.69	5984253	198545024.00
2020/08/28	33.64	37.06	33.18	37.06	24300810	872618432.00
2020/08/31	38.87	40.11	38.20	38.93	34913471	1366756224.00
2020/09/01	39.39	39.69	38.36	39.30	18683811	729276992.00
2020/09/02	38.30	38.81	36.68	37.40	29825990	1119167488.00
2020/09/03	37.04	39.68	37.03	38.49	25209789	973563712.00
2020/09/04	37.57	37.93	36.89	37.70	13788630	515619584.00
2020/09/07	37.60	38.14	35.30	35.92	20260074	736734912.00
2020/09/08	35.70	35.88	33.24	33.91	16078981	547714176.00
2020/09/09	33.40	33.81	32.53	33.36	8547496	284283872.00
2020/09/10	33.37	34.16	33.25	33.25	7918038	267318736.00
2020/09/11	32.85	34.34	32.65	34.19	8158664	273862752.00
2020/09/14	34.15	36.60	33.70	36.28	12648735	445047072.00
2020/09/15	36.28	37.14	35.82	36.20	10482033	381286912.00
2020/09/16	36.00	36.56	35.60	35.88	6236778	224516352.00
2020/09/17	35.45	35.79	33.96	34.95	9547402	333072256.00
2020/09/18	34.50	34.78	33.72	34.49	10467680	359020960.00
2020/09/22	32.77	32.77	32.77	32.77	671000	21988670.00
2020/09/23	31.13	31.13	31.13	31.13	769400	23951422.00
2020/09/24	29.57	31.00	29.57	29.57	32206045	956741312.00
2020/09/25	28.60	28.91	28.09	28.09	19591753	553564672.00
2020/09/28	28.10	28.92	27.67	28.39	10837051	307780512.00
2020/09/29	28.90	29.81	28.90	29.81	3885772	114794304.00
2020/09/30	30.70	31.30	30.35	31.25	16466755	510095040.00
2020/10/09	31.53	31.92	30.90	30.95	11571460	362067104.00
2020/10/12	31.00	31.43	30.66	31.01	13311029	411642272.00
2020/10/13	31.05	32.56	31.03	32.56	14682311	472970976.00
2020/10/14	32.58	34.19	32.43	34.19	5295350	177770912.00
2020/10/15	35.90	35.90	35.80	35.90	3148342	113013952.00
2020/10/16	37.69	37.69	34.71	34.88	19138444	697042560.00
2020/10/19	35.99	36.62	35.74	36.62	2537102	92253176.00
2020/10/20	37.00	38.45	36.70	38.45	15251491	580897856.00
2020/10/21	39.50	39.89	38.38	38.80	13267801	519925696.00
2020/10/22	38.60	40.74	38.40	40.74	7947976	319430464.00
2020/10/23	42.00	42.78	40.74	41.97	15239186	643047616.00
2020/10/26	41.97	44.07	40.60	44.07	14028620	597451712.00
2020/10/27	43.79	45.48	41.92	42.11	15454289	678837184.00
2020/10/28	42.30	43.52	40.80	41.95	16052089	675107136.00
2020/10/29	43.60	44.05	42.30	44.05	12698323	554895232.00
2020/10/30	44.88	46.25	44.10	44.99	15651562	709154048.00
2020/11/02	43.61	47.24	43.61	47.24	15330030	699802304.00
2020/11/03	48.20	49.60	45.46	45.90	21776796	1050196672.00
2020/11/04	46.15	47.80	44.50	46.88	14251807	658423040.00
2020/11/05	46.95	48.64	46.38	47.26	10762592	511350624.00
2020/11/06	47.08	47.85	46.02	46.67	7620239	357696064.00
2020/11/09	47.49	48.38	47.05	48.01	7427518	354266688.00
2020/11/10	48.12	49.55	47.33	49.25	8834285	430480608.00
2020/11/11	49.86	51.71	49.85	51.71	13083884	672380160.00
2020/11/12	51.60	54.30	50.85	54.30	13512513	717535424.00
2020/11/13	54.30	54.35	51.59	51.59	14039456	741016384.00
2020/11/16	52.00	54.17	52.00	54.17	8027469	426887264.00
2020/11/17	55.55	56.88	54.00	55.00	13724298	767121024.00
2020/11/18	54.90	56.87	52.80	56.16	10679032	588816384.00
2020/11/19	56.00	58.97	56.00	58.97	9818337	570610432.00
2020/11/20	59.99	61.92	58.60	61.92	12116236	741445120.00
2020/11/23	62.80	65.02	62.00	65.02	9420899	608880768.00
2020/11/24	67.00	68.27	63.31	68.24	14858952	992154688.00
2020/11/25	67.72	70.59	65.30	65.56	17685601	1205962880.00
2020/11/26	64.60	67.87	62.28	63.00	18823774	1206758144.00
2020/11/27	64.73	65.40	60.01	62.69	15326244	963804864.00
2020/11/30	62.00	62.79	59.56	59.56	12524100	753344384.00
2020/12/01	59.00	59.08	56.58	56.66	17004323	972974848.00
2020/12/02	56.40	58.22	56.01	57.50	10300923	588619008.00
2020/12/03	57.00	59.16	56.51	58.40	7955118	460229632.00
2020/12/04	59.72	61.32	59.18	61.32	5452759	330171840.00
2020/12/07	64.39	64.39	64.39	64.39	404959	26075310.00
2020/12/08	67.61	67.61	67.61	67.61	406986	27516324.00
2020/12/09	70.99	70.99	65.20	68.66	18547451	1279862528.00
2020/12/10	68.70	72.09	68.45	72.09	15712859	1123648512.00
2020/12/11	72.90	75.45	69.00	70.90	16657620	1205877248.00
2020/12/14	70.20	73.28	69.25	73.01	11543477	827614592.00
2020/12/15	73.01	73.73	71.48	71.90	7380571	534900224.00
2020/12/16	71.30	75.50	70.60	75.50	8505433	623723456.00
2020/12/17	79.28	79.28	75.02	79.28	12733361	1002170816.00
2020/12/18	79.50	83.24	78.50	83.24	8132715	666707136.00
2020/12/21	85.58	87.40	83.58	87.40	11005964	950445504.00
2020/12/22	88.30	91.77	88.30	91.77	9819157	894588672.00
2020/12/23	93.50	96.36	87.18	87.18	17620395	1624247424.00
2020/12/24	82.82	84.99	82.82	82.82	6100692	505675744.00
2020/12/25	78.68	86.45	78.68	82.82	20178759	1639059072.00
2020/12/28	85.00	86.96	85.00	86.96	3109291	268283424.00
2020/12/29	91.31	91.31	84.01	89.21	16546397	1469325312.00
2020/12/30	89.02	91.12	87.70	89.94	7647931	688228480.00
2020/12/31	91.01	94.44	85.44	85.44	25506091	2292312064.00
2021/01/04	89.70	89.71	85.77	89.71	14010598	1241499776.00
2021/01/05	90.00	92.86	87.35	88.30	12761220	1149755136.00
2021/01/06	90.00	90.61	83.89	87.20	12686488	1097134464.00
2021/01/07	86.02	86.88	83.48	85.55	8449894	717477056.00
2021/01/08	86.10	89.60	86.00	88.86	9523990	834353600.00
2021/01/11	90.28	91.00	85.95	86.80	8386236	739038400.00
2021/01/12	85.21	88.27	84.34	87.25	7097541	615134848.00
2021/01/13	86.59	87.05	82.89	82.89	9911847	834479232.00
2021/01/14	80.99	81.00	78.75	78.75	3589552	284075552.00
2021/01/15	74.91	76.44	74.81	74.81	7718226	578204224.00
2021/01/18	75.00	77.00	72.08	75.00	9117820	680395328.00
2021/01/19	76.00	78.75	76.00	78.75	9709973	756552320.00
2021/01/20	78.00	78.98	74.82	77.09	8149361	627589056.00
2021/01/21	76.11	78.66	76.11	76.98	5631296	433992192.00
2021/01/22	76.80	78.77	76.20	78.13	4882647	380259072.00
2021/01/25	77.73	80.65	77.02	77.85	7134643	562315072.00
2021/01/26	77.13	77.76	73.96	73.96	7057040	527288672.00
2021/01/27	71.00	73.10	70.26	70.30	10566987	748063936.00
2021/01/28	70.01	72.39	70.01	70.30	4742223	336100448.00
2021/01/29	71.20	73.64	70.53	72.48	5881852	422882848.00
2021/02/01	72.63	76.10	72.63	76.10	5941356	447585248.00
2021/02/02	77.73	79.91	76.40	79.91	4590665	360672032.00
2021/02/03	82.00	83.91	81.55	83.91	2576494	214552944.00
2021/02/04	87.90	88.11	81.42	84.76	14091165	1216137856.00
2021/02/05	85.50	89.00	84.50	89.00	11731246	1036640384.00
2021/02/08	90.00	92.00	86.03	88.08	8323115	740897408.00
2021/02/09	88.50	89.94	86.88	87.00	5853612	516659392.00
2021/02/10	86.99	89.45	84.43	84.88	8116300	703298048.00
2021/02/18	85.70	85.70	80.64	80.64	5286763	433407616.00
2021/02/19	77.35	78.46	76.61	77.50	10941983	842300096.00
2021/02/22	79.90	79.90	73.63	73.63	10959812	827353600.00
2021/02/23	72.25	75.40	71.50	74.99	5293562	391917120.00
2021/02/24	74.98	74.99	71.24	71.24	7353621	527442496.00
2021/02/25	71.00	72.99	67.68	70.24	10355999	719748608.00
2021/02/26	68.55	72.40	68.20	71.07	6911092	489379072.00
2021/03/01	72.50	72.97	69.64	70.50	6083932	434042752.00
2021/03/02	70.97	71.38	67.20	67.59	6355022	439429824.00
2021/03/03	66.50	67.70	64.86	66.90	7869534	520227488.00
2021/03/04	65.63	65.63	63.56	63.56	6306514	404461504.00
2021/03/05	60.38	63.75	60.38	61.11	8891794	547441664.00
2021/03/08	61.28	61.86	58.05	58.05	7764813	464027360.00
2021/03/09	57.25	59.60	55.80	57.46	7694121	443819904.00
2021/03/10	58.68	60.33	58.30	60.33	9295985	557414848.00
2021/03/11	60.58	63.35	59.85	63.35	8923380	554289216.00
2021/03/12	63.77	66.52	63.51	66.52	8021172	523139904.00
2021/03/15	67.64	69.75	65.55	67.78	10500573	711969408.00
2021/03/16	67.99	70.29	67.81	68.82	6133414	423914720.00
2021/03/17	68.00	68.40	65.81	66.88	5487805	368638560.00
2021/03/18	67.10	70.22	67.00	70.22	4141576	288088896.00
2021/03/19	68.88	73.73	68.55	72.48	8689956	625858688.00
2021/03/22	73.40	75.18	72.05	72.68	5345334	392170336.00
2021/03/23	72.68	73.40	69.05	69.08	7189638	510543360.00
2021/03/24	68.12	72.53	67.06	72.45	8702159	620706112.00
2021/03/25	71.61	72.59	69.87	71.05	5278050	374780736.00
2021/03/26	71.31	74.60	71.31	74.60	6181323	455458880.00
2021/03/29	76.50	78.33	75.60	78.33	5674729	440325792.00
2021/03/30	79.50	81.81	78.60	81.47	8973924	722113280.00
2021/03/31	80.90	84.50	79.00	82.78	7744487	637945280.00
2021/04/01	82.78	84.47	81.80	83.44	6391490	533939072.00
2021/04/02	86.11	87.61	86.11	87.61	6553588	573051136.00
2021/04/06	91.99	91.99	91.99	91.99	702507	64623620.00
2021/04/07	96.59	96.59	87.39	87.39	12353617	1114158208.00
2021/04/08	85.01	91.76	83.58	90.46	14953576	1333117952.00
2021/04/09	89.33	93.60	88.11	93.57	7377598	671949184.00
2021/04/12	94.00	98.25	92.71	98.25	11577196	1121903232.00
2021/04/13	97.80	98.47	93.34	93.34	11187531	1075112320.00
2021/04/14	92.94	98.01	92.31	98.01	9279205	893642240.00
2021/04/15	98.04	102.91	97.20	102.91	10125801	1019769280.00
2021/04/16	104.00	108.06	104.00	108.06	9970254	1068252224.00
2021/04/19	109.45	113.46	104.00	113.46	9789509	1089460992.00
2021/04/20	114.78	119.13	107.92	107.97	16250082	1863516800.00
2021/04/21	108.00	113.37	108.00	113.37	12883886	1439726080.00
2021/04/22	116.00	119.04	113.12	119.04	12301414	1439865472.00
2021/04/23	120.88	123.56	115.17	121.61	10934237	1316533888.00
2021/04/26	119.50	122.94	115.53	115.53	10712826	1264655488.00
2021/04/27	116.08	117.00	109.75	109.75	10790243	1194383872.00
2021/04/28	107.90	115.24	105.00	115.24	7962391	893615488.00
2021/04/29	121.00	121.00	115.30	121.00	14014083	1682235392.00
2021/04/30	127.05	127.05	127.05	127.05	1502817	190932896.00
2021/05/06	132.98	133.40	129.00	133.39	13404260	1776197120.00
2021/05/07	133.00	137.99	128.33	131.87	12968073	1724652672.00
2021/05/10	129.38	138.46	129.36	138.46	9206141	1259168000.00
2021/05/11	140.00	145.38	139.56	145.38	8335359	1199468672.00
2021/05/12	148.33	152.60	141.11	148.20	13938599	2061568896.00
2021/05/13	144.00	146.96	140.79	140.79	9397691	1333855744.00
2021/05/14	140.00	144.60	138.00	141.18	7768198	1098847616.00
2021/05/17	143.98	146.90	138.53	146.80	8832596	1267600256.00
2021/05/19	148.00	161.40	147.22	156.08	23000740	3590799872.00
2021/05/20	155.00	171.69	154.01	171.69	13912849	2318275584.00
2021/05/21	179.00	185.98	166.00	171.75	21609347	3824968960.00
2021/05/24	177.02	188.93	172.80	188.92	17556080	3195486464.00
2021/05/25	185.00	188.88	179.70	187.15	16374113	3018929152.00
2021/05/26	187.90	199.97	187.15	189.02	16002959	3103122176.00
2021/05/27	188.02	188.49	175.79	181.00	15947764	2895977728.00
2021/05/28	177.02	183.97	175.20	177.50	13853488	2465975552.00
2021/05/31	181.00	195.21	178.06	195.13	16218010	3046586624.00
2021/06/01	195.50	214.00	195.50	212.91	16147486	3307902208.00
2021/06/02	216.50	219.70	205.00	214.77	14569668	3103874304.00
2021/06/03	211.78	231.97	210.11	219.93	17815044	3971742976.00
2021/06/04	219.12	234.00	219.02	234.00	14384020	3264111104.00
2021/06/07	234.50	256.95	234.50	254.88	15691780	3828502784.00
2021/06/08	254.88	255.01	229.39	229.39	20376879	4830528000.00
2021/06/09	206.50	237.05	206.45	216.90	27770972	6018579456.00
2021/06/10	209.15	215.08	195.21	195.21	25684542	5173528064.00
2021/06/11	195.20	206.65	195.20	203.77	19078488	3844866816.00
2021/06/15	203.00	224.15	203.00	224.15	18457430	3958248704.00
2021/06/16	226.66	239.20	220.20	225.15	18797836	4326506496.00
2021/06/17	224.00	242.95	224.00	240.99	16123332	3822728192.00
2021/06/18	244.00	248.00	216.89	226.03	25726305	5848601600.00
2021/06/21	219.50	224.50	205.80	209.97	19116963	4074478592.00
2021/06/22	213.50	217.40	201.00	216.86	16154262	3384044800.00
2021/06/23	214.00	216.00	200.50	202.37	16382984	3389534464.00
2021/06/24	193.00	196.97	183.03	187.49	20230819	3833114624.00
2021/06/25	184.61	203.50	177.00	196.85	22061140	4151119616.00
2021/06/28	195.00	206.87	192.18	203.34	13465617	2713195520.00
2021/06/29	205.00	207.88	199.00	202.20	10004853	2030962048.00
2021/06/30	203.00	218.59	203.00	213.78	14496169	3064394496.00
2021/07/01	216.78	234.00	212.21	229.95	19575057	4405380608.00
2021/07/02	225.99	227.96	215.71	218.88	12571141	2777400576.00
2021/07/05	211.98	228.00	207.07	222.08	12155947	2701959168.00
2021/07/06	222.00	225.48	208.33	215.02	12168306	2622164480.00
2021/07/07	207.00	218.44	206.00	212.88	10448130	2233049088.00
2021/07/08	211.01	212.85	200.10	201.60	14398386	2949364736.00
2021/07/09	201.60	203.45	188.80	196.55	11630581	2270806272.00
2021/07/12	194.00	196.15	186.30	194.00	11683572	2235917824.00
2021/07/13	213.40	213.40	207.00	213.40	13987139	2972719104.00
2021/07/14	219.40	231.85	218.00	222.50	19108724	4304171520.00
2021/07/15	219.50	244.75	218.03	244.75	19639951	4650993664.00
2021/07/16	244.00	251.43	235.80	244.80	14897967	3632626688.00
2021/07/19	242.01	256.66	241.10	242.49	11638484	2903197696.00
2021/07/20	239.00	253.36	236.00	245.95	11665188	2856321024.00
2021/07/21	245.10	260.00	245.10	255.17	12900313	3278507520.00
2021/07/22	252.01	266.01	241.26	243.60	14569673	3650168576.00
2021/07/23	241.00	244.60	228.03	231.88	12617850	2974765824.00
2021/07/26	225.00	227.78	208.69	212.43	17352054	3712761088.00
2021/07/27	211.04	222.78	209.00	211.18	16091621	3464388096.00
2021/07/28	202.00	215.93	195.88	214.98	14469383	3016034048.00
2021/07/29	220.00	221.96	199.32	201.25	21894683	4498078720.00
2021/07/30	196.01	198.87	180.91	181.01	21300011	4003609344.00
2021/08/02	172.12	199.00	169.11	199.00	26845016	4957701120.00
2021/08/03	190.86	195.00	184.01	188.61	17929803	3407183360.00
2021/08/04	188.00	193.68	185.70	190.68	13447119	2549761536.00
2021/08/05	186.25	199.00	181.67	188.66	13487684	2590495744.00
2021/08/06	184.99	193.38	184.01	190.99	12253159	2321685760.00
2021/08/09	190.17	201.97	190.17	196.95	13547845	2681152512.00
2021/08/10	198.09	216.65	195.48	216.65	22772659	4738728960.00
2021/08/11	215.30	219.97	210.00	214.99	15660518	3372424960.00
2021/08/12	212.00	229.58	212.00	220.08	15817171	3511853312.00
2021/08/13	222.00	227.88	215.60	224.40	10814210	2396718336.00
2021/08/16	225.00	233.69	221.51	226.66	10536920	2399477248.00
2021/08/17	226.00	226.49	204.00	204.00	17616264	3734810112.00
2021/08/18	199.00	207.99	195.00	203.00	15710713	3178222848.00
2021/08/19	203.00	211.50	201.50	205.91	12101327	2499049984.00
2021/08/20	198.00	201.48	186.18	193.66	19324864	3742028544.00
2021/08/23	195.00	198.01	187.27	193.09	12594948	2435692800.00
2021/08/24	195.00	203.87	191.36	200.30	15759622	3121944576.00
2021/08/25	201.00	209.85	201.00	207.22	11354247	2345401600.00
2021/08/26	203.04	203.05	190.77	192.00	13238660	2593999360.00
2021/08/27	190.00	198.88	189.60	193.15	8674951	1686714880.00
2021/08/30	194.00	198.88	185.40	194.98	13455691	2580318464.00
2021/08/31	193.50	196.99	184.68	186.00	10923588	2058693760.00
2021/09/01	182.71	196.00	178.18	194.70	16553733	3132255488.00
2021/09/02	193.00	199.00	186.10	187.23	12178228	2324244736.00
2021/09/03	183.00	190.52	182.11	186.00	10354023	1925649408.00
2021/09/06	185.00	200.50	182.20	196.70	16832225	3273677568.00
2021/09/07	195.60	204.00	193.44	198.13	12867688	2554535168.00
2021/09/08	197.85	199.80	189.00	190.58	11307352	2179589120.00
2021/09/09	189.00	193.50	188.00	191.00	7706492	1466440960.00
2021/09/10	191.94	195.50	189.33	192.81	8947273	1727643776.00
2021/09/13	192.99	196.58	188.43	189.86	8108754	1555429888.00
2021/09/14	189.37	193.71	188.10	188.36	7520621	1430349312.00
2021/09/15	185.20	187.00	178.85	180.97	13842387	2509392640.00
2021/09/16	179.00	182.50	172.58	173.15	13555012	2388956160.00
2021/09/17	172.00	187.00	170.02	183.81	17834736	3215307776.00
2021/09/22	182.98	191.88	182.08	185.15	14061851	2626542080.00
2021/09/23	187.49	203.67	184.40	200.88	24373087	4829995008.00
2021/09/24	198.98	212.12	198.00	203.98	15148298	3118398720.00
2021/09/27	208.07	220.00	206.02	212.55	21176236	4517082112.00
2021/09/28	207.00	209.55	194.97	204.02	12974858	2627400192.00
2021/09/29	206.88	214.00	201.52	206.05	12642488	2627901952.00
2021/09/30	205.50	212.00	202.44	206.40	9921607	2059724672.00
2021/10/08	207.01	225.35	206.68	218.52	17327757	3789420800.00
2021/10/11	220.20	225.10	210.50	211.83	13392814	2905284352.00
2021/10/12	210.58	217.68	209.00	214.50	10115262	2156357376.00
2021/10/13	214.00	224.45	211.23	219.41	13321342	2913821184.00
2021/10/14	217.00	221.61	203.00	209.00	17882222	3766028544.00
2021/10/15	205.22	209.99	203.88	209.83	8702000	1805984512.00
2021/10/18	204.00	204.00	188.85	188.85	19580776	3754086400.00
2021/10/19	182.00	190.68	181.96	187.12	15677806	2934418944.00
2021/10/20	189.88	195.01	184.21	193.31	12744256	2432384256.00
2021/10/21	196.94	196.94	192.01	195.71	8504316	1657070592.00
2021/10/22	195.00	201.88	191.20	195.69	13282999	2612104192.00
2021/10/25	193.77	196.21	190.10	192.49	8936047	1718148736.00
2021/10/26	192.03	201.00	190.23	198.74	13207426	2601032192.00
2021/10/27	198.74	198.79	189.50	190.01	11926410	2295601408.00
2021/10/28	189.00	192.99	186.99	187.59	8021762	1523359744.00
2021/10/29	188.18	189.89	182.30	184.49	8874808	1646568704.00
2021/11/01	179.00	185.49	172.58	180.05	11007147	1974969088.00
2021/11/02	179.00	181.50	174.28	177.80	8781242	1563209344.00
2021/11/03	179.40	180.89	174.00	175.57	7989829	1411257984.00
2021/11/04	175.62	187.56	174.70	184.32	12495160	2266387456.00
2021/11/05	183.31	186.78	181.60	182.96	7221481	1328551680.00
2021/11/08	181.01	187.43	180.34	184.10	6101819	1123961984.00
2021/11/09	183.50	187.00	183.00	184.83	4935539	910531648.00
2021/11/10	185.90	186.40	180.20	182.01	6043583	1104401152.00
2021/11/11	181.96	182.99	178.78	182.30	6421542	1157055488.00
2021/11/12	182.31	187.00	182.31	183.07	7781458	1435164032.00
2021/11/15	182.00	185.49	177.24	184.35	8389543	1530147712.00
2021/11/16	184.30	192.00	182.85	189.33	11879693	2241827584.00
2021/11/17	188.00	188.00	183.00	184.05	7720587	1422772480.00
2021/11/18	183.07	185.23	182.00	183.58	3929676	721242176.00
2021/11/19	183.22	188.60	183.20	185.17	6989033	1302275840.00
2021/11/22	188.50	203.00	188.25	197.25	19280789	3823712768.00
2021/11/23	198.99	208.38	195.31	207.81	17041148	3481326848.00
2021/11/24	210.00	221.97	209.43	217.34	14376641	3130350080.00
2021/11/25	222.00	223.00	216.51	220.92	13369351	2945611520.00
2021/11/26	220.93	224.99	217.00	222.40	7929137	1759932416.00
2021/11/29	216.00	236.35	215.31	233.00	12287544	2823945984.00
2021/11/30	234.82	236.80	225.06	229.00	10074918	2326731008.00
2021/12/01	231.88	237.30	229.20	237.20	8933405	2088187648.00
2021/12/02	237.00	245.98	233.00	237.93	8984841	2149199104.00
2021/12/03	237.50	250.27	236.51	246.40	9618117	2372388096.00
2021/12/06	250.00	251.30	242.73	246.00	7036754	1737269632.00
2021/12/07	247.11	248.90	237.19	240.60	8794417	2128937600.00
2021/12/08	241.63	246.89	236.50	243.47	9126981	2203756032.00
2021/12/09	243.89	251.00	243.48	246.67	9037731	2231195136.00
2021/12/10	246.75	265.50	245.00	259.00	12719921	3259976448.00
2021/12/13	259.21	261.59	254.17	255.19	7471065	1919989760.00
2021/12/14	254.00	263.71	253.00	258.15	8616594	2222798592.00
2021/12/15	256.50	258.00	248.20	255.66	7173853	1811953536.00
2021/12/16	255.65	256.69	240.00	242.70	13007145	3179070720.00
2021/12/17	242.80	247.34	236.97	240.35	7875275	1910675968.00
2021/12/20	239.83	245.58	237.55	239.98	6101881	1473405952.00
2021/12/21	240.98	242.47	230.00	233.56	8364417	1964589696.00
2021/12/22	234.95	238.47	232.37	237.00	5535940	1305388928.00
2021/12/23	238.20	243.00	236.03	243.00	7400579	1775486976.00
2021/12/24	243.00	250.85	237.33	239.99	9428092	2311145216.00
2021/12/27	239.00	239.00	230.36	231.20	7099510	1661799296.00
2021/12/28	233.53	237.08	230.80	234.36	4991478	1167354752.00
2021/12/29	234.80	234.93	222.00	222.80	7141575	1615820288.00
2021/12/30	223.91	230.00	223.91	227.50	5559430	1264489216.00
2021/12/31	228.00	231.90	225.04	227.30	4440354	1012304512.00
2022/01/04	227.25	232.07	220.32	229.18	4850113	1098894464.00
2022/01/05	226.12	228.00	214.60	214.70	8423246	1835981440.00
2022/01/06	215.80	225.99	215.80	220.86	8396373	1854529408.00
2022/01/07	219.68	223.09	214.67	218.65	6061583	1327911168.00
2022/01/10	216.43	216.43	201.00	213.00	9345529	1967330304.00
2022/01/11	212.10	214.95	205.65	206.35	4780078	1001138688.00
2022/01/12	207.46	210.65	206.36	210.00	4179323	874056064.00
2022/01/13	209.50	209.50	196.00	196.85	8748270	1755217920.00
2022/01/14	195.84	202.00	195.84	198.00	5899236	1174816768.00
2022/01/17	193.00	197.58	188.40	194.16	8240685	1585837952.00
2022/01/18	194.49	206.03	193.02	203.88	9696213	1962362880.00
2022/01/19	201.00	206.88	192.11	194.70	12009618	2363755264.00
2022/01/20	193.94	200.94	192.81	196.20	6998732	1381007872.00
2022/01/21	196.00	207.99	193.53	203.60	9252127	1889440128.00
2022/01/24	201.60	207.50	200.00	205.00	4739532	967128512.00
2022/01/25	204.00	209.51	198.76	198.88	6508688	1323645568.00
2022/01/26	198.86	201.98	191.10	197.00	6289831	1233287936.00
2022/01/27	199.10	200.99	191.55	191.76	6268454	1220189184.00
2022/01/28	192.00	193.45	184.17	185.25	6220115	1167793920.00
2022/02/07	186.50	193.01	183.88	185.79	6927585	1300002048.00
2022/02/08	185.84	186.49	176.77	184.48	6902896	1245995520.00
2022/02/09	183.30	193.70	182.78	193.17	6799927	1284599296.00
2022/02/10	192.50	194.41	184.00	187.52	6361918	1194031872.00
2022/02/11	186.00	193.33	183.53	184.92	5798169	1095046656.00
2022/02/14	184.00	192.87	183.00	189.90	6616674	1258105216.00
2022/02/15	192.00	203.66	191.10	201.41	8361522	1663957504.00
2022/02/16	201.40	207.20	199.40	202.89	5343265	1085001472.00
2022/02/17	202.90	205.90	196.57	200.30	4965644	989608640.00
2022/02/18	200.30	204.29	195.80	200.77	4668945	935989376.00
2022/02/21	199.50	202.60	196.70	198.18	3805828	757382016.00
2022/02/22	196.50	196.56	188.81	191.45	5965642	1137516544.00
2022/02/23	190.20	199.99	190.12	199.85	5925342	1160940544.00
2022/02/24	198.15	198.99	187.00	190.30	7359914	1413108096.00
2022/02/25	192.20	198.00	190.22	193.98	5116799	995192192.00
2022/02/28	192.50	195.83	191.23	195.28	3671064	710759808.00
2022/03/01	195.28	202.50	194.50	200.98	6888887	1377938176.00
2022/03/02	198.00	200.80	194.00	198.35	3998449	787835328.00
2022/03/03	200.00	200.38	189.01	190.10	6753374	1297377280.00
2022/03/04	188.01	191.00	185.00	186.99	4625308	867956352.00
2022/03/07	184.50	184.50	174.88	175.78	7484625	1335248128.00
2022/03/08	180.00	181.83	172.56	174.03	5579735	987348288.00
2022/03/09	174.10	176.10	163.01	172.02	7591164	1294951680.00
2022/03/10	177.99	185.88	174.83	185.62	9549841	1726619008.00
2022/03/11	185.98	195.90	183.23	195.79	13468179	2551074816.00
2022/03/14	188.00	188.01	177.00	177.50	9716206	1769534080.00
2022/03/15	170.02	181.77	168.77	175.39	7056042	1243258752.00
2022/03/16	182.00	182.80	170.74	177.50	11259744	1993693056.00
2022/03/17	181.00	184.50	177.31	179.51	8597125	1551507072.00
2022/03/18	179.00	181.00	176.13	179.00	4462371	796726080.00
2022/03/21	178.00	179.31	172.10	177.25	5598532	983568064.00
2022/03/22	176.00	177.80	173.67	175.21	4008438	701461376.00
2022/03/23	175.30	182.50	174.11	181.99	6775152	1219069824.00
2022/03/24	179.01	179.01	172.70	173.70	7671967	1336966528.00
2022/03/25	174.08	175.08	165.86	167.18	7971673	1350163200.00
2022/03/28	161.85	161.85	153.00	157.85	8552459	1344412672.00
2022/03/29	158.88	161.75	154.11	154.40	6066275	954994752.00
2022/03/30	157.00	165.37	156.68	165.10	8926369	1432030080.00
2022/03/31	164.00	165.59	157.00	158.90	6225476	996846144.00
2022/04/01	156.08	168.00	156.08	163.75	7786391	1276969344.00
2022/04/06	161.70	163.49	160.23	160.83	4360204	702693504.00
2022/04/07	160.00	164.25	159.00	159.01	3894253	626773504.00
2022/04/08	160.00	160.32	153.53	154.79	5476105	855948352.00
2022/04/11	151.99	151.99	141.00	142.36	10467770	1507089664.00
2022/04/12	140.00	150.00	140.00	149.51	8057405	1179108992.00
2022/04/13	147.50	152.46	145.68	149.03	6280418	942209984.00
2022/04/14	151.86	160.20	151.21	157.77	9572316	1495796096.00
2022/04/15	156.20	158.88	154.30	155.00	5391288	842606080.00
2022/04/18	152.72	154.95	150.86	153.68	4229184	646299648.00
2022/04/19	154.99	157.68	152.57	153.50	3341712	516075936.00
2022/04/20	155.02	157.42	151.20	152.97	4237470	653647680.00
2022/04/21	152.00	154.10	147.48	148.50	4870257	730286208.00
2022/04/22	151.14	153.57	144.91	150.70	7639538	1142986752.00
2022/04/25	145.43	145.87	136.06	136.65	9312175	1311898368.00
2022/04/26	137.37	143.35	134.20	139.29	8755053	1223127040.00
2022/04/27	137.84	142.27	135.00	141.27	7681332	1071872256.00
2022/04/28	140.00	150.40	139.10	148.18	9893495	1449227648.00
2022/04/29	148.60	151.00	142.50	147.00	8182064	1194457216.00
2022/05/05	145.00	150.00	144.50	147.91	6178664	917010368.00
2022/05/06	141.20	144.76	138.35	138.65	8197300	1151832192.00
2022/05/09	136.00	137.30	132.50	134.98	7654755	1030869056.00
2022/05/10	132.71	136.42	129.45	136.33	6307185	845894592.00
2022/05/11	136.99	145.38	136.90	142.32	9919297	1414093952.00
2022/05/12	142.00	149.99	141.39	146.10	7601816	1112814976.00
2022/05/13	146.61	154.00	146.61	148.81	8181110	1227893632.00
2022/05/16	150.90	152.00	143.40	144.68	5734144	837297984.00
2022/05/17	144.72	146.93	143.60	145.95	4177987	608884544.00
2022/05/18	146.53	147.35	140.70	145.88	5923958	851453056.00
2022/05/19	142.95	144.49	141.11	143.06	4592711	654886208.00
2022/05/20	143.02	154.68	143.02	153.10	12466853	1872638208.00
2022/05/23	153.11	156.00	150.00	152.44	9351030	1428414080.00
2022/05/24	154.00	154.51	148.25	148.66	8009239	1216018176.00
2022/05/25	147.88	149.70	142.37	146.65	7974387	1157964928.00
2022/05/26	146.83	149.20	143.10	147.39	7762053	1134599680.00
2022/05/27	149.40	154.57	148.15	148.90	9908332	1501865728.00
2022/05/30	151.01	155.00	150.11	152.81	9064183	1386187776.00
2022/05/31	152.04	168.09	151.58	168.09	12704458	2045211776.00
2022/06/01	171.10	171.99	167.00	168.88	12181125	2059670272.00
2022/06/02	166.00	168.49	162.51	165.13	8319060	1373850752.00
2022/06/06	166.97	170.00	163.00	169.60	8730973	1464217472.00
2022/06/07	170.90	175.88	168.61	172.46	10253065	1777664768.00
2022/06/08	172.40	176.50	169.31	173.28	9412088	1627624960.00
2022/06/09	172.00	174.30	168.27	168.91	6494411	1107104768.00
2022/06/10	168.00	172.00	167.45	171.78	5690376	966467648.00
2022/06/13	169.10	171.22	167.00	169.19	5666242	956522432.00
2022/06/14	166.00	170.77	165.00	168.31	5840595	976968704.00
2022/06/15	170.00	176.66	166.58	173.10	11188401	1929421952.00
2022/06/16	173.88	176.60	170.20	170.80	7179151	1242094208.00
2022/06/17	169.50	178.79	169.08	178.64	9916224	1741964544.00
2022/06/20	182.05	193.45	177.31	189.43	13972273	2620819712.00
2022/06/21	187.19	198.90	187.19	192.98	11762569	2285344768.00
2022/06/22	192.97	194.89	188.16	188.88	5720110	1086276224.00
2022/06/23	188.00	190.83	183.80	188.60	6392923	1197824128.00
2022/06/24	188.65	196.66	187.12	194.09	7162802	1375045888.00
2022/06/27	196.93	202.00	194.59	199.81	10822262	2150205952.00
2022/06/28	196.50	198.00	190.03	194.08	10648189	2059268608.00
2022/06/29	193.64	194.58	190.00	190.00	6166480	1179319680.00
2022/06/30	191.79	206.00	189.90	203.99	13537265	2708616960.00
2022/07/01	205.50	205.80	196.66	201.92	7397605	1484490880.00
2022/07/04	200.00	203.54	196.50	202.10	5363075	1074679808.00
2022/07/05	200.81	203.00	192.94	196.35	8266043	1626324224.00
2022/07/06	193.00	194.50	186.06	188.06	8775539	1665137792.00
2022/07/07	187.00	188.78	181.18	185.99	8934422	1654636672.00
2022/07/08	188.00	200.30	184.30	196.98	13973716	2717306112.00
2022/07/11	192.02	192.02	182.40	184.35	10408714	1935100928.00
2022/07/12	183.55	189.99	182.31	186.60	5913283	1100443776.00
2022/07/13	185.77	188.77	184.01	185.69	4835315	899070080.00
2022/07/14	184.00	186.97	183.23	185.15	3752152	694408192.00
2022/07/15	184.00	195.00	182.76	187.02	8525954	1619264256.00
2022/07/18	188.81	188.87	178.60	184.24	6756063	1232957056.00
2022/07/19	183.24	185.30	180.03	183.00	5159386	941208064.00
2022/07/20	184.00	186.49	182.50	183.97	4803144	885807232.00
2022/07/21	183.05	184.15	179.80	180.16	5036343	912965312.00
2022/07/22	181.50	182.50	175.00	176.90	4995494	888552960.00
2022/07/25	175.83	181.92	175.57	181.01	5967001	1072960640.00
2022/07/26	181.01	186.50	180.72	182.58	5316181	974212864.00
2022/07/27	181.01	181.90	177.36	178.41	4171051	748450368.00
2022/07/28	179.80	180.07	174.80	175.35	5763217	1016768128.00
2022/07/29	174.40	174.40	161.87	163.25	15914450	2633377536.00
2022/08/01	163.00	167.50	160.19	165.55	7562833	1251064064.00
2022/08/02	162.15	167.67	159.60	162.29	7069267	1159399424.00
2022/08/03	163.00	165.58	162.10	162.52	4669845	764087424.00
2022/08/04	163.04	166.00	161.59	166.00	6153983	1010567168.00
2022/08/05	166.49	168.30	164.77	167.60	4528313	753597952.00
2022/08/08	165.90	168.50	164.36	164.45	5136203	851896064.00
2022/08/09	164.68	167.50	162.00	164.62	3705616	610795200.00
2022/08/10	164.62	165.99	160.74	161.73	5110716	828447296.00
2022/08/11	162.16	164.20	161.50	164.20	4900871	798795136.00
2022/08/12	164.00	169.32	162.03	168.44	8107677	1347619712.00
2022/08/15	167.50	167.67	163.01	164.56	6336259	1044628352.00
2022/08/16	164.00	165.43	162.81	163.56	4181223	684215680.00
2022/08/17	163.28	164.56	157.99	164.08	7611651	1228813440.00
2022/08/18	153.72	157.53	153.00	154.61	14910846	2305774848.00
2022/08/19	153.18	157.67	152.00	154.99	6629165	1027395328.00
2022/08/22	153.51	156.50	152.00	154.45	4276418	660996352.00
2022/08/23	153.55	154.46	152.00	152.13	4332061	661433344.00
2022/08/24	151.99	154.50	151.10	152.02	4369883	667638784.00
2022/08/25	152.20	164.00	152.20	163.45	14254234	2266387968.00
2022/08/26	162.50	172.27	162.50	167.72	12677502	2136234240.00
2022/08/29	165.98	170.68	164.40	166.13	5245972	872445568.00
2022/08/30	164.65	165.89	158.58	162.61	6859665	1108135424.00
2022/08/31	161.21	169.60	161.06	167.78	8996932	1499123968.00
2022/09/01	167.80	168.00	162.60	163.41	5841672	962067392.00
2022/09/02	162.33	164.00	157.00	158.35	6157667	982959680.00
2022/09/05	155.50	155.53	150.00	153.23	8191068	1245714816.00
2022/09/06	153.48	154.90	151.21	153.98	4916635	750396032.00
2022/09/07	153.45	153.45	150.45	151.20	5446826	825560704.00
2022/09/08	151.21	153.99	150.40	150.71	5343469	812731776.00
2022/09/09	151.20	152.98	146.35	152.17	5392700	813559424.00
2022/09/13	153.56	154.21	147.00	147.59	12431075	1851222400.00
2022/09/14	145.00	146.00	137.10	139.40	13658707	1921899904.00
2022/09/15	140.87	142.01	136.30	137.68	7189218	1000474624.00
2022/09/16	137.19	139.19	133.70	133.70	7245296	984795392.00
2022/09/19	133.20	135.38	131.50	134.74	5765041	771138752.00
2022/09/20	134.74	139.80	132.56	139.38	8574717	1170100352.00
2022/09/21	137.53	138.80	135.28	135.60	4486351	612195008.00
2022/09/22	134.07	136.03	132.00	133.40	4768039	637898304.00
2022/09/23	132.89	134.63	130.83	132.33	4265053	567997568.00
2022/09/26	130.25	140.60	129.99	137.98	11685234	1609600640.00
2022/09/27	138.37	145.10	134.00	144.03	11939681	1682818816.00
2022/09/28	143.90	147.22	142.04	142.74	7158643	1036101952.00
2022/09/29	144.76	146.66	140.78	141.43	5826333	835431232.00
2022/09/30	141.71	143.85	138.33	139.18	4938366	693856320.00
2022/10/10	139.19	140.00	129.15	129.32	7628866	1016971968.00
2022/10/11	129.30	130.30	123.66	128.87	6232410	794004864.00
2022/10/12	128.87	128.87	123.97	127.58	7011979	885711488.00
2022/10/13	127.58	131.98	126.50	130.04	7877881	1022881280.00
2022/10/14	130.48	139.32	130.42	137.65	8854066	1207119104.00
2022/10/17	137.66	144.00	137.00	142.98	9901691	1406994816.00
2022/10/18	143.99	144.50	141.25	141.96	4878892	695945536.00
2022/10/19	141.18	141.19	136.31	136.44	5888591	811863424.00
2022/10/20	135.00	141.08	133.79	139.00	5706972	788729024.00
2022/10/21	138.85	139.00	134.41	135.02	4716557	642131776.00
2022/10/24	134.30	134.30	124.98	125.58	7960704	1025244224.00
2022/10/25	124.20	130.00	124.20	127.87	5984972	761237056.00
2022/10/26	127.25	129.96	125.08	127.47	5950728	758338560.00
2022/10/27	132.62	134.00	123.10	124.99	12393809	1585461376.00
2022/10/28	124.34	126.55	122.05	123.66	7286752	904794112.00
2022/10/31	121.32	121.32	116.20	117.11	8541727	1011448192.00
2022/11/01	117.69	128.82	117.69	128.59	12445618	1541230080.00
2022/11/02	129.00	140.16	127.15	134.63	15420852	2055432576.00
2022/11/03	131.98	136.40	131.02	135.01	6530821	878333312.00
2022/11/04	134.00	145.00	134.00	142.00	10917250	1540918528.00
2022/11/07	139.08	142.88	138.61	141.70	5900705	832899392.00
2022/11/08	141.70	143.69	137.01	137.90	5493671	766234368.00
2022/11/09	137.90	139.74	134.95	135.50	6059185	825023360.00
2022/11/10	135.12	142.00	134.30	138.37	8379839	1162368256.00
2022/11/11	145.00	146.99	137.00	143.37	15580495	2216001280.00
2022/11/14	142.80	147.50	138.74	139.96	8271208	1183517184.00
2022/11/15	139.71	146.66	138.00	144.33	8296573	1188862336.00
2022/11/16	143.38	147.00	142.50	144.84	5584486	808205184.00
2022/11/17	143.80	146.60	142.33	144.92	4967776	715569600.00
2022/11/18	145.00	146.75	142.69	143.53	4247406	613044160.00
2022/11/21	141.55	141.55	136.50	137.68	6219094	856181696.00
2022/11/22	137.43	141.88	137.43	139.01	5243241	732459648.00
2022/11/23	138.70	139.01	136.18	136.89	4188376	574332672.00
2022/11/24	138.00	138.50	132.05	133.60	6512157	873692160.00
2022/11/25	134.27	134.33	130.61	132.49	4131812	546952384.00
2022/11/28	130.95	141.47	129.17	141.33	14173309	1943295872.00
2022/11/29	143.80	147.02	141.80	146.28	10804298	1568426752.00
2022/11/30	145.28	149.00	144.20	147.33	6557468	966187968.00
2022/12/01	155.00	159.50	153.50	158.38	12904748	2035425280.00
2022/12/02	156.97	159.38	155.47	158.48	7715131	1213750784.00
2022/12/05	159.20	162.96	158.00	159.75	7102698	1135694848.00
2022/12/06	158.03	171.00	157.46	165.43	11414121	1902285696.00
2022/12/07	163.51	170.00	161.02	167.43	8082860	1344425216.00
2022/12/08	167.00	171.15	165.82	170.00	9166499	1551434624.00
2022/12/09	169.01	170.78	165.46	166.30	15824128	2664409344.00
2022/12/12	165.67	169.43	163.03	163.80	8662012	1438799744.00
2022/12/13	163.73	168.03	162.17	166.80	6585088	1096478080.00
2022/12/14	165.90	172.99	165.10	170.38	8456189	1440255360.00
2022/12/15	170.38	172.08	166.28	167.14	5535213	931618752.00
2022/12/16	166.40	168.88	165.01	166.75	3622307	602892992.00
2022/12/19	167.70	168.88	162.80	163.32	4637473	763803968.00
2022/12/20	163.30	163.30	154.50	156.65	6952583	1094923648.00
2022/12/21	156.80	159.87	155.98	157.70	4229575	667342080.00
2022/12/22	158.18	165.61	158.18	161.42	5983605	972663232.00
2022/12/23	160.00	164.05	158.70	160.81	5371441	865483712.00
2022/12/26	160.50	161.80	156.88	159.90	3752279	599552704.00
2022/12/27	161.60	165.28	158.51	162.67	5530293	901447168.00
2022/12/28	162.00	163.00	158.06	162.20	4702115	755882944.00
2022/12/29	160.01	161.57	158.24	159.10	4432952	706669888.00
2022/12/30	160.38	162.31	158.00	159.18	3879091	619227776.00
2023/01/03	159.18	160.14	154.00	156.27	5663914	882485760.00
2023/01/04	155.21	157.88	154.20	156.30	3546523	553284864.00
2023/01/05	156.31	164.45	156.31	164.20	8441149	1369611648.00
2023/01/06	164.22	165.00	157.50	161.80	6884592	1104881024.00
2023/01/09	161.06	170.00	161.06	168.28	8478305	1413305344.00
2023/01/10	168.28	177.85	166.22	176.00	10733261	1869094656.00
2023/01/11	175.81	177.75	171.10	173.70	4852891	846724096.00
2023/01/12	173.25	175.58	170.70	171.35	3731009	641866944.00
2023/01/13	171.36	177.50	171.01	175.65	5522769	967404352.00
2023/01/16	178.28	183.49	177.00	177.50	8147095	1462412544.00
2023/01/17	176.50	177.99	172.30	172.92	4368744	761635456.00
2023/01/18	173.34	176.27	171.10	171.32	4009388	692793088.00
2023/01/19	171.33	172.35	168.18	169.62	3678035	625189952.00
2023/01/20	170.02	171.60	166.20	166.46	4661371	781633856.00
2023/01/30	175.00	183.11	173.70	182.50	17462697	3142999040.00
2023/01/31	180.32	186.00	178.00	178.49	7383661	1335808256.00
2023/02/01	178.49	182.18	177.18	181.40	6415000	1154637696.00
2023/02/02	182.52	194.50	181.51	189.35	8443759	1596803456.00
2023/02/03	188.51	191.00	184.35	189.54	7062118	1323558784.00
2023/02/06	185.00	190.88	180.05	187.93	6698410	1251831296.00
2023/02/07	189.43	189.75	183.31	184.25	4116338	762834176.00
2023/02/08	184.26	188.00	183.50	184.55	2790351	517561216.00
2023/02/09	184.18	194.25	183.69	191.60	6493903	1242042624.00
2023/02/10	192.00	198.90	191.00	197.25	6557711	1290233984.00
2023/02/13	196.50	213.00	196.50	205.90	9916496	2043902976.00
2023/02/14	205.91	210.10	201.00	204.45	5741127	1177979392.00
2023/02/15	205.73	209.90	204.11	206.70	4070418	844580672.00
2023/02/16	205.44	215.10	204.51	208.30	7026940	1476612096.00
2023/02/17	208.30	214.90	204.97	205.00	5242173	1096715392.00
2023/02/20	204.70	210.00	202.12	206.34	5237420	1077095040.00
2023/02/21	205.50	206.41	199.48	201.31	6047787	1219555072.00
2023/02/22	200.04	203.38	196.48	200.60	3911182	783658240.00
2023/02/23	200.65	202.00	196.63	197.82	2969707	587883968.00
2023/02/24	197.82	197.82	191.49	193.10	5753663	1110562432.00
2023/02/27	190.58	199.65	190.00	198.35	6417474	1258329984.00
2023/02/28	197.93	200.70	196.01	199.29	3952425	786190272.00
2023/03/01	200.00	202.77	196.59	200.15	3968702	792481024.00
2023/03/02	199.22	204.63	198.35	201.78	3548065	716891968.00
2023/03/03	201.76	205.05	198.30	199.26	3296608	659589504.00
2023/03/06	200.00	205.50	197.79	200.04	4144191	833776320.00
2023/03/07	199.50	203.99	198.04	198.79	3900275	784473600.00
2023/03/08	196.03	201.17	193.52	197.02	3707756	728778496.00
2023/03/09	198.98	198.98	177.32	188.50	10391733	1955136512.00
2023/03/10	187.09	190.98	184.00	185.65	5171972	966118016.00
2023/03/13	185.65	190.77	184.06	185.10	5293575	986535296.00
2023/03/14	185.96	187.10	180.00	183.16	4982427	912108672.00
2023/03/15	183.82	184.88	178.10	178.99	5315793	957926912.00
2023/03/16	177.56	181.10	175.80	178.43	4112658	734252480.00
2023/03/17	179.71	181.50	174.13	175.10	4244315	749064256.00
2023/03/20	175.00	175.93	170.00	173.40	5354274	924244544.00
2023/03/21	174.86	182.60	173.88	181.76	7601350	1366496128.00
2023/03/22	187.00	191.94	185.00	185.78	7855540	1476859008.00
2023/03/23	184.60	197.86	184.33	195.06	6740822	1304312832.00
2023/03/24	192.35	195.35	190.33	190.90	4513220	867603072.00
2023/03/27	190.89	194.37	188.26	189.49	3731793	712568064.00
2023/03/28	189.50	194.97	189.21	192.81	3820510	735340928.00
2023/03/29	193.50	198.50	192.15	198.19	4850292	951743872.00
2023/03/30	198.19	200.48	194.90	197.51	3585854	708277440.00
2023/03/31	198.32	202.17	194.00	197.00	4473337	882594496.00
2023/04/03	197.00	198.50	193.50	195.92	3761411	738738048.00
2023/04/04	196.90	201.30	193.68	198.98	4667705	918294208.00
2023/04/06	197.20	204.55	196.66	197.32	4856787	975393088.00
2023/04/07	196.60	199.79	192.03	193.30	4179349	817110400.00
2023/04/10	193.50	193.86	186.00	192.37	7040476	1333508736.00
2023/04/11	192.01	193.39	186.40	187.69	3939681	742945792.00
2023/04/12	188.40	188.70	179.72	182.56	7254463	1326203392.00
2023/04/13	181.00	186.38	178.56	183.90	4135820	759202944.00
2023/04/14	183.88	185.50	180.95	181.56	2938227	535027200.00
2023/04/17	183.92	193.41	183.92	187.00	5536909	1047842880.00
2023/04/18	188.94	192.68	183.00	185.40	4804700	900120448.00
2023/04/19	185.50	186.19	181.39	184.13	2817184	516920704.00
2023/04/20	184.02	184.02	179.30	180.20	3202738	580346752.00
2023/04/21	180.52	182.78	177.67	177.90	2831825	509023360.00
2023/04/24	177.90	179.50	173.00	174.71	4174229	728947264.00
2023/04/25	175.00	180.88	172.93	180.28	4415143	785081856.00
2023/04/26	182.00	182.90	175.27	180.00	5000178	889917376.00
2023/04/27	177.70	181.18	175.56	178.74	3995479	711606976.00
2023/04/28	179.00	188.75	178.00	182.86	6392529	1176052864.00
2023/05/04	181.50	183.47	172.16	174.00	5833939	1021790528.00
2023/05/05	174.00	177.40	170.18	176.61	4516971	788436544.00
2023/05/08	176.61	177.77	170.27	171.36	4190032	721935488.00
2023/05/09	170.00	172.50	166.46	166.57	4773657	803303808.00
2023/05/10	166.80	168.66	163.60	167.27	2968117	493523296.00
2023/05/11	168.00	168.59	163.99	164.39	2858712	473738880.00
2023/05/12	164.08	165.00	159.98	160.00	3828235	619083328.00
2023/05/15	159.06	165.85	158.27	164.59	3893182	632473920.00
2023/05/16	164.38	165.00	161.60	162.85	2422624	394850208.00
2023/05/17	162.89	162.89	159.00	160.30	1952722	313310048.00
2023/05/18	160.00	162.98	156.88	157.68	3420604	543233472.00
2023/05/19	157.68	163.01	155.68	161.68	3731836	597411200.00
2023/05/22	160.95	170.00	158.11	168.58	6739594	1121601664.00
2023/05/23	167.98	169.91	165.94	166.18	2916124	487516864.00
2023/05/24	165.39	166.60	163.20	163.56	1878142	308732480.00
2023/05/25	163.00	164.96	161.51	163.72	1910775	311761888.00
2023/05/26	163.72	165.78	161.24	163.30	2252293	367836352.00
2023/05/29	162.00	162.50	157.51	159.58	3802441	607153728.00
2023/05/30	159.48	161.48	156.00	158.69	3192546	503874848.00
2023/05/31	157.84	159.79	152.85	158.00	6690556	1038145984.00
2023/06/01	155.16	158.28	152.01	152.75	5051530	781044352.00
2023/06/02	151.96	158.00	151.35	155.36	4803681	744372480.00
2023/06/05	154.50	154.50	139.82	139.82	15249319	2183743488.00
2023/06/06	136.16	140.90	135.63	136.76	14659017	2017432832.00
2023/06/07	136.23	136.70	131.50	133.20	8449693	1124788224.00
2023/06/08	133.49	135.78	133.01	133.40	5324241	713600128.00
2023/06/09	132.95	133.97	129.99	130.46	7057725	925373440.00
2023/06/12	130.45	140.00	129.01	138.00	9379827	1267382016.00
2023/06/13	137.99	141.03	137.00	139.19	5699528	793873920.00
2023/06/14	139.72	145.59	139.20	144.19	7980735	1146345344.00
2023/06/15	143.53	144.88	140.36	144.08	5345491	762406656.00
2023/06/16	144.06	148.37	143.80	146.96	5699490	832635712.00
2023/06/19	146.79	146.96	139.88	140.49	10207944	1454790784.00
2023/06/20	141.00	141.37	137.30	137.70	5643832	781830272.00
2023/06/21	137.33	137.80	133.73	134.02	5049619	684356608.00
2023/06/26	131.00	131.50	125.36	128.34	10046780	1287493376.00
2023/06/27	130.00	130.45	126.77	129.19	5641457	725355200.00
2023/06/28	129.19	130.99	126.20	127.50	5631661	718868928.00
2023/06/29	127.51	127.55	124.60	125.17	5404890	678418688.00
2023/06/30	125.17	125.88	123.77	123.95	5370976	668563072.00
2023/07/03	124.66	129.70	122.33	129.42	9361852	1192654464.00
2023/07/04	128.90	130.96	127.00	130.00	6604053	852025472.00
2023/07/05	129.88	129.92	126.25	127.30	5135847	654289024.00
2023/07/06	126.50	129.99	125.73	126.50	4095548	521581056.00
2023/07/07	126.40	127.20	124.30	125.74	3118277	393543104.00
2023/07/10	126.70	130.49	126.00	127.18	5510562	706061376.00
2023/07/11	127.18	127.50	125.20	126.54	3898081	491349536.00
2023/07/12	126.47	127.65	125.13	125.30	3678714	463552512.00
2023/07/13	126.40	134.88	125.95	134.28	13779894	1813428096.00
2023/07/14	134.75	137.50	132.45	133.34	7669823	1034957952.00
2023/07/17	131.28	132.58	129.44	131.54	3746357	491592480.00
2023/07/18	131.54	132.64	129.50	130.66	3834313	501085856.00
2023/07/19	129.94	131.45	129.10	129.92	2903379	377326976.00
2023/07/20	131.34	135.00	128.38	128.66	7331789	962428864.00
2023/07/21	128.31	134.45	127.41	131.20	9630570	1270770944.00
2023/07/24	131.66	131.66	127.28	127.68	6391909	821779968.00
2023/07/25	134.28	140.45	134.15	140.45	15768685	2191592448.00
2023/07/26	143.00	146.74	140.48	143.15	16590438	2376959744.00
2023/07/27	144.00	151.50	141.75	149.34	16014993	2370232064.00
2023/07/28	148.00	155.00	146.70	153.95	13849188	2097231872.00
2023/07/31	154.95	165.87	151.31	154.20	15540109	2457650688.00
2023/08/01	152.00	154.60	149.01	150.29	10359500	1568722944.00
2023/08/02	148.31	151.64	148.04	149.15	5914952	885076416.00
2023/08/03	148.53	153.90	145.64	152.85	10530304	1579260544.00
2023/08/04	155.91	158.80	149.29	150.14	9840296	1499641984.00
2023/08/07	147.92	147.92	141.88	143.25	13326352	1919002368.00
2023/08/08	143.22	144.51	141.76	143.05	7109736	1017306240.00
2023/08/09	141.92	143.33	140.99	142.17	5577342	791528128.00
2023/08/10	142.40	143.50	138.17	143.50	7814682	1101394048.00
2023/08/11	143.80	144.00	136.80	136.80	9342963	1300815616.00
2023/08/14	133.70	136.50	133.01	136.00	5881307	793860416.00
2023/08/15	135.19	137.55	134.70	136.36	5349834	727628160.00
2023/08/16	135.30	136.48	134.20	134.20	4896430	661789248.00
2023/08/17	132.82	139.25	132.40	139.25	8738534	1195897216.00
2023/08/18	139.51	139.88	135.01	135.39	6130687	838918016.00
2023/08/21	131.00	135.53	129.05	133.42	7908471	1048892864.00
2023/08/22	134.39	134.95	131.50	134.00	5755021	765601536.00
2023/08/23	132.98	134.39	132.46	132.53	3494088	466065824.00
2023/08/24	132.50	138.15	131.57	137.49	7850825	1065553984.00
2023/08/25	135.79	136.96	134.35	135.13	4554182	616928768.00
2023/08/28	144.50	144.50	135.10	135.45	7621343	1056053504.00
2023/08/29	133.51	138.00	133.22	137.30	5935115	809444928.00
2023/08/30	137.27	138.00	135.80	136.14	5132980	700819136.00
2023/08/31	135.19	135.49	132.77	134.49	5511350	737478656.00
2023/09/01	135.65	142.00	135.36	140.00	13063050	1825164672.00
2023/09/04	144.00	151.20	142.10	149.85	15870204	2338017024.00
2023/09/05	149.80	150.83	147.79	148.05	7784007	1158781696.00
2023/09/06	146.95	146.98	143.50	145.47	8042014	1165221248.00
2023/09/07	144.08	145.69	143.01	143.30	4639250	668485440.00
2023/09/08	142.28	144.70	142.01	142.98	3828714	548678336.00
2023/09/11	143.00	146.92	141.50	144.50	5996651	866199360.00
2023/09/12	143.50	143.63	140.41	140.55	5450859	773682368.00
2023/09/13	140.08	144.70	140.08	142.15	5968500	849345344.00
2023/09/14	141.00	142.50	138.01	139.57	4975346	695144576.00
2023/09/15	139.50	139.99	136.85	137.30	5975478	824333696.00
2023/09/18	136.00	138.00	134.90	136.60	5123728	700476160.00
2023/09/19	136.60	136.60	133.40	134.07	4388700	589126464.00
2023/09/20	133.40	134.88	132.03	132.28	4277412	568896576.00
2023/09/21	131.91	131.91	129.00	129.04	5706935	741110592.00
2023/09/22	128.08	131.33	128.00	131.30	6454042	838044480.00
2023/09/25	130.86	130.88	128.12	128.68	5076934	654063360.00
2023/09/26	128.60	129.27	125.00	125.90	6536493	825737600.00
2023/09/27	125.69	127.37	124.51	126.60	5716282	718454912.00
2023/09/28	126.25	127.05	124.61	125.00	5299410	663740352.00
2023/10/09	125.00	125.00	122.33	124.31	4317196	532968704.00
2023/10/10	124.02	125.65	122.50	123.11	4370247	541863296.00
2023/10/11	122.01	123.98	122.01	122.85	3815814	469356608.00
2023/10/12	123.80	125.49	123.67	125.18	5438976	677146368.00
2023/10/13	124.00	124.00	121.38	122.16	4713887	577950592.00
2023/10/16	121.01	121.70	115.39	115.90	9965779	1173270272.00
2023/10/17	116.72	117.00	113.44	113.61	6957529	797663168.00
2023/10/18	113.50	113.50	109.66	110.03	8325871	925840640.00
2023/10/19	108.42	108.96	105.60	105.68	9553247	1021306304.00
2023/10/20	104.96	109.00	104.30	105.91	8401284	897987456.00
2023/10/23	105.00	109.00	104.10	106.22	7375237	783094016.00
2023/10/24	107.69	107.69	104.07	105.60	6246125	658030720.00
2023/10/25	108.96	111.89	108.30	110.60	11945145	1314280960.00
2023/10/26	108.50	110.50	107.71	110.30	6293099	686423552.00
2023/10/27	110.00	114.50	109.50	114.18	9348083	1055562944.00
2023/10/30	113.40	115.50	113.00	115.05	6491898	742756800.00
2023/10/31	115.06	116.00	114.31	115.11	4388753	504635584.00
2023/11/01	121.53	124.20	116.04	116.24	10755737	1279992960.00
2023/11/02	114.50	116.15	112.40	112.41	6758226	767528576.00
2023/11/03	111.90	116.68	111.84	114.90	6075427	696827328.00
2023/11/06	116.00	116.60	114.38	115.89	5397098	623195712.00
2023/11/07	114.80	116.09	114.30	115.00	4927023	566447744.00
2023/11/08	114.62	115.66	113.81	114.49	4468484	511910560.00
2023/11/09	114.00	114.70	112.80	113.08	4682672	530945728.00
2023/11/10	112.41	112.74	110.08	110.78	5044478	559866112.00
2023/11/13	111.49	111.80	109.18	109.99	4147697	456567360.00
2023/11/14	110.40	111.97	109.82	110.26	4795900	530612128.00
2023/11/15	111.90	112.12	110.82	111.10	4621270	514321152.00
2023/11/16	110.67	110.67	108.15	108.22	5269239	574188224.00
2023/11/17	107.16	108.72	106.97	107.84	3835402	412406176.00
2023/11/20	108.40	108.98	106.80	108.47	4613116	498507008.00
2023/11/21	109.30	110.50	108.50	109.60	7039573	772490560.00
2023/11/22	109.00	109.10	107.38	107.40	4591408	495431456.00
2023/11/23	107.23	108.30	105.82	108.30	4487956	480949088.00
2023/11/24	108.09	108.27	106.83	106.94	3164141	339604960.00
2023/11/27	106.26	106.27	103.56	104.74	5303223	555926592.00
2023/11/28	104.75	105.38	100.62	102.08	7956133	816981504.00
2023/11/29	101.00	101.49	98.00	100.20	8175241	816442176.00
2023/11/30	99.70	101.00	99.34	100.31	4687381	469881152.00
2023/12/01	100.00	100.39	98.51	100.00	4626221	460070656.00
2023/12/04	100.19	100.45	98.22	98.28	4175474	413126816.00
2023/12/05	97.99	97.99	94.48	94.49	7652676	734971136.00
2023/12/06	94.00	97.00	93.81	95.50	6779511	649767424.00
2023/12/07	95.50	95.98	93.41	94.73	5922011	559209984.00
2023/12/08	94.73	95.39	93.84	94.40	4949999	469092608.00
2023/12/11	93.50	93.50	90.85	92.70	8465970	779298624.00
2023/12/12	92.30	93.64	92.11	93.05	4525250	420500832.00
2023/12/13	92.94	92.94	88.99	89.00	8051468	728084096.00
2023/12/14	89.99	91.78	87.93	88.13	8464847	758118784.00
2023/12/15	88.25	91.32	88.25	89.24	8875801	795531840.00
2023/12/18	88.70	89.42	87.21	87.33	5979739	526193376.00
2023/12/19	87.97	88.24	86.81	87.75	4228626	369873344.00
2023/12/20	87.75	88.09	85.52	85.55	5665331	489140672.00
2023/12/21	85.00	88.88	84.61	88.56	11635735	1019996928.00
2023/12/22	88.00	89.20	87.50	87.95	7007900	617778816.00
2023/12/25	87.30	88.74	87.30	88.70	4156790	367046208.00
2023/12/26	88.40	88.42	86.76	87.15	4079209	356025120.00
2023/12/27	87.25	87.40	86.00	86.62	4017311	348469664.00
2023/12/28	86.53	95.28	86.20	95.28	16951083	1561686912.00
2023/12/29	95.55	97.40	95.25	96.70	15798549	1521064192.00
2024/01/02	95.31	96.19	92.80	92.80	9951751	936150080.00
2024/01/03	92.20	94.40	91.38	92.65	7923681	734441920.00
2024/01/04	92.56	92.56	88.98	89.54	7827887	704725696.00
2024/01/05	88.90	89.84	86.80	87.36	7084955	625037248.00
2024/01/08	87.00	87.34	84.86	84.97	6784067	579104832.00
2024/01/09	85.00	87.60	83.58	85.69	7932070	678642048.00
2024/01/10	85.00	92.50	83.86	91.31	16121082	1444371712.00
2024/01/11	90.13	91.86	89.40	91.42	9660678	875436992.00
2024/01/12	90.27	92.45	89.67	90.31	8046658	732000384.00
2024/01/15	89.00	91.21	88.62	89.13	6394026	573714560.00
2024/01/16	88.98	93.48	88.28	90.89	10122244	919923520.00
2024/01/17	90.13	90.54	87.49	87.55	7770763	691370816.00
2024/01/18	86.30	92.50	86.21	92.19	17399468	1572777984.00
2024/01/19	91.01	92.44	89.65	90.31	10980061	1000395456.00
2024/01/22	90.00	90.23	85.80	86.90	9537343	837480320.00
2024/01/23	87.00	88.20	84.65	88.06	9040082	786744640.00
2024/01/24	88.95	89.49	84.53	87.61	10437693	904659456.00
2024/01/25	86.30	92.26	86.30	90.09	13526892	1204656896.00
2024/01/26	89.06	92.97	89.00	89.39	11493454	1043103808.00
2024/01/29	89.87	92.50	89.68	90.19	12457652	1132956032.00
2024/01/30	89.00	89.00	85.10	85.92	9268200	801016192.00
2024/01/31	85.15	86.89	82.65	82.70	7412931	628401728.00
2024/02/01	81.80	83.00	80.37	80.50	10657735	865318144.00
2024/02/02	81.00	81.35	72.45	74.81	15977996	1226339200.00
2024/02/05	72.99	73.69	68.00	69.33	14484396	1024918912.00
2024/02/06	68.60	74.30	68.20	74.15	14009126	1003158848.00
2024/02/07	74.30	76.65	73.20	74.45	12330612	926404864.00
2024/02/08	75.30	76.20	74.40	75.71	10484533	788361472.00
2024/02/19	77.20	77.80	74.38	75.17	10587059	803749824.00
2024/02/20	74.40	75.25	73.49	75.06	7445413	552546048.00
2024/02/21	74.96	82.57	74.30	81.24	20556983	1643381888.00
2024/02/22	79.51	80.99	79.02	80.75	11538855	925551168.00
2024/02/23	80.64	83.50	80.15	82.80	12204234	1001592576.00
2024/02/26	82.00	83.63	81.52	81.79	8036708	660700160.00
2024/02/27	81.51	82.60	80.60	82.60	8390678	683796608.00
2024/02/28	82.88	85.10	79.00	79.03	13717940	1130145792.00
2024/02/29	78.80	81.73	78.54	81.30	9760213	786443008.00
2024/03/01	81.00	82.52	80.43	81.89	8051170	656110272.00
2024/03/04	82.00	82.67	80.18	80.88	8052919	653134912.00
2024/03/05	80.24	82.48	79.65	80.91	8752988	710309248.00
2024/03/06	80.02	80.72	78.56	79.65	8389515	667864576.00
2024/03/07	80.00	81.69	78.78	78.83	7995118	640028416.00
2024/03/08	78.90	79.74	76.60	77.81	8757350	681137088.00
2024/03/11	78.00	81.54	78.00	81.45	14310944	1155170560.00
2024/03/12	81.45	87.20	81.12	86.08	21953540	1866844928.00
2024/03/13	85.00	85.87	84.00	85.06	11774356	999976000.00
2024/03/14	85.02	86.86	84.06	84.69	8645853	737144320.00
2024/03/15	84.16	86.39	83.50	84.61	9810027	832190528.00
2024/03/18	84.20	84.27	82.81	84.06	8404754	703134208.00
2024/03/19	83.95	86.11	83.30	84.89	11318776	963833600.00
2024/03/20	85.50	86.50	83.70	84.05	9299104	784419456.00
2024/03/21	84.45	88.38	84.06	85.94	15226558	1315447680.00
2024/03/22	85.40	85.59	82.28	82.50	12839079	1068838144.00
2024/03/25	81.50	82.15	79.78	79.80	8638783	696606784.00
2024/03/26	79.52	80.83	79.04	80.45	6660397	533373696.00
2024/03/27	80.20	80.39	77.40	77.41	7509520	591532160.00
2024/03/28	77.20	78.30	77.00	77.43	7231000	561301248.00
2024/03/29	77.69	77.92	75.79	76.87	5549781	426061536.00
2024/04/01	77.90	81.40	77.90	80.40	12584908	1008208000.00
2024/04/02	80.41	80.68	78.80	79.32	6776171	538356352.00
2024/04/03	80.00	80.86	77.80	78.10	7273481	572472384.00
2024/04/08	77.70	77.70	74.72	74.75	8572202	647195648.00
2024/04/09	74.73	75.74	73.92	75.48	4585013	344076512.00
2024/04/10	75.48	75.50	72.80	73.21	5669318	418172032.00
2024/04/11	72.81	72.99	71.87	72.32	5603723	405187840.00
2024/04/12	72.41	73.49	71.76	71.90	4608343	333158112.00
2024/04/15	71.89	74.55	71.72	73.35	7741097	567201920.00
2024/04/16	72.51	72.94	69.75	70.03	8098870	573077184.00
2024/04/17	70.20	71.53	70.20	71.28	5707986	404757312.00
2024/04/18	71.00	71.82	70.00	70.97	5684536	404060320.00
2024/04/19	70.04	70.80	69.70	70.07	4426675	310092256.00
2024/04/22	70.30	71.64	69.98	71.22	5711311	406597440.00
2024/04/23	70.86	73.66	70.77	72.72	7977621	576262464.00
2024/04/24	72.72	74.02	72.10	72.83	6476682	472664768.00
2024/04/25	72.40	72.94	71.71	72.33	4079005	294888000.00
2024/04/26	71.30	72.86	71.30	72.53	9734987	700441536.00
2024/04/29	72.54	75.58	72.24	74.38	10623738	785578304.00
2024/04/30	74.34	74.96	73.10	73.14	6804063	503993696.00
2024/05/06	74.33	80.35	74.33	78.36	19574789	1532894720.00
2024/05/07	78.05	79.48	77.35	78.89	11312903	886904128.00
2024/05/08	78.25	78.80	76.56	76.70	7967681	616946624.00
2024/05/09	76.70	77.45	76.60	77.18	5583820	430073408.00
2024/05/10	77.47	78.09	75.50	76.14	6278505	478976992.00
2024/05/13	75.10	75.10	74.01	74.49	6344882	473247456.00
2024/05/14	74.52	76.79	74.21	75.71	6431198	485386016.00
2024/05/15	75.68	75.94	74.98	75.15	3468658	261369744.00
2024/05/16	75.34	77.44	74.33	76.54	9254701	706788928.00
2024/05/17	76.39	78.80	75.62	78.73	10504588	810254016.00
2024/05/20	78.89	82.80	78.89	80.41	16936794	1378740352.00
2024/05/21	80.10	80.49	79.32	80.05	6693500	534341504.00
2024/05/22	77.89	78.00	76.10	76.85	6333280	486727296.00
2024/05/23	76.60	77.24	74.45	74.76	7367501	555278208.00
2024/05/24	74.22	74.82	73.32	73.34	5053701	373376128.00
2024/05/27	73.51	74.20	72.78	74.14	4511963	331693984.00
2024/05/28	74.00	74.01	72.15	72.30	4912612	359138272.00
2024/05/29	71.87	73.32	71.87	72.79	3704919	269299680.00
2024/05/30	72.17	72.51	71.50	71.68	4243977	304797376.00
2024/05/31	71.62	72.48	71.62	72.00	3003527	216340416.00
2024/06/03	72.03	72.25	70.81	71.15	4377324	312043648.00
2024/06/04	71.70	72.68	71.09	72.68	4814953	347308416.00
2024/06/05	72.11	72.70	71.78	71.79	3446091	248706288.00
2024/06/06	71.91	72.19	70.50	70.62	4345895	308169216.00
2024/06/07	71.00	71.37	69.88	70.46	2782392	196076880.00
2024/06/11	70.03	70.35	69.14	70.00	3515243	245023888.00
2024/06/12	69.90	70.50	69.53	70.03	2912558	203940416.00
2024/06/13	70.15	70.27	68.59	68.83	4135504	286132512.00
2024/06/14	68.21	69.22	67.25	69.22	5895770	401381440.00
2024/06/17	68.50	69.48	67.30	69.43	4806420	328920608.00
2024/06/18	69.05	69.79	68.69	68.95	3527561	243980464.00
2024/06/19	68.90	69.94	67.82	68.92	3990004	275087584.00
2024/06/20	68.41	69.16	67.06	67.06	3732305	253564336.00
2024/06/21	66.98	66.99	64.58	64.60	6526919	426745024.00
2024/06/24	63.00	64.62	61.69	63.00	6635768	417814528.00
2024/06/25	63.00	63.55	60.19	60.40	7815088	481155072.00
2024/06/26	60.45	61.22	59.50	61.16	4778086	289697920.00
2024/06/27	60.70	60.82	58.61	58.63	6573664	391350016.00
2024/06/28	58.11	59.17	56.46	56.67	10287023	591889408.00
2024/07/01	56.50	57.31	55.30	56.67	7172438	402393760.00
2024/07/02	56.20	58.70	56.03	57.48	9457786	545653632.00
2024/07/03	57.47	57.57	56.48	56.59	4980014	282791520.00
2024/07/04	56.56	56.79	54.70	54.74	6808184	377170144.00
2024/07/05	54.40	55.12	53.45	54.26	5786345	312726208.00
2024/07/08	53.96	54.06	51.91	52.10	6344216	334379008.00
2024/07/09	51.99	52.80	51.09	52.49	7028814	365660224.00
2024/07/10	52.32	53.71	51.67	52.57	5583861	295149792.00
2024/07/11	54.70	55.46	53.54	54.96	9984377	546925248.00
2024/07/12	55.01	55.48	54.46	55.11	6042746	332554848.00
2024/07/15	54.58	55.40	54.20	54.38	3919862	214096128.00
2024/07/16	54.30	54.70	53.81	54.63	3416383	185719520.00
2024/07/17	54.50	56.11	54.35	55.53	6832748	378753760.00
2024/07/18	55.31	56.45	55.08	55.49	6415825	357625920.00
2024/07/19	55.05	56.24	54.84	56.18	5669927	316115264.00
2024/07/22	56.10	56.68	55.51	55.78	4671011	261969136.00
2024/07/23	55.70	55.94	53.41	53.44	5703783	310614336.00
2024/07/24	53.35	53.88	52.41	52.54	4450648	236027872.00
2024/07/25	52.20	53.49	52.14	52.75	4077874	215965792.00
2024/07/26	52.86	54.30	52.86	53.12	4211630	224833712.00
2024/07/29	53.19	53.26	52.32	52.40	4230052	222850848.00
2024/07/30	51.80	52.73	51.38	52.73	3986591	207907584.00
2024/07/31	52.84	55.17	52.57	54.87	6279761	340180992.00
2024/08/01	54.80	54.86	53.79	54.02	5060556	274277792.00
2024/08/02	53.56	55.24	53.51	54.09	5396736	294242848.00
2024/08/05	54.00	56.55	53.80	54.49	7116700	393178048.00
2024/08/06	54.99	56.18	54.70	55.62	6220526	344437216.00
2024/08/07	55.42	55.80	54.77	55.46	5075755	280473856.00
2024/08/08	55.40	56.94	54.82	56.03	7481268	419305152.00
2024/08/09	56.52	57.06	55.39	55.39	6127856	344152352.00
2024/08/12	54.86	55.56	54.50	54.63	3787391	207922080.00
2024/08/13	54.63	54.75	53.51	54.00	4484478	241608368.00
2024/08/14	54.15	54.30	52.73	53.00	3573794	190107904.00
2024/08/15	52.55	53.84	52.55	53.19	3828905	203697248.00
2024/08/16	53.18	53.28	52.13	52.14	3810200	200089184.00
2024/08/19	52.11	53.25	51.69	51.76	4262991	222737392.00
2024/08/20	51.73	51.98	50.47	50.48	4514603	229666256.00
2024/08/21	50.28	50.55	49.99	50.00	3008385	150897040.00
2024/08/22	48.00	48.28	45.04	45.50	14865787	686590272.00
2024/08/23	45.50	45.88	43.76	43.78	9762559	434406880.00
2024/08/26	43.77	44.38	43.10	43.48	6573663	286788160.00
2024/08/27	43.20	43.96	42.63	43.52	5884977	254592240.00
2024/08/28	43.12	43.30	42.19	42.57	5418230	230717760.00
2024/08/29	42.32	43.95	42.25	43.60	7302043	316341504.00
2024/08/30	43.48	45.92	43.10	44.20	11348913	505716256.00
2024/09/02	44.30	44.30	42.03	42.08	8675808	372107488.00
2024/09/03	42.05	43.20	42.00	42.79	5208495	221980000.00
2024/09/04	42.48	43.34	42.43	42.72	3751525	160779360.00
2024/09/05	42.60	43.40	42.60	43.03	3627340	156122800.00
2024/09/06	43.02	43.04	42.02	42.03	4299327	182171792.00
2024/09/09	41.80	41.99	41.20	41.50	4278749	177603648.00
2024/09/10	41.50	42.72	41.50	42.58	5848484	245988640.00
2024/09/11	42.13	42.90	42.03	42.48	3526097	149788608.00
2024/09/12	42.21	42.82	41.68	41.68	3890948	164223840.00
2024/09/13	41.51	41.68	40.51	40.56	4830405	197909264.00
2024/09/18	40.21	40.65	39.56	40.18	4332025	172994000.00
2024/09/19	40.40	44.17	40.40	42.60	12966152	550212800.00
2024/09/20	42.06	42.60	41.94	42.49	5850720	247193984.00
2024/09/23	42.48	43.50	42.48	42.61	5773072	247940416.00
2024/09/24	43.41	44.86	42.30	44.80	12117042	531358720.00
2024/09/25	45.30	47.00	44.96	44.98	15409756	709581824.00
2024/09/26	44.86	49.48	44.80	49.48	17918623	851345664.00
2024/09/27	54.43	54.43	54.43	54.43	3652984	198831920.00
2024/09/30	59.87	59.87	59.87	59.87	1791066	107231120.00
2024/10/08	65.86	65.86	65.86	65.86	3475766	228913952.00
2024/10/09	65.86	72.43	61.00	69.45	55271187	3808135936.00
2024/10/10	68.70	76.00	64.01	72.79	43912019	3053415936.00
2024/10/11	69.00	71.00	65.51	65.51	24918338	1684315648.00
2024/10/14	63.85	66.02	61.50	65.16	20363296	1297883136.00
2024/10/15	63.87	67.97	63.16	64.95	20370814	1341003264.00
2024/10/16	63.06	66.78	61.89	63.63	17161435	1090882944.00
2024/10/17	64.00	64.72	60.60	61.28	17281862	1078668800.00
2024/10/18	60.80	67.00	59.86	64.36	25218414	1585231744.00
2024/10/21	63.58	64.98	62.41	64.81	21319218	1357197568.00
2024/10/22	64.89	68.97	64.51	68.00	28566025	1925011584.00
2024/10/23	68.00	69.95	66.26	67.57	23917236	1632053760.00
2024/10/24	66.01	66.59	63.69	63.85	17409742	1127084416.00
2024/10/25	63.06	66.20	63.06	65.12	14060749	911681472.00
2024/10/28	66.40	69.53	66.21	68.16	25229836	1717300480.00
2024/10/29	67.00	68.81	65.00	65.04	19296888	1280259584.00
2024/10/30	64.00	64.88	62.73	63.60	12575543	800046848.00
2024/10/31	63.01	64.60	62.70	63.37	12423573	788080896.00
2024/11/01	63.00	68.00	62.50	65.73	26970125	1778545792.00
2024/11/04	66.00	69.10	64.99	67.19	26132422	1745602048.00
2024/11/05	67.00	71.50	66.60	71.02	33045790	2304267264.00
2024/11/06	70.00	74.05	69.10	71.38	29305397	2076759040.00
2024/11/07	70.66	78.52	70.50	78.52	38147089	2938484736.00
2024/11/08	80.00	83.50	77.86	80.33	46447093	3747393024.00
2024/11/11	77.00	83.00	76.00	82.90	30183961	2417676032.00
2024/11/12	83.00	86.25	80.10	81.38	29497944	2454515968.00
2024/11/13	79.60	83.01	79.60	80.10	16372277	1324862720.00
2024/11/14	79.09	80.43	77.06	77.30	15793440	1239791744.00
2024/11/15	77.30	79.50	76.38	76.47	15204123	1182584960.00
2024/11/18	77.20	77.69	72.17	72.94	17386192	1295809408.00
2024/11/19	73.80	75.31	70.82	75.10	14626309	1065776640.00
2024/11/20	74.60	77.03	73.80	76.66	12515285	946627328.00
2024/11/21	76.00	77.50	75.28	76.86	10757001	823016320.00
2024/11/22	76.51	77.47	72.70	72.82	11443609	858879488.00
2024/11/25	72.10	75.60	72.10	73.93	9575973	706121536.00
2024/11/26	73.21	75.60	72.78	73.49	8841199	656108096.00
2024/11/27	72.99	78.00	72.41	76.99	15633068	1180178560.00
2024/11/28	76.07	78.89	76.00	76.91	13395188	1035460608.00
2024/11/29	77.54	79.99	76.60	78.64	16830867	1316551808.00
2024/12/02	77.74	78.73	77.45	78.24	12938087	1009035904.00
2024/12/03	78.25	78.49	75.86	76.16	10749102	824080512.00
2024/12/04	75.79	75.79	73.58	73.79	11462331	854980160.00
2024/12/05	73.30	74.47	73.13	74.24	6969979	514544416.00
2024/12/06	74.20	75.00	73.36	74.58	8232008	612054784.00
2024/12/09	74.16	75.25	73.50	73.90	7196520	534682688.00
2024/12/10	79.07	80.96	75.57	75.68	20766199	1617041024.00
2024/12/11	75.66	77.96	75.26	77.03	14658989	1125507328.00
2024/12/12	76.20	78.73	76.20	78.47	16558071	1286876160.00
2024/12/13	77.48	77.49	75.10	75.28	14743753	1124384256.00
2024/12/16	74.93	75.00	73.19	73.52	8458114	624064384.00
2024/12/17	73.30	74.65	72.79	73.69	6258196	461220544.00
2024/12/18	73.70	74.70	73.01	73.13	5103286	374833984.00
2024/12/19	72.73	72.73	69.77	70.63	9518970	674527488.00
2024/12/20	70.64	71.29	70.21	70.73	5104655	361322784.00
2024/12/23	70.60	71.10	68.12	68.41	7409515	516125760.00
2024/12/24	68.36	69.35	67.24	69.15	7340309	499037248.00
2024/12/25	69.15	69.36	67.77	67.97	4693466	321287744.00
2024/12/26	67.82	68.13	67.53	67.99	4057704	275487296.00
2024/12/27	68.01	68.97	67.70	68.38	4685629	320099104.00
2024/12/30	68.40	68.69	66.05	66.16	7200059	481529824.00
2024/12/31	66.17	68.05	65.42	65.93	8219266	549975296.00
2025/01/02	65.86	65.86	61.83	62.20	10665652	675627264.00
2025/01/03	62.20	62.71	59.00	59.18	9566709	579357888.00
2025/01/06	57.74	58.07	55.70	56.06	10236211	582520000.00
2025/01/07	56.46	57.43	56.07	57.42	6034331	342344832.00
2025/01/08	57.40	57.80	55.57	57.42	7396732	421129248.00
2025/01/09	57.00	58.28	56.85	57.80	4932944	284974496.00
2025/01/10	57.80	58.15	56.07	56.08	4760373	271958304.00
2025/01/13	55.67	56.69	55.08	56.59	4680533	262308000.00
2025/01/14	56.59	58.96	56.58	58.95	7773745	451244640.00
2025/01/15	58.91	59.13	58.06	58.88	5725099	336124832.00
2025/01/16	59.00	60.17	57.88	58.83	6038749	356206368.00
2025/01/17	58.60	59.83	58.45	58.83	5742645	339335168.00
2025/01/20	59.40	60.00	58.96	59.39	6501059	386691488.00
2025/01/21	59.90	60.06	58.20	58.63	4637900	272209088.00
2025/01/22	58.10	58.50	57.19	57.20	4378416	252241264.00
2025/01/23	57.96	58.66	56.90	56.90	5449734	314824672.00
2025/01/24	53.52	55.25	53.42	54.94	10325642	563603136.00
2025/01/27	55.00	55.80	53.45	53.46	6079728	330030912.00
2025/02/05	53.78	53.89	52.40	52.90	5897698	311976256.00
2025/02/06	52.92	54.28	52.92	54.05	5969137	320154784.00
2025/02/07	54.17	55.86	53.84	55.19	8897462	489550688.00
2025/02/10	55.20	55.79	54.61	55.77	6600041	364534336.00
2025/02/11	55.75	56.20	54.55	54.71	5149877	282722688.00
2025/02/12	54.52	56.07	54.33	56.05	7266470	399346432.00
2025/02/13	56.05	58.00	55.90	57.48	17329309	994784960.00
2025/02/14	57.00	57.19	55.94	56.37	9497498	535136064.00
2025/02/17	56.40	56.91	55.68	55.95	7174546	403937216.00
2025/02/18	55.50	55.96	54.02	54.15	8386063	461273504.00
2025/02/19	54.10	55.59	53.67	55.57	7593583	414626304.00
2025/02/20	55.50	56.09	54.75	54.80	5788380	319577760.00
2025/02/21	55.19	56.10	54.40	55.45	9918746	549545472.00
2025/02/24	55.35	58.50	55.13	56.43	12466179	708255872.00
2025/02/25	55.80	55.80	54.61	54.78	7960783	439489120.00
2025/02/26	55.00	55.41	54.25	55.41	6490660	355775104.00
2025/02/27	55.45	56.98	55.20	55.99	10299241	578165888.00
2025/02/28	55.97	58.49	55.60	56.04	16963138	970662784.00
数据来源:通达信
