600711 ST盛屯 日线 不复权
      日期	    开盘	    最高	    最低	    收盘	    成交量	    成交额
2020/01/02	5.30	5.38	5.26	5.31	69216738	368018688.00
2020/01/03	5.32	5.52	5.26	5.39	86485663	466164288.00
2020/01/06	5.44	5.56	5.36	5.52	105614450	578139392.00
2020/01/07	5.44	5.46	5.32	5.37	64506300	347714240.00
2020/01/08	5.48	5.52	5.28	5.35	65931502	354238144.00
2020/01/09	5.29	5.40	5.29	5.31	50323202	268525728.00
2020/01/10	5.32	5.34	5.17	5.20	42195791	220751776.00
2020/01/13	5.24	5.29	5.20	5.26	25750319	135131088.00
2020/01/14	5.34	5.73	5.33	5.45	110511493	614146560.00
2020/01/15	5.40	5.50	5.27	5.30	56574552	302976224.00
2020/01/16	5.29	5.40	5.24	5.24	37466590	198692208.00
2020/01/17	5.26	5.30	5.17	5.20	30805564	161184080.00
2020/01/20	5.18	5.28	5.11	5.25	30524657	158761168.00
2020/01/21	5.22	5.23	5.08	5.09	30530124	157091184.00
2020/01/22	5.11	5.23	5.03	5.18	34794460	179371232.00
2020/01/23	5.14	5.21	4.88	4.93	42731808	215231216.00
2020/02/03	4.44	4.53	4.44	4.44	38622465	171721472.00
2020/02/04	4.27	4.54	4.27	4.43	47503587	211665152.00
2020/02/05	4.53	4.65	4.47	4.52	54375367	247389824.00
2020/02/06	4.45	4.57	4.43	4.56	45371528	204339440.00
2020/02/07	4.51	4.55	4.46	4.52	32326877	145455776.00
2020/02/10	4.50	4.70	4.45	4.67	48342051	222518016.00
2020/02/11	4.66	4.76	4.62	4.68	48129693	225917584.00
2020/02/12	4.68	5.14	4.65	5.07	106150689	526876800.00
2020/02/13	5.06	5.27	4.98	5.05	106477560	544083584.00
2020/02/14	5.10	5.35	5.08	5.19	107134911	557854656.00
2020/02/17	5.15	5.25	5.10	5.23	73546984	381130816.00
2020/02/18	5.23	5.32	5.18	5.25	61913478	324348576.00
2020/02/19	4.96	5.04	4.80	4.90	127434313	629379008.00
2020/02/20	4.96	5.01	4.86	4.98	53980089	266383216.00
2020/02/21	4.97	5.04	4.94	5.02	55039231	275522624.00
2020/02/24	5.07	5.09	4.91	4.99	50297445	250525328.00
2020/02/25	4.90	4.99	4.85	4.96	54093812	266239488.00
2020/02/26	4.90	4.97	4.84	4.86	44320425	217720768.00
2020/02/27	5.16	5.21	4.98	5.00	90383728	457821984.00
2020/02/28	4.90	4.92	4.72	4.79	73633946	355588704.00
2020/03/02	4.63	4.78	4.58	4.76	72220804	338842304.00
2020/03/03	4.79	4.85	4.67	4.72	50417081	240799504.00
2020/03/04	4.72	4.81	4.69	4.79	31997731	152212336.00
2020/03/05	4.81	4.93	4.78	4.89	52436156	254090368.00
2020/03/06	4.83	4.90	4.82	4.84	34763306	168713776.00
2020/03/09	4.85	4.93	4.64	4.66	43505509	206458448.00
2020/03/10	4.57	4.71	4.52	4.71	35377810	163141120.00
2020/03/11	4.70	4.73	4.63	4.63	25335906	118564400.00
2020/03/12	4.57	4.59	4.48	4.50	27373617	123875312.00
2020/03/13	4.30	4.49	4.20	4.46	30251118	131642880.00
2020/03/16	4.53	4.55	4.31	4.34	22461400	99870480.00
2020/03/17	4.34	4.42	4.09	4.26	24073169	102242000.00
2020/03/18	4.30	4.34	4.17	4.18	22572706	96091592.00
2020/03/19	4.16	4.18	3.98	4.07	34424334	140054160.00
2020/03/20	4.09	4.19	4.07	4.18	18525760	76204688.00
2020/03/23	4.09	4.10	4.01	4.01	15628479	63338524.00
2020/03/24	4.15	4.18	4.07	4.16	24890913	102704664.00
2020/03/25	4.25	4.28	4.20	4.23	25076700	106306272.00
2020/03/26	4.22	4.22	4.13	4.14	17433654	72778688.00
2020/03/27	4.19	4.21	4.15	4.17	13117077	54816280.00
2020/03/30	4.12	4.12	4.04	4.07	14619687	59491312.00
2020/03/31	4.10	4.15	4.04	4.11	23617265	96782232.00
2020/04/01	4.11	4.22	4.09	4.17	19488044	81071496.00
2020/04/02	4.12	4.21	4.09	4.20	17018631	70530176.00
2020/04/03	4.18	4.19	4.15	4.15	12555010	52274748.00
2020/04/07	4.22	4.25	4.18	4.24	21386577	90441088.00
2020/04/08	4.21	4.35	4.17	4.27	29133514	124129104.00
2020/04/09	4.31	4.31	4.23	4.25	17047428	72559456.00
2020/04/10	4.25	4.27	4.15	4.15	15535648	65265584.00
2020/04/13	4.12	4.14	4.10	4.11	8778206	36157516.00
2020/04/14	4.13	4.24	4.13	4.22	14694549	61692168.00
2020/04/15	4.20	4.21	4.15	4.15	12176269	50895544.00
2020/04/16	4.14	4.16	4.12	4.15	9121650	37761176.00
2020/04/17	4.16	4.19	4.13	4.14	13306788	55311308.00
2020/04/20	4.13	4.14	4.12	4.13	9012550	37211376.00
2020/04/21	4.12	4.12	4.03	4.06	15603370	63331500.00
2020/04/22	4.02	4.09	3.99	4.07	10079017	40772032.00
2020/04/23	4.08	4.09	4.02	4.03	10039000	40688144.00
2020/04/24	4.02	4.05	3.99	3.99	10822612	43437832.00
2020/04/27	4.02	4.06	4.00	4.03	9912855	39903924.00
2020/04/28	4.04	4.05	3.81	3.89	16150160	63186172.00
2020/04/29	3.88	3.92	3.85	3.87	7795042	30339656.00
2020/04/30	3.87	3.93	3.86	3.92	20654446	80650240.00
2020/05/06	3.87	4.03	3.87	4.02	19353725	76954744.00
2020/05/07	4.01	4.03	3.96	3.97	12494258	49889528.00
2020/05/08	3.99	4.04	3.97	4.01	10823362	43324692.00
2020/05/11	3.99	4.06	3.94	4.06	20181961	80906400.00
2020/05/12	4.01	4.01	3.95	3.98	11658209	46402668.00
2020/05/13	3.95	3.98	3.95	3.97	5338377	21183692.00
2020/05/14	3.96	3.97	3.93	3.94	7278214	28740280.00
2020/05/15	3.95	3.96	3.93	3.93	6941337	27368716.00
2020/05/18	3.94	4.04	3.92	4.01	20951927	83971760.00
2020/05/19	4.01	4.02	3.92	3.93	18462650	73035832.00
2020/05/20	3.92	3.96	3.86	3.88	14411100	56372944.00
2020/05/21	3.89	3.90	3.78	3.79	15894900	60992048.00
2020/05/22	3.77	3.77	3.61	3.64	23857831	87429232.00
2020/05/25	3.64	3.64	3.56	3.57	14049202	50360760.00
2020/05/26	3.57	3.64	3.56	3.64	8439097	30513092.00
2020/05/27	3.63	3.67	3.60	3.67	10729353	39023136.00
2020/05/28	3.65	3.72	3.65	3.70	16460772	60792800.00
2020/05/29	3.68	3.74	3.67	3.71	11914392	44279816.00
2020/06/01	3.72	3.82	3.71	3.82	15754801	59519328.00
2020/06/02	3.86	3.93	3.83	3.91	22800197	88805040.00
2020/06/03	3.91	3.93	3.86	3.88	18166150	70566816.00
2020/06/04	3.88	3.93	3.86	3.89	12044760	46882780.00
2020/06/05	3.89	3.90	3.84	3.90	11137497	43144468.00
2020/06/08	3.90	3.95	3.88	3.90	15220202	59570064.00
2020/06/09	3.90	3.98	3.90	3.93	19071029	74988496.00
2020/06/10	3.94	4.02	3.86	3.96	24916721	98170576.00
2020/06/11	3.96	3.99	3.92	3.97	19946723	78874856.00
2020/06/12	3.90	3.94	3.85	3.88	16035553	62277504.00
2020/06/15	3.92	4.19	3.86	4.06	51162495	205901808.00
2020/06/16	4.18	4.45	4.01	4.35	92713804	393048832.00
2020/06/17	4.44	4.79	4.42	4.58	157756553	729024256.00
2020/06/18	4.53	4.69	4.46	4.51	77707008	352372480.00
2020/06/19	4.51	4.60	4.41	4.53	57434462	258423296.00
2020/06/22	4.61	4.68	4.52	4.56	51170920	234977840.00
2020/06/23	4.53	4.57	4.43	4.48	31204515	139971424.00
2020/06/24	4.48	4.49	4.37	4.39	28284934	124882184.00
2020/06/29	4.45	4.83	4.45	4.67	72155817	337252000.00
2020/06/30	4.74	5.14	4.72	5.14	214600335	1086184192.00
2020/07/01	5.13	5.18	4.92	4.98	143319049	721887552.00
2020/07/02	5.05	5.31	4.95	5.21	138868540	709768768.00
2020/07/03	5.21	5.44	5.06	5.14	123324540	644983680.00
2020/07/06	5.20	5.38	5.12	5.32	129573639	682773824.00
2020/07/07	5.35	5.49	5.21	5.21	115559210	617219136.00
2020/07/08	5.15	5.46	5.08	5.34	116962090	617320384.00
2020/07/09	5.35	5.57	5.32	5.55	135052169	735572544.00
2020/07/10	5.46	5.47	5.24	5.29	108362415	579256256.00
2020/07/13	5.37	5.82	5.37	5.82	179954106	1021328320.00
2020/07/14	5.78	6.08	5.62	5.85	167089087	979712896.00
2020/07/15	5.83	5.94	5.32	5.41	131218314	727357184.00
2020/07/16	5.47	5.49	4.97	4.98	102054417	532694304.00
2020/07/17	5.09	5.20	4.91	5.02	70990243	358245408.00
2020/07/20	5.04	5.51	5.03	5.48	95658543	510366880.00
2020/07/21	5.49	5.60	5.37	5.54	66227790	363887616.00
2020/07/22	5.85	5.98	5.47	5.50	81591309	458465312.00
2020/07/23	5.56	5.92	5.49	5.70	133279102	761798912.00
2020/07/24	5.98	6.08	5.58	5.67	175744016	1030372672.00
2020/07/27	5.75	6.03	5.69	5.92	139268647	817302464.00
2020/07/28	6.15	6.35	5.98	6.06	151466735	934118208.00
2020/07/29	6.13	6.13	5.83	6.05	91927970	546820992.00
2020/07/30	6.08	6.42	6.00	6.37	152249905	954833216.00
2020/07/31	6.28	6.39	6.09	6.35	120208772	748192832.00
2020/08/03	6.34	6.45	6.23	6.35	91389991	578696704.00
2020/08/04	6.70	6.71	6.33	6.39	105241138	683610048.00
2020/08/05	6.42	6.72	6.27	6.70	135176414	877794368.00
2020/08/06	6.67	7.26	6.67	7.03	168215131	1179358976.00
2020/08/07	7.00	7.32	6.88	7.15	133737936	957506240.00
2020/08/10	6.96	7.11	6.78	6.98	86406881	598295488.00
2020/08/11	6.99	6.99	6.55	6.57	109139126	736188480.00
2020/08/12	6.45	6.64	6.08	6.34	119634217	755854272.00
2020/08/13	6.40	6.48	6.22	6.27	52043707	328655232.00
2020/08/14	6.35	6.43	6.00	6.17	84328340	520876064.00
2020/08/17	6.29	6.78	6.10	6.71	110566296	718483456.00
2020/08/18	6.81	7.01	6.70	6.76	99093741	676659072.00
2020/08/19	6.75	6.98	6.63	6.65	82345158	559372288.00
2020/08/20	6.78	6.84	6.41	6.45	82004887	536654336.00
2020/08/21	6.42	6.54	6.32	6.33	63346560	406144992.00
2020/08/24	6.40	6.54	6.35	6.44	46913222	300539392.00
2020/08/25	6.37	6.37	5.95	5.97	87558704	535776960.00
2020/08/26	5.98	6.13	5.77	5.88	68770698	407972256.00
2020/08/27	5.93	6.02	5.82	5.88	42113764	248653760.00
2020/08/28	5.90	5.98	5.70	5.94	40851405	237900592.00
2020/08/31	5.99	6.16	5.98	6.04	48486274	294266368.00
2020/09/01	6.00	6.14	5.89	6.12	42709223	257461584.00
2020/09/02	6.14	6.17	5.97	6.04	42252362	255502288.00
2020/09/03	6.04	6.08	5.84	5.90	34078492	202270448.00
2020/09/04	5.76	5.91	5.68	5.89	28054583	163135024.00
2020/09/07	5.85	5.98	5.76	5.78	35369405	208372752.00
2020/09/08	5.91	6.21	5.83	6.08	61579261	372231872.00
2020/09/09	6.04	6.17	5.92	5.93	44178827	267061824.00
2020/09/10	6.03	6.12	5.81	6.01	39428694	235614624.00
2020/09/11	5.96	6.02	5.73	5.87	38893292	228336832.00
2020/09/14	6.08	6.45	6.08	6.32	99713885	628809408.00
2020/09/15	6.33	6.44	6.11	6.20	72008738	449178272.00
2020/09/16	6.16	6.34	6.09	6.23	51421307	318783584.00
2020/09/17	6.13	6.16	5.97	6.05	38996347	235915552.00
2020/09/18	6.02	6.31	5.97	6.28	51248229	315740544.00
2020/09/21	6.28	6.33	6.09	6.13	38903206	240398688.00
2020/09/22	6.00	6.00	5.76	5.86	45943026	271426592.00
2020/09/23	5.94	6.04	5.84	5.90	36066025	214340832.00
2020/09/24	5.78	5.79	5.40	5.44	54835745	303825856.00
2020/09/25	5.45	5.48	5.29	5.31	23679010	126798984.00
2020/09/28	5.30	5.39	5.20	5.32	15172690	80376904.00
2020/09/29	5.37	5.42	5.35	5.37	13586420	73003496.00
2020/09/30	5.36	5.38	5.18	5.25	25998367	136750960.00
2020/10/09	5.37	5.60	5.37	5.51	36073899	198371728.00
2020/10/12	5.51	5.70	5.51	5.66	29138917	163607120.00
2020/10/13	5.65	5.79	5.55	5.68	28614518	161942192.00
2020/10/14	5.68	5.72	5.60	5.69	24427638	138588608.00
2020/10/15	5.74	5.79	5.70	5.70	27610220	158531872.00
2020/10/16	5.77	5.78	5.60	5.68	19007703	107584928.00
2020/10/19	5.72	5.83	5.64	5.72	19174756	109877736.00
2020/10/20	5.68	5.89	5.63	5.89	30656990	177440656.00
2020/10/21	5.88	5.99	5.82	5.83	24284059	142696736.00
2020/10/22	5.79	5.83	5.73	5.77	15255804	88174248.00
2020/10/23	5.76	5.90	5.73	5.77	17691304	103034800.00
2020/10/26	5.73	5.75	5.34	5.40	39873434	217802832.00
2020/10/27	5.44	5.66	5.42	5.54	28991628	160723104.00
2020/10/28	5.58	6.01	5.42	5.93	55381454	320971744.00
2020/10/29	5.89	6.04	5.85	5.97	58031658	345679232.00
2020/10/30	5.95	5.96	5.60	5.63	51699411	297064576.00
2020/11/02	5.60	5.69	5.39	5.41	40579757	222386480.00
2020/11/03	5.50	5.95	5.49	5.95	48220674	282434592.00
2020/11/04	6.04	6.38	6.01	6.25	152952562	948739904.00
2020/11/05	6.39	6.48	6.26	6.39	111482065	711686976.00
2020/11/06	6.44	6.63	6.28	6.50	112095575	726164672.00
2020/11/09	6.60	6.90	6.53	6.76	103627102	697228416.00
2020/11/10	6.76	6.84	6.58	6.66	93735245	629516864.00
2020/11/11	6.65	6.79	6.49	6.54	74881503	495783872.00
2020/11/12	6.65	6.65	6.37	6.50	57558485	374688128.00
2020/11/13	6.54	6.78	6.49	6.58	93760234	621405056.00
2020/11/16	6.59	7.14	6.53	6.95	163627874	1131675392.00
2020/11/17	6.92	7.03	6.71	6.78	132216493	908918272.00
2020/11/18	6.81	7.06	6.72	6.81	116135586	800713920.00
2020/11/19	6.79	6.83	6.28	6.66	114705647	749257536.00
2020/11/20	6.61	7.12	6.55	7.03	142126323	982173120.00
2020/11/23	7.08	7.34	6.89	7.13	186373948	1331086336.00
2020/11/24	7.05	7.11	6.87	6.96	117517175	817883904.00
2020/11/25	6.98	7.18	6.67	6.67	118294662	818401280.00
2020/11/26	6.70	6.82	6.36	6.44	99385311	646692096.00
2020/11/27	6.51	6.56	6.20	6.35	81589711	517908416.00
2020/11/30	6.37	6.67	6.32	6.37	95888174	623585280.00
2020/12/01	6.33	6.44	6.21	6.37	59552310	376799904.00
2020/12/02	6.44	6.48	6.27	6.31	65701044	417736416.00
2020/12/03	6.26	6.27	6.05	6.11	62385407	382448576.00
2020/12/04	6.08	6.29	6.03	6.21	54943676	338792864.00
2020/12/07	6.18	6.33	6.13	6.19	44557280	277084384.00
2020/12/08	6.20	6.24	6.08	6.13	41850694	257375264.00
2020/12/09	6.14	6.34	6.10	6.19	70241397	438384128.00
2020/12/10	6.18	6.20	5.90	6.02	60071155	361643680.00
2020/12/11	6.30	6.40	6.01	6.09	97012950	604248832.00
2020/12/14	6.12	6.40	5.98	6.36	121387355	762367744.00
2020/12/15	6.32	6.57	6.27	6.42	95573080	614168384.00
2020/12/16	6.99	7.06	6.80	7.06	210103003	1461708416.00
2020/12/17	7.02	7.77	6.90	7.77	346077266	2509240832.00
2020/12/18	8.06	8.55	7.96	8.13	506663364	4178699520.00
2020/12/21	8.11	8.87	8.11	8.44	483300141	4091013120.00
2020/12/22	8.20	9.08	8.08	8.45	475897812	4006887168.00
2020/12/23	8.40	9.06	8.30	8.55	405883228	3505622528.00
2020/12/24	8.42	9.04	8.31	8.88	353020868	3079537408.00
2020/12/25	8.69	9.77	8.59	9.77	423984122	3865157632.00
2020/12/28	9.83	10.24	9.49	9.51	396268493	3911227904.00
2020/12/29	9.40	9.66	8.56	8.56	353635667	3160772864.00
2020/12/30	8.51	9.02	8.42	8.75	334572125	2938196992.00
2020/12/31	8.70	9.38	8.70	9.16	293225623	2670088448.00
2021/01/04	9.38	9.94	9.17	9.88	357881801	3399618816.00
2021/01/05	9.72	9.78	9.24	9.29	330625844	3116355072.00
2021/01/06	9.49	9.61	8.69	9.00	279095893	2526503424.00
2021/01/07	8.96	9.89	8.90	9.67	372387077	3535464704.00
2021/01/08	9.64	9.64	8.80	9.46	269311064	2477215232.00
2021/01/11	9.30	9.30	8.56	8.62	262559577	2339582464.00
2021/01/12	8.35	8.65	8.20	8.53	217995416	1842736000.00
2021/01/13	8.64	8.82	7.68	7.69	334133270	2721112064.00
2021/01/14	7.60	7.89	7.42	7.66	189890416	1460086784.00
2021/01/15	7.83	7.96	7.44	7.78	162000343	1256213248.00
2021/01/18	7.66	7.82	7.47	7.67	135347835	1037504384.00
2021/01/19	7.63	7.83	7.31	7.42	194599381	1478124288.00
2021/01/20	7.42	7.92	7.39	7.84	183936588	1404933888.00
2021/01/21	7.70	8.14	7.56	7.90	240226361	1900454400.00
2021/01/22	7.71	8.10	7.51	8.03	233805341	1834107264.00
2021/01/25	8.00	8.83	7.95	8.78	362980562	3078637824.00
2021/01/26	8.55	8.70	8.22	8.34	221641175	1875448960.00
2021/01/27	8.24	8.33	7.51	8.04	199442422	1572368512.00
2021/01/28	7.82	8.20	7.74	7.85	138527214	1107296256.00
2021/01/29	8.00	8.08	7.20	7.40	145039756	1099288320.00
2021/02/01	7.33	7.89	7.30	7.77	150691463	1162203648.00
2021/02/02	7.79	8.13	7.65	7.99	157287946	1245846784.00
2021/02/03	8.05	8.33	7.97	8.05	214777388	1752217344.00
2021/02/04	7.95	8.07	7.33	7.52	167374616	1283049984.00
2021/02/05	7.50	7.52	6.77	6.77	197924951	1387225216.00
2021/02/08	6.86	7.45	6.73	7.41	181476855	1301455616.00
2021/02/09	7.35	7.73	7.28	7.65	150219189	1136938496.00
2021/02/10	7.69	7.85	7.53	7.75	123879879	955204480.00
2021/02/18	8.49	8.53	8.16	8.38	236133830	1982282112.00
2021/02/19	8.38	9.22	8.19	9.05	348745901	3069858304.00
2021/02/22	9.39	9.96	9.21	9.70	424775966	4100918272.00
2021/02/23	9.40	9.60	8.90	9.10	289256310	2683226624.00
2021/02/24	9.25	9.43	8.73	8.92	222608444	2013823360.00
2021/02/25	9.25	9.32	8.57	8.62	202722000	1797347584.00
2021/02/26	8.13	8.36	7.95	8.13	163702107	1332879488.00
2021/03/01	8.17	8.48	8.10	8.37	139616899	1159072896.00
2021/03/02	8.35	8.37	7.80	7.90	151473794	1209957248.00
2021/03/03	7.94	8.25	7.90	8.16	120433494	975242624.00
2021/03/04	7.82	7.84	7.50	7.62	158787367	1213689984.00
2021/03/05	7.21	7.52	7.13	7.40	103975532	763636928.00
2021/03/08	7.53	7.60	7.14	7.17	97816646	716799104.00
2021/03/09	7.15	7.38	6.81	7.21	103555565	740455488.00
2021/03/10	7.30	7.37	7.13	7.18	68000343	492666560.00
2021/03/11	7.21	7.59	7.18	7.58	116583373	866198528.00
2021/03/12	7.55	7.55	7.25	7.31	95011133	697953856.00
2021/03/15	7.25	7.42	7.20	7.35	75754290	553764352.00
2021/03/16	7.30	7.32	7.01	7.10	78970979	562937856.00
2021/03/17	7.00	7.22	6.90	7.16	56973350	404063328.00
2021/03/18	7.23	7.30	7.10	7.12	62231094	446546016.00
2021/03/19	6.96	7.05	6.90	6.92	61950994	431474048.00
2021/03/22	6.96	7.04	6.81	7.04	59020051	409321344.00
2021/03/23	7.00	7.01	6.68	6.70	79787510	541139008.00
2021/03/24	6.60	6.71	6.40	6.43	68104910	443092960.00
2021/03/25	6.41	6.56	6.39	6.43	39999121	259246320.00
2021/03/26	6.42	6.68	6.42	6.63	53489943	352053376.00
2021/03/29	6.66	6.67	6.50	6.57	39507177	259903920.00
2021/03/30	6.56	6.74	6.44	6.68	57142568	378438432.00
2021/03/31	6.60	6.63	6.46	6.48	44238284	288431584.00
2021/04/01	6.49	6.56	6.46	6.54	28918579	188349232.00
2021/04/02	6.54	6.67	6.47	6.61	41632300	273384480.00
2021/04/06	6.70	6.73	6.64	6.69	45453509	303983392.00
2021/04/07	6.65	6.85	6.55	6.74	66559838	446649088.00
2021/04/08	6.70	7.10	6.69	6.94	108091941	746871296.00
2021/04/09	6.94	7.00	6.78	6.82	57323353	392203616.00
2021/04/12	6.81	6.82	6.50	6.51	51864406	343262464.00
2021/04/13	6.49	6.57	6.44	6.45	32967778	214119280.00
2021/04/14	6.43	6.56	6.43	6.55	31859847	207387136.00
2021/04/15	6.54	6.57	6.42	6.52	41818953	271594240.00
2021/04/16	6.56	6.63	6.48	6.57	49503211	325069216.00
2021/04/19	6.53	6.91	6.47	6.82	82828390	558839040.00
2021/04/20	6.77	6.82	6.68	6.71	53635322	361016128.00
2021/04/21	6.68	6.69	6.57	6.61	38810464	257225520.00
2021/04/22	6.65	6.78	6.63	6.69	39594974	265739840.00
2021/04/23	6.66	6.90	6.60	6.82	74564223	506058304.00
2021/04/26	6.83	7.18	6.83	7.06	128498530	904281472.00
2021/04/27	7.06	7.19	6.91	7.17	94306894	666103872.00
2021/04/28	7.80	7.80	7.25	7.57	229550490	1734959104.00
2021/04/29	7.51	7.63	7.25	7.45	151364808	1125842944.00
2021/04/30	7.37	7.68	7.37	7.51	121893609	917569792.00
2021/05/06	7.73	7.79	7.51	7.70	139393722	1069439488.00
2021/05/07	7.77	8.23	7.75	7.96	180445638	1444582144.00
2021/05/10	8.10	8.38	7.97	8.28	166975368	1369810048.00
2021/05/11	8.00	8.00	7.45	7.62	180788283	1387629696.00
2021/05/12	7.55	7.93	7.54	7.83	121011918	945457408.00
2021/05/13	7.56	7.63	7.39	7.40	110682123	828330880.00
2021/05/14	7.45	7.48	7.26	7.44	72010235	532099232.00
2021/05/17	7.42	7.76	7.24	7.71	127304663	961046976.00
2021/05/18	7.78	7.89	7.65	7.72	93569823	726292736.00
2021/05/19	7.65	7.91	7.47	7.79	116849438	904874176.00
2021/05/20	7.42	7.44	7.26	7.32	128737510	946949184.00
2021/05/21	7.32	8.05	7.32	7.94	234647927	1838769280.00
2021/05/24	7.98	7.98	7.62	7.80	145528056	1127671296.00
2021/05/25	7.75	7.97	7.57	7.86	128116885	996849920.00
2021/05/26	7.80	7.94	7.73	7.83	104340425	817635264.00
2021/05/27	7.78	7.79	7.58	7.63	113917084	874259328.00
2021/05/28	7.83	8.09	7.83	7.85	189261154	1506680960.00
2021/05/31	8.07	8.36	7.94	7.99	190891187	1553858432.00
2021/06/01	8.01	8.17	7.78	8.14	138988711	1108160000.00
2021/06/02	8.04	8.73	8.02	8.38	223254530	1881777920.00
2021/06/03	8.40	8.65	8.25	8.42	165978765	1408818560.00
2021/06/04	8.00	8.17	7.68	8.06	187269078	1495970304.00
2021/06/07	8.04	8.15	7.85	7.91	105966600	844470016.00
2021/06/08	7.85	7.99	7.60	7.65	122482944	948171840.00
2021/06/09	7.67	7.76	7.53	7.67	73118180	560003712.00
2021/06/10	7.61	7.69	7.51	7.58	88369600	670835584.00
2021/06/11	7.58	7.73	7.48	7.63	94804074	720655872.00
2021/06/15	7.57	7.60	7.28	7.31	88822666	654146176.00
2021/06/16	7.20	7.25	6.93	6.99	77029268	545227840.00
2021/06/17	6.93	7.08	6.91	6.98	48419521	339204032.00
2021/06/18	6.85	7.09	6.73	7.05	70398838	487473920.00
2021/06/21	6.95	7.04	6.91	6.97	55542305	386813184.00
2021/06/22	7.00	7.17	7.00	7.10	62650718	444433344.00
2021/06/23	7.11	7.19	7.00	7.13	62742108	445621600.00
2021/06/24	7.13	7.24	7.00	7.02	50373745	356539360.00
2021/06/25	7.12	7.44	7.12	7.35	106729988	776023424.00
2021/06/28	7.26	7.42	7.21	7.28	66554115	485666432.00
2021/06/29	7.29	7.30	7.04	7.07	57656318	410947136.00
2021/06/30	7.08	7.23	7.05	7.13	55180426	394864224.00
2021/07/01	7.17	7.18	6.87	6.91	69359401	485013728.00
2021/07/02	6.91	7.08	6.85	6.98	49774766	348495040.00
2021/07/05	7.10	7.55	7.06	7.49	170449808	1265540608.00
2021/07/06	7.54	7.77	7.42	7.59	144921176	1103067904.00
2021/07/07	7.45	7.95	7.33	7.86	179094559	1397577472.00
2021/07/08	7.78	7.99	7.75	7.85	163742726	1291612160.00
2021/07/09	7.80	8.63	7.80	8.56	319976398	2680282624.00
2021/07/12	8.64	9.03	8.48	8.74	283419876	2482770944.00
2021/07/13	9.00	9.14	8.75	9.06	304725125	2723909632.00
2021/07/14	9.03	9.03	8.61	8.62	192651747	1681449600.00
2021/07/15	8.56	8.95	8.48	8.87	220051551	1925010304.00
2021/07/16	8.80	9.76	8.68	9.40	411400683	3884159232.00
2021/07/19	9.47	9.63	9.25	9.29	265350001	2505841920.00
2021/07/20	9.09	9.21	8.83	8.98	189702234	1708490880.00
2021/07/21	9.08	9.42	9.06	9.23	210827152	1954388864.00
2021/07/22	9.22	9.39	9.06	9.24	166352355	1534716032.00
2021/07/23	9.75	10.16	9.75	10.15	388456199	3913859840.00
2021/07/26	10.50	10.54	9.95	10.04	393632672	4049743872.00
2021/07/27	10.30	10.53	9.20	9.29	350573610	3489505536.00
2021/07/28	9.14	9.45	8.75	8.86	250603125	2275110144.00
2021/07/29	9.18	9.52	9.13	9.38	209153893	1952381312.00
2021/07/30	9.41	9.62	8.98	9.40	225785790	2099456896.00
2021/08/02	9.36	9.68	9.07	9.30	223711892	2093468800.00
2021/08/03	9.25	9.25	8.47	8.55	220582285	1938590080.00
2021/08/04	8.50	9.03	8.46	8.97	158546256	1399882752.00
2021/08/05	8.97	9.11	8.77	8.88	129954234	1160686336.00
2021/08/06	9.01	9.43	9.01	9.35	188151929	1744398208.00
2021/08/09	9.20	9.20	8.81	9.06	141044677	1268580352.00
2021/08/10	8.87	9.02	8.61	8.81	148869387	1314418560.00
2021/08/11	8.82	9.03	8.73	8.92	121239948	1079205504.00
2021/08/12	9.07	9.49	8.96	9.31	208119175	1922511616.00
2021/08/13	9.20	9.60	9.14	9.38	194733442	1831972224.00
2021/08/16	9.27	9.39	8.72	8.76	199171560	1779772928.00
2021/08/17	8.72	9.14	8.67	8.80	143430486	1271356928.00
2021/08/18	8.68	9.29	8.54	8.99	197246124	1780520064.00
2021/08/19	8.86	9.18	8.67	8.99	134676747	1199412864.00
2021/08/20	8.82	9.12	8.68	8.93	133651345	1185042048.00
2021/08/23	8.99	9.48	8.99	9.30	209627964	1952187904.00
2021/08/24	9.42	9.74	9.23	9.53	229915118	2190665984.00
2021/08/25	9.55	10.24	9.40	10.20	312567225	3071465728.00
2021/08/26	10.49	11.05	10.05	10.58	453126877	4783729664.00
2021/08/27	10.50	11.64	10.47	11.64	296198048	3312936960.00
2021/08/30	12.04	12.19	11.35	11.84	415372889	4898888192.00
2021/08/31	11.70	12.65	11.62	12.58	310677112	3828999936.00
2021/09/01	12.60	13.18	11.35	11.57	408286234	4967429632.00
2021/09/02	11.66	12.20	11.57	11.76	276848117	3280326144.00
2021/09/03	11.92	12.23	11.36	11.50	253787571	2974774528.00
2021/09/06	11.85	12.27	11.48	11.93	251848070	3000366336.00
2021/09/07	12.31	13.12	11.88	12.85	358972583	4537833472.00
2021/09/08	12.78	13.39	12.69	12.87	273171120	3569455360.00
2021/09/09	12.82	13.69	12.76	13.48	234813826	3124321536.00
2021/09/10	13.48	14.63	13.40	14.23	309536316	4343020544.00
2021/09/13	14.25	14.65	13.58	14.11	263086099	3722446336.00
2021/09/14	13.65	13.87	12.95	13.39	239116829	3215682048.00
2021/09/15	13.41	14.21	13.37	13.92	180183812	2488948736.00
2021/09/16	13.96	14.05	13.00	13.18	160730621	2159667968.00
2021/09/17	13.02	13.42	12.01	12.77	206866572	2615720448.00
2021/09/22	12.42	12.73	12.25	12.57	91311307	1143659264.00
2021/09/23	12.67	12.97	12.32	12.49	112933305	1424552448.00
2021/09/24	13.00	13.74	12.69	12.87	282859034	3748718336.00
2021/09/27	12.29	12.29	11.58	11.58	127683034	1494331392.00
2021/09/28	11.03	11.97	10.73	11.83	175487901	1993151488.00
2021/09/29	11.61	12.36	11.22	11.80	159329936	1878709632.00
2021/09/30	11.82	12.22	11.59	11.88	105501223	1258454656.00
2021/10/08	12.09	12.20	11.15	11.33	117896141	1358493952.00
2021/10/11	11.35	11.66	10.93	11.42	90909452	1032880960.00
2021/10/12	11.31	11.54	10.28	10.61	172272798	1836088192.00
2021/10/13	10.47	10.66	10.18	10.54	93810187	975472256.00
2021/10/14	10.51	10.94	10.36	10.82	87550416	940568448.00
2021/10/15	10.72	11.08	10.53	10.89	77526149	840773696.00
2021/10/18	11.19	11.19	10.83	11.14	81220803	896628672.00
2021/10/19	11.11	11.60	11.05	11.27	82714379	936843008.00
2021/10/20	10.90	11.45	10.81	11.27	87594670	980161152.00
2021/10/21	11.81	11.98	11.50	11.57	127556719	1488870784.00
2021/10/22	11.25	11.31	10.47	10.60	186061706	2021812224.00
2021/10/25	10.42	10.85	10.22	10.69	107393289	1132323584.00
2021/10/26	10.71	11.07	10.65	10.95	102562093	1115699968.00
2021/10/27	11.02	11.05	10.50	10.65	81032696	869910912.00
2021/10/28	10.66	10.84	10.08	10.14	150264369	1554344704.00
2021/10/29	10.22	10.37	10.04	10.24	103893658	1058627328.00
2021/11/01	10.16	10.32	9.75	9.97	98735415	987515392.00
2021/11/02	10.06	10.15	9.47	9.67	111783513	1095119488.00
2021/11/03	9.70	9.74	9.42	9.66	78504587	749135488.00
2021/11/04	9.57	9.65	9.46	9.55	77638288	739686912.00
2021/11/05	9.46	9.71	9.18	9.20	132916143	1250472320.00
2021/11/08	9.23	9.85	9.23	9.83	144707068	1396885120.00
2021/11/09	10.04	10.07	9.65	10.02	116147328	1147393792.00
2021/11/10	9.84	9.84	9.31	9.57	129132964	1231346304.00
2021/11/11	9.50	9.91	9.46	9.88	103289037	1010069184.00
2021/11/12	9.90	9.93	9.70	9.75	75386721	736919168.00
2021/11/15	9.68	9.80	9.45	9.73	75148681	723949888.00
2021/11/16	9.70	9.70	9.31	9.35	81201545	769170176.00
2021/11/17	9.47	9.86	9.45	9.85	106552169	1035985152.00
2021/11/18	9.88	10.32	9.66	10.05	141136915	1413142272.00
2021/11/19	10.13	10.35	10.02	10.23	124099618	1266000512.00
2021/11/22	10.29	10.62	10.25	10.51	130877873	1374194560.00
2021/11/23	10.51	10.61	10.25	10.33	107002832	1112163200.00
2021/11/24	10.34	11.00	10.27	10.78	160338346	1707318400.00
2021/11/25	10.97	11.32	10.80	10.86	163874933	1809634304.00
2021/11/26	10.74	11.39	10.66	11.27	138044592	1541002368.00
2021/11/29	10.97	11.64	10.90	11.59	174791535	1977941888.00
2021/11/30	11.65	11.70	11.24	11.60	141542335	1616326912.00
2021/12/01	11.43	11.55	11.11	11.28	109294455	1238400256.00
2021/12/02	11.45	11.61	11.19	11.31	89756324	1023163520.00
2021/12/03	11.60	12.17	11.47	11.96	191272880	2253491712.00
2021/12/06	11.83	12.07	11.40	11.43	126417704	1479762304.00
2021/12/07	11.60	11.64	10.70	11.09	122352989	1352737536.00
2021/12/08	11.20	11.66	11.20	11.50	80861990	927619776.00
2021/12/09	11.58	11.88	11.21	11.60	93015256	1076228992.00
2021/12/10	11.45	12.18	11.40	12.08	118614113	1413463424.00
2021/12/13	12.12	12.14	11.68	11.94	87441267	1038760896.00
2021/12/14	11.88	11.92	11.54	11.60	70748621	825334400.00
2021/12/15	11.65	11.79	11.47	11.60	54405473	632180864.00
2021/12/16	11.62	11.66	11.33	11.47	51142798	584794624.00
2021/12/17	11.55	11.89	11.46	11.53	63400924	737785472.00
2021/12/20	11.39	11.39	10.74	10.97	102721144	1129267200.00
2021/12/21	10.90	11.35	10.90	11.20	71766111	801038784.00
2021/12/22	11.23	11.54	11.15	11.42	61380497	698825024.00
2021/12/23	11.49	11.52	11.03	11.13	56607175	634271616.00
2021/12/24	11.10	11.17	10.51	10.56	72192166	775583360.00
2021/12/27	10.47	10.85	10.25	10.54	42276194	447256544.00
2021/12/28	10.54	10.84	10.47	10.82	43135895	462305600.00
2021/12/29	10.75	11.09	10.73	10.78	49507506	541242048.00
2021/12/30	10.82	10.88	10.65	10.67	39163055	419458400.00
2021/12/31	10.70	10.88	10.67	10.73	44699098	481030784.00
2022/01/04	10.82	10.94	10.37	10.44	65908829	695097152.00
2022/01/05	10.45	10.48	10.09	10.19	51950501	532080192.00
2022/01/06	10.15	10.37	10.11	10.26	38016273	389337440.00
2022/01/07	10.20	10.27	9.92	10.00	56043554	563192960.00
2022/01/10	9.96	10.14	9.90	10.11	40890761	411177280.00
2022/01/11	10.15	10.38	10.12	10.32	55881288	576293248.00
2022/01/12	10.60	11.00	10.56	10.96	105823253	1147088384.00
2022/01/13	10.90	11.00	10.66	10.68	55697488	603819584.00
2022/01/14	10.58	10.65	10.38	10.60	52090385	546121856.00
2022/01/17	10.44	10.46	10.19	10.32	47499369	488242752.00
2022/01/18	10.31	10.55	10.22	10.34	36973878	384326144.00
2022/01/19	10.23	10.27	9.95	10.13	43033458	434550016.00
2022/01/20	10.50	10.69	10.30	10.47	96947266	1021354368.00
2022/01/21	10.37	10.61	10.08	10.25	69317068	715049984.00
2022/01/24	10.17	10.70	10.09	10.49	64938307	680593216.00
2022/01/25	10.20	10.24	9.87	9.87	84711046	847638976.00
2022/01/26	9.92	9.98	9.50	9.79	41687457	404276640.00
2022/01/27	9.74	9.87	9.50	9.50	28503321	275304512.00
2022/01/28	9.56	9.60	8.55	8.63	136157033	1185252096.00
2022/02/07	8.86	9.33	8.80	9.18	86194407	787909248.00
2022/02/08	9.24	9.26	8.95	9.26	58875991	537983360.00
2022/02/09	9.23	9.86	9.14	9.73	83023723	793951488.00
2022/02/10	9.78	10.20	9.76	9.88	70513925	702324608.00
2022/02/11	9.78	9.98	9.66	9.72	48921797	480217760.00
2022/02/14	9.72	9.90	9.56	9.67	47546370	461804032.00
2022/02/15	9.72	9.86	9.46	9.83	45599804	441717632.00
2022/02/16	9.81	9.95	9.76	9.84	39509129	388896032.00
2022/02/17	9.79	10.25	9.70	10.10	71646006	723449152.00
2022/02/18	10.05	10.30	9.94	10.26	57850883	589455808.00
2022/02/21	10.34	10.47	10.20	10.36	51840022	534287008.00
2022/02/22	10.25	10.55	10.12	10.48	75488012	785660928.00
2022/02/23	10.71	11.10	10.68	10.99	123169584	1341845760.00
2022/02/24	10.85	11.24	10.51	10.71	130449345	1416639872.00
2022/02/25	10.75	10.98	10.59	10.63	86094227	926918144.00
2022/02/28	10.71	10.99	10.70	10.90	86938534	943206272.00
2022/03/01	10.90	10.91	10.54	10.62	74098703	789681792.00
2022/03/02	10.75	10.82	10.47	10.72	69897619	745084032.00
2022/03/03	10.80	10.98	10.65	10.68	96019386	1038009472.00
2022/03/04	10.68	10.85	10.42	10.47	82451531	877487744.00
2022/03/07	10.72	11.08	10.71	10.80	167492290	1822948352.00
2022/03/08	11.51	11.70	10.64	11.05	389850396	4368258048.00
2022/03/09	9.96	10.30	9.95	9.95	226426642	2266504960.00
2022/03/10	10.02	10.15	9.26	9.76	157010202	1542735744.00
2022/03/11	9.45	9.63	9.01	9.53	126721164	1185210880.00
2022/03/14	9.32	9.43	8.99	8.99	98453368	904172416.00
2022/03/15	8.94	9.12	8.59	8.61	90587412	804890304.00
2022/03/16	8.85	8.98	8.40	8.94	87294776	763774592.00
2022/03/17	9.06	9.45	8.98	9.18	97924983	903169664.00
2022/03/18	9.09	9.22	9.01	9.18	55670937	508126784.00
2022/03/21	9.13	9.28	8.97	9.15	74509749	680615232.00
2022/03/22	9.08	9.17	8.99	9.10	48188588	437960800.00
2022/03/23	9.15	9.19	9.01	9.04	44653070	404824928.00
2022/03/24	9.29	9.37	9.08	9.15	72305524	665311168.00
2022/03/25	9.16	9.59	9.13	9.18	77248204	718954816.00
2022/03/28	8.99	9.00	8.63	8.83	67733825	596412416.00
2022/03/29	8.81	8.93	8.69	8.77	42018606	369763936.00
2022/03/30	8.82	8.96	8.72	8.90	42921180	380698272.00
2022/03/31	8.87	8.87	8.50	8.56	71824236	620075136.00
2022/04/01	8.44	8.61	8.41	8.52	45156329	384736128.00
2022/04/06	8.53	8.61	8.41	8.57	37891579	322448640.00
2022/04/07	8.48	8.54	8.34	8.35	39527771	332744064.00
2022/04/08	8.35	8.39	8.03	8.26	50168336	411732544.00
2022/04/11	8.18	8.21	7.60	7.68	78776133	616282880.00
2022/04/12	7.65	7.94	7.61	7.93	50247817	392100224.00
2022/04/13	7.86	8.41	7.83	8.19	74149236	605586240.00
2022/04/14	8.17	8.36	8.12	8.34	45825551	378400928.00
2022/04/15	8.28	8.41	8.04	8.10	43107598	353697664.00
2022/04/18	8.10	8.19	7.86	8.12	27397885	220423312.00
2022/04/19	8.28	8.38	8.22	8.26	41016842	339458528.00
2022/04/20	8.24	8.24	7.90	7.93	41949431	337036288.00
2022/04/21	7.94	7.95	7.51	7.56	39269599	303122720.00
2022/04/22	7.50	7.68	7.45	7.62	31589837	239542048.00
2022/04/25	7.40	7.40	6.86	6.86	53370876	378631168.00
2022/04/26	6.74	6.76	6.26	6.36	67064417	437432896.00
2022/04/27	6.21	6.98	6.10	6.88	75167579	493701184.00
2022/04/28	6.61	6.90	6.56	6.66	73650713	492657056.00
2022/04/29	6.73	7.04	6.66	6.98	58442782	401440416.00
2022/05/05	6.98	7.33	6.93	7.24	60152464	432832224.00
2022/05/06	7.01	7.24	6.98	7.02	41628043	294778528.00
2022/05/09	6.99	7.18	6.98	7.07	27603422	195712096.00
2022/05/10	6.90	7.14	6.82	7.07	39992507	279654432.00
2022/05/11	7.07	7.42	7.04	7.18	61755362	446629792.00
2022/05/12	7.15	7.21	6.96	7.06	44038982	311968320.00
2022/05/13	7.08	7.18	6.97	7.10	47315427	334823296.00
2022/05/16	7.15	7.32	7.12	7.19	40332738	291230784.00
2022/05/17	7.22	7.54	7.22	7.49	76412492	568948288.00
2022/05/18	7.48	7.48	7.30	7.33	45935187	338397792.00
2022/05/19	7.14	7.51	7.08	7.41	65330137	477264640.00
2022/05/20	7.49	7.72	7.43	7.70	91316414	696077696.00
2022/05/23	7.63	7.84	7.58	7.81	69625664	537856576.00
2022/05/24	7.75	7.81	7.41	7.41	58701397	448425696.00
2022/05/25	7.44	7.57	7.35	7.50	31883144	238029568.00
2022/05/26	7.53	7.55	7.31	7.49	31773695	236558560.00
2022/05/27	7.55	7.61	7.31	7.40	35186620	262417328.00
2022/05/30	7.47	7.51	7.37	7.45	30286731	225443952.00
2022/05/31	7.44	7.49	7.32	7.49	34732969	257426592.00
2022/06/01	7.45	7.46	7.31	7.37	39694929	293161280.00
2022/06/02	7.36	7.62	7.32	7.56	58004997	436444832.00
2022/06/06	7.56	8.00	7.56	7.93	90053917	705325632.00
2022/06/07	7.94	7.98	7.72	7.80	61910354	484387680.00
2022/06/08	7.84	8.10	7.71	7.91	82675450	653334912.00
2022/06/09	7.82	7.95	7.66	7.72	54281144	422385088.00
2022/06/10	7.65	7.97	7.62	7.93	61190661	481697984.00
2022/06/13	7.87	8.17	7.84	8.13	103590804	834225664.00
2022/06/14	7.98	8.05	7.80	8.04	62416351	494872224.00
2022/06/15	8.00	8.10	7.91	7.96	66827969	535295264.00
2022/06/16	8.00	8.14	7.95	8.02	64856860	522547040.00
2022/06/17	7.93	8.35	7.90	8.33	106038550	875341056.00
2022/06/20	8.34	8.43	8.08	8.15	97513034	799924096.00
2022/06/21	8.07	8.08	7.78	7.87	78106123	616632576.00
2022/06/22	7.85	7.99	7.81	7.84	49737397	392370144.00
2022/06/23	7.80	7.99	7.68	7.96	69126776	542991360.00
2022/06/24	7.95	7.96	7.87	7.89	48545064	383789248.00
2022/06/27	7.85	8.25	7.76	8.12	85886562	692167232.00
2022/06/28	8.14	8.15	7.98	8.08	65002913	523182912.00
2022/06/29	8.03	8.05	7.71	7.72	92968822	729247168.00
2022/06/30	7.73	7.83	7.72	7.76	40034304	311477888.00
2022/07/01	7.68	7.88	7.63	7.75	59677834	461932064.00
2022/07/04	7.65	7.98	7.62	7.86	74165572	578931520.00
2022/07/05	7.90	8.32	7.87	8.10	146296867	1193192192.00
2022/07/06	8.01	8.05	7.51	7.63	134933162	1038858112.00
2022/07/07	7.56	8.12	7.36	7.93	129455352	1014627264.00
2022/07/08	8.03	8.05	7.66	7.68	75353455	586958016.00
2022/07/11	7.62	7.65	7.27	7.35	69919535	513619168.00
2022/07/12	7.31	7.46	7.30	7.31	35723964	262746272.00
2022/07/13	7.29	7.45	7.17	7.40	34932353	256623600.00
2022/07/14	7.35	7.74	7.31	7.63	70791728	538703296.00
2022/07/15	7.56	7.65	7.34	7.35	51675405	386651904.00
2022/07/18	7.38	7.56	7.38	7.54	35684646	265917376.00
2022/07/19	7.55	7.75	7.49	7.62	41463937	316663008.00
2022/07/20	7.67	7.79	7.58	7.73	42820916	330278848.00
2022/07/21	7.75	8.15	7.67	8.00	115194256	917466240.00
2022/07/22	7.97	8.07	7.78	7.87	61105972	482527424.00
2022/07/25	7.82	8.20	7.82	7.96	77021194	619572672.00
2022/07/26	8.00	8.12	7.91	8.04	57433016	460217248.00
2022/07/27	8.04	8.05	7.82	7.87	57519826	453253952.00
2022/07/28	7.90	8.08	7.90	7.95	63427983	505919296.00
2022/07/29	7.98	8.11	7.82	7.87	49522615	392901120.00
2022/08/01	7.94	8.06	7.77	7.99	61692545	490280096.00
2022/08/02	7.85	7.86	7.46	7.67	83949345	641557504.00
2022/08/03	7.65	7.80	7.40	7.46	52662594	400487264.00
2022/08/04	7.52	7.70	7.40	7.54	34737937	260902560.00
2022/08/05	7.65	7.92	7.61	7.85	79385538	619386112.00
2022/08/08	7.78	7.92	7.72	7.91	41312697	324099712.00
2022/08/09	8.00	8.18	8.00	8.04	92003529	743270976.00
2022/08/10	8.10	8.41	8.07	8.20	99398765	821499200.00
2022/08/11	8.26	8.28	8.10	8.21	59819545	488595456.00
2022/08/12	8.20	8.38	8.12	8.15	49351947	406141056.00
2022/08/15	8.08	8.22	8.00	8.10	59559047	482245984.00
2022/08/16	8.14	8.15	7.96	8.05	45656253	366011552.00
2022/08/17	8.04	8.07	7.89	7.98	43874361	349157728.00
2022/08/18	7.92	7.97	7.83	7.85	43720524	344202240.00
2022/08/19	7.85	7.88	7.68	7.70	47609129	368893760.00
2022/08/22	7.75	7.96	7.60	7.92	71447244	559233024.00
2022/08/23	7.89	7.93	7.76	7.83	45341496	354429408.00
2022/08/24	7.83	7.97	7.52	7.53	68414972	526649312.00
2022/08/25	7.56	7.62	7.44	7.62	40091881	302113600.00
2022/08/26	7.64	7.78	7.63	7.65	38150467	293886720.00
2022/08/29	7.55	7.55	7.38	7.51	50428119	375149408.00
2022/08/30	7.47	7.49	7.39	7.45	24047141	178682176.00
2022/08/31	7.42	7.43	7.17	7.17	54206360	393532480.00
2022/09/01	7.16	7.25	7.11	7.15	25081526	179684688.00
2022/09/02	7.12	7.16	7.06	7.09	27486810	195125136.00
2022/09/05	7.06	7.12	7.04	7.09	25971105	183571904.00
2022/09/06	7.14	7.26	7.10	7.26	33115292	238747136.00
2022/09/07	7.21	7.31	7.17	7.26	31255098	227033008.00
2022/09/08	7.26	7.28	7.18	7.20	24822895	179094928.00
2022/09/09	7.22	7.35	7.21	7.35	39456414	288526240.00
2022/09/13	7.50	7.54	7.36	7.37	36061794	268038128.00
2022/09/14	7.23	7.32	7.20	7.23	28561396	206863520.00
2022/09/15	7.26	7.30	7.00	7.08	39632108	282426912.00
2022/09/16	7.05	7.07	6.85	6.90	30742115	212599744.00
2022/09/19	6.92	6.96	6.84	6.87	15234232	104885920.00
2022/09/20	6.90	7.03	6.90	6.96	20195915	140946560.00
2022/09/21	6.91	7.05	6.85	7.03	17878168	124317256.00
2022/09/22	6.95	7.07	6.92	6.99	17217217	120934088.00
2022/09/23	7.15	7.19	6.95	7.01	28161994	198905136.00
2022/09/26	6.88	6.93	6.70	6.74	29160006	198599424.00
2022/09/27	6.74	6.78	6.60	6.76	21393970	142974560.00
2022/09/28	6.71	6.72	6.50	6.51	24571167	161631616.00
2022/09/29	6.58	6.66	6.46	6.51	15380087	100870672.00
2022/09/30	6.47	6.56	6.47	6.49	11774991	76574192.00
2022/10/10	6.45	6.48	6.24	6.30	19304552	122664224.00
2022/10/11	6.34	6.39	6.27	6.37	13134665	83346816.00
2022/10/12	6.35	6.47	6.25	6.47	26061055	165861744.00
2022/10/13	6.44	6.48	6.37	6.41	19823518	127243056.00
2022/10/14	6.45	6.55	6.44	6.50	29459436	191315200.00
2022/10/17	6.46	6.53	6.43	6.52	22270073	144280416.00
2022/10/18	6.54	6.57	6.46	6.48	24054780	156094208.00
2022/10/19	6.48	6.53	6.38	6.38	21385010	137853840.00
2022/10/20	6.34	6.41	6.22	6.37	25650833	162030720.00
2022/10/21	6.37	6.39	6.26	6.31	18158035	114850160.00
2022/10/24	6.36	6.45	6.16	6.20	30606520	192897424.00
2022/10/25	6.15	6.23	6.06	6.17	23731423	145494368.00
2022/10/26	6.14	6.25	6.10	6.13	33293885	205589184.00
2022/10/27	6.16	6.24	6.08	6.10	49785627	306690976.00
2022/10/28	6.06	6.06	5.62	5.70	66415456	384711328.00
2022/10/31	5.62	5.66	5.43	5.54	44732356	248000256.00
2022/11/01	5.57	5.76	5.55	5.74	40990288	233067456.00
2022/11/02	5.75	5.85	5.72	5.80	35754067	206991456.00
2022/11/03	5.75	5.84	5.74	5.79	21847657	126622488.00
2022/11/04	5.80	6.06	5.80	6.03	47926798	286323520.00
2022/11/07	6.10	6.32	6.10	6.23	65349419	406728576.00
2022/11/08	6.18	6.26	6.13	6.19	33279930	205858192.00
2022/11/09	6.25	6.29	6.14	6.16	28080995	173972528.00
2022/11/10	6.10	6.12	6.05	6.10	27028814	164352592.00
2022/11/11	6.28	6.34	6.21	6.22	51842748	324111040.00
2022/11/14	6.27	6.30	6.10	6.14	35730242	220846944.00
2022/11/15	6.17	6.26	6.10	6.25	34097274	211549632.00
2022/11/16	6.21	6.26	6.18	6.21	30205442	187556032.00
2022/11/17	6.15	6.17	6.08	6.14	29623625	180975056.00
2022/11/18	6.12	6.14	6.06	6.07	22467693	137088336.00
2022/11/21	6.07	6.07	5.95	6.07	19493666	117307392.00
2022/11/22	6.08	6.10	5.95	5.97	25242199	151993376.00
2022/11/23	5.99	6.03	5.93	5.99	17487400	104643832.00
2022/11/24	5.98	6.04	5.95	5.96	20552300	123106856.00
2022/11/25	5.97	5.98	5.88	5.90	24108813	142598224.00
2022/11/28	5.84	5.93	5.73	5.92	23052373	134754384.00
2022/11/29	5.90	6.08	5.88	6.07	34752985	208981632.00
2022/11/30	6.06	6.14	6.03	6.09	29228480	178108160.00
2022/12/01	6.16	6.26	6.13	6.16	40214606	248917408.00
2022/12/02	6.17	6.17	6.10	6.12	18019338	110414752.00
2022/12/05	6.15	6.29	6.13	6.27	43720805	272163264.00
2022/12/06	6.23	6.26	6.19	6.24	22423740	139384880.00
2022/12/07	6.24	6.29	6.20	6.21	24110548	150660736.00
2022/12/08	6.29	6.46	6.26	6.28	55788607	353477440.00
2022/12/09	6.26	6.38	6.23	6.37	42093292	265338768.00
2022/12/12	6.35	6.35	6.16	6.17	33376289	207216112.00
2022/12/13	6.16	6.28	6.15	6.22	20928685	130156896.00
2022/12/14	6.22	6.29	6.17	6.22	19027477	118611240.00
2022/12/15	6.28	6.32	6.19	6.26	25158766	157322272.00
2022/12/16	6.19	6.22	6.10	6.15	23570990	144971776.00
2022/12/19	6.13	6.23	5.97	6.06	24986968	152163712.00
2022/12/20	6.00	6.02	5.94	5.97	15352741	91707392.00
2022/12/21	6.03	6.05	5.91	5.97	13983398	83489768.00
2022/12/22	6.00	6.04	5.87	5.89	15853954	94379040.00
2022/12/23	5.82	5.89	5.77	5.87	12476546	72852712.00
2022/12/26	5.85	5.92	5.85	5.90	10797978	63668232.00
2022/12/27	5.91	6.00	5.91	5.99	15939672	95110792.00
2022/12/28	5.96	6.05	5.91	5.99	15906422	95255040.00
2022/12/29	5.98	6.00	5.88	5.90	14725000	87179560.00
2022/12/30	5.91	5.94	5.85	5.89	11264976	66367056.00
2023/01/03	5.89	5.99	5.84	5.96	20320314	120262920.00
2023/01/04	5.95	5.97	5.90	5.94	14525649	86221424.00
2023/01/05	5.93	6.02	5.92	6.00	22106977	132201864.00
2023/01/06	5.99	6.02	5.93	5.96	21272537	127090744.00
2023/01/09	5.96	6.08	5.96	6.05	30147878	182081296.00
2023/01/10	6.06	6.07	5.96	5.99	18995404	113939296.00
2023/01/11	5.98	6.00	5.91	5.91	21156968	125972032.00
2023/01/12	5.92	5.98	5.89	5.91	16340214	96856744.00
2023/01/13	5.92	5.95	5.90	5.94	13302709	78770096.00
2023/01/16	5.94	6.06	5.93	6.05	30253125	182170832.00
2023/01/17	6.06	6.06	6.02	6.05	11643340	70262856.00
2023/01/18	6.05	6.20	6.05	6.14	32667522	200779008.00
2023/01/19	6.12	6.27	6.11	6.26	33662105	209449040.00
2023/01/20	6.28	6.41	6.25	6.38	42915235	272954848.00
2023/01/30	6.45	6.49	6.34	6.35	45986102	294758560.00
2023/01/31	6.16	6.34	6.12	6.30	41637293	260664976.00
2023/02/01	6.32	6.73	6.31	6.61	97788214	641632128.00
2023/02/02	6.55	6.58	6.48	6.53	45893773	299699424.00
2023/02/03	6.49	6.54	6.37	6.45	40535028	260953488.00
2023/02/06	6.39	6.46	6.32	6.41	24236004	155071168.00
2023/02/07	6.41	6.49	6.36	6.49	33892997	217741968.00
2023/02/08	6.48	6.54	6.42	6.44	33028142	213661984.00
2023/02/09	6.40	6.45	6.31	6.45	35625458	228421024.00
2023/02/10	6.46	6.47	6.35	6.38	25197270	161126992.00
2023/02/13	6.35	6.42	6.32	6.37	21481261	137032176.00
2023/02/14	6.39	6.48	6.37	6.41	32362288	207968448.00
2023/02/15	6.40	6.45	6.34	6.37	30918322	197210784.00
2023/02/16	6.37	6.37	6.17	6.23	54190360	340262880.00
2023/02/17	6.21	6.28	6.19	6.20	37258459	232205648.00
2023/02/20	6.20	6.25	6.17	6.25	36770056	228743344.00
2023/02/21	6.31	6.59	6.30	6.50	106457723	690916288.00
2023/02/22	6.46	6.51	6.41	6.43	49752258	321155328.00
2023/02/23	6.45	6.48	6.32	6.37	37020418	236196704.00
2023/02/24	6.37	6.39	6.26	6.30	27626195	174082176.00
2023/02/27	6.30	6.31	6.16	6.20	46303109	287847072.00
2023/02/28	6.22	6.24	6.16	6.24	29770719	184384576.00
2023/03/01	6.23	6.29	6.21	6.28	27691175	173234256.00
2023/03/02	6.35	6.36	6.28	6.30	39991908	252666896.00
2023/03/03	6.30	6.32	6.22	6.27	23586645	147663952.00
2023/03/06	6.30	6.31	6.20	6.23	23438619	146091520.00
2023/03/07	6.23	6.27	6.11	6.12	38925391	240741024.00
2023/03/08	6.09	6.14	6.06	6.13	28386740	173036448.00
2023/03/09	6.13	6.15	6.08	6.09	19532089	119175704.00
2023/03/10	6.07	6.07	6.01	6.01	23193405	139862320.00
2023/03/13	6.00	6.05	5.96	6.01	23415226	140354304.00
2023/03/14	5.99	6.07	5.95	5.98	34525070	207440832.00
2023/03/15	5.97	6.02	5.97	6.00	21775164	130513904.00
2023/03/16	5.96	5.97	5.84	5.85	36898744	217480272.00
2023/03/17	5.87	5.92	5.85	5.86	29169795	171541792.00
2023/03/20	5.89	5.90	5.84	5.89	24758484	145351696.00
2023/03/21	5.88	5.94	5.87	5.93	25735224	152056960.00
2023/03/22	5.97	5.97	5.91	5.95	19197161	114019504.00
2023/03/23	5.93	5.95	5.90	5.94	17814427	105584944.00
2023/03/24	5.95	6.02	5.94	5.99	26936279	161279600.00
2023/03/27	5.88	5.90	5.79	5.83	42878948	250346256.00
2023/03/28	5.83	5.83	5.70	5.72	30133468	173106464.00
2023/03/29	5.72	5.76	5.69	5.72	17564636	100457696.00
2023/03/30	5.73	5.74	5.61	5.68	25810720	146026176.00
2023/03/31	5.66	5.75	5.66	5.72	17650422	100975968.00
2023/04/03	5.72	5.80	5.70	5.77	27665546	159210880.00
2023/04/04	5.78	5.79	5.68	5.70	25602944	146234512.00
2023/04/06	5.70	5.74	5.65	5.70	24501726	139369008.00
2023/04/07	5.69	5.72	5.66	5.68	23131673	131444608.00
2023/04/10	5.68	5.68	5.63	5.65	19447554	109840984.00
2023/04/11	5.63	5.77	5.59	5.76	41466162	235581552.00
2023/04/12	5.77	5.95	5.76	5.84	54361301	318383680.00
2023/04/13	5.82	5.91	5.79	5.81	29032650	169550880.00
2023/04/14	5.83	5.95	5.82	5.91	46241614	273060576.00
2023/04/17	5.94	5.95	5.85	5.91	35789625	211136384.00
2023/04/18	5.92	5.99	5.86	5.89	33477776	198223344.00
2023/04/19	5.96	6.05	5.85	5.87	43965810	260647040.00
2023/04/20	5.77	5.77	5.64	5.69	47005346	267787088.00
2023/04/21	5.65	5.74	5.55	5.56	34489001	194011936.00
2023/04/24	5.52	5.56	5.45	5.47	29648381	163364320.00
2023/04/25	5.48	5.52	5.10	5.21	57953251	304181824.00
2023/04/26	5.18	5.27	5.10	5.21	36944154	192132304.00
2023/04/27	5.17	5.23	5.14	5.21	22764411	118030392.00
2023/04/28	5.22	5.28	5.20	5.24	25837815	135114672.00
2023/05/04	5.24	5.41	5.22	5.37	58903547	314274272.00
2023/05/05	5.39	5.43	5.28	5.31	33582873	179392224.00
2023/05/08	5.47	5.84	5.42	5.79	188784962	1081400064.00
2023/05/09	5.90	5.90	5.39	5.45	176298548	977986368.00
2023/05/10	5.38	5.39	5.28	5.34	60014876	320258976.00
2023/05/11	5.32	5.37	5.28	5.33	26764012	142440560.00
2023/05/12	5.32	5.33	5.20	5.21	32600169	170918736.00
2023/05/15	5.20	5.32	5.19	5.31	30629535	161802880.00
2023/05/16	5.28	5.29	5.22	5.25	22937129	120331056.00
2023/05/17	5.23	5.26	5.21	5.23	18621677	97355584.00
2023/05/18	5.25	5.25	5.19	5.22	18805652	98296232.00
2023/05/19	5.22	5.22	5.15	5.19	17453255	90322872.00
2023/05/22	5.19	5.20	5.16	5.19	15436719	79899584.00
2023/05/23	5.18	5.20	5.13	5.13	16977417	87493416.00
2023/05/24	5.12	5.17	5.10	5.12	16676494	85555272.00
2023/05/25	5.10	5.11	4.75	4.82	87915380	428760512.00
2023/05/26	4.80	4.84	4.73	4.81	25432415	121500480.00
2023/05/29	4.82	4.86	4.79	4.81	18590960	89587136.00
2023/05/30	4.81	4.83	4.72	4.82	22348690	106762032.00
2023/05/31	4.80	4.86	4.77	4.77	35117004	168166080.00
2023/06/01	4.74	4.81	4.73	4.77	19367162	92632208.00
2023/06/02	4.77	4.88	4.77	4.86	35446815	171991824.00
2023/06/05	4.86	4.86	4.80	4.83	20314355	98009312.00
2023/06/06	4.83	4.84	4.73	4.74	22330990	106745536.00
2023/06/07	4.74	4.75	4.59	4.62	37220050	173156608.00
2023/06/08	4.60	4.67	4.59	4.66	19937614	92707768.00
2023/06/09	4.80	4.82	4.70	4.74	27097380	128374512.00
2023/06/12	4.72	4.76	4.68	4.72	18058541	85237376.00
2023/06/13	4.72	4.77	4.70	4.75	14705950	69779056.00
2023/06/14	4.77	4.84	4.76	4.80	24033164	115600416.00
2023/06/15	4.79	4.84	4.75	4.82	25146297	120651568.00
2023/06/16	4.82	4.84	4.79	4.81	16945800	81497616.00
2023/06/19	4.80	4.80	4.73	4.73	19062902	90527752.00
2023/06/20	4.72	4.75	4.68	4.71	19217629	90525104.00
2023/06/21	4.69	4.75	4.67	4.68	17463800	81997496.00
2023/06/26	4.68	4.77	4.66	4.71	26345096	124057648.00
2023/06/27	4.70	4.82	4.70	4.80	24451225	116775712.00
2023/06/28	4.80	4.82	4.74	4.81	19304978	92162520.00
2023/06/29	4.81	4.88	4.80	4.81	21120600	102190904.00
2023/06/30	4.79	4.88	4.79	4.86	23279241	113048768.00
2023/07/03	4.87	4.95	4.87	4.93	25915452	127862192.00
2023/07/04	5.17	5.25	4.99	4.99	67305897	341487328.00
2023/07/05	4.99	5.18	4.96	5.15	69258198	353580768.00
2023/07/06	5.16	5.16	5.03	5.04	43622397	221106208.00
2023/07/07	5.02	5.06	4.94	5.02	30661916	152984224.00
2023/07/10	5.02	5.09	5.00	5.01	23449204	118219952.00
2023/07/11	5.00	5.03	4.95	5.02	17324100	86365352.00
2023/07/12	5.00	5.02	4.96	4.98	17588100	87817408.00
2023/07/13	5.01	5.08	5.01	5.05	25609218	129149568.00
2023/07/14	5.05	5.08	5.01	5.02	21154057	106629424.00
2023/07/17	4.98	4.99	4.93	4.96	17994800	89158344.00
2023/07/18	4.94	5.01	4.91	5.00	20490410	101560408.00
2023/07/19	5.01	5.02	4.97	5.01	17651386	88175496.00
2023/07/20	5.00	5.10	4.99	5.03	35577426	179781264.00
2023/07/21	5.00	5.04	4.98	5.03	18904605	94759560.00
2023/07/24	5.01	5.02	4.94	4.95	17173104	85336488.00
2023/07/25	4.98	5.06	4.98	5.05	27143237	136859952.00
2023/07/26	5.06	5.08	5.02	5.08	20207110	102243856.00
2023/07/27	5.08	5.10	5.04	5.05	21450307	108930448.00
2023/07/28	5.04	5.21	5.02	5.19	60485987	311905952.00
2023/07/31	5.22	5.28	5.18	5.19	42859279	224141232.00
2023/08/01	5.23	5.28	5.18	5.28	34307244	180204928.00
2023/08/02	5.30	5.33	5.20	5.22	30571812	160172944.00
2023/08/03	5.19	5.22	5.16	5.21	25266020	131239600.00
2023/08/04	5.23	5.26	5.18	5.22	26313125	137572016.00
2023/08/07	5.21	5.24	5.12	5.15	37793019	194935568.00
2023/08/08	5.15	5.18	5.10	5.16	20682440	106119792.00
2023/08/09	5.13	5.16	5.10	5.14	11706900	60081080.00
2023/08/10	5.11	5.16	5.11	5.16	11739351	60377532.00
2023/08/11	5.16	5.17	4.98	5.00	36047400	182034512.00
2023/08/14	4.95	4.98	4.84	4.93	32496944	159207584.00
2023/08/15	4.92	4.94	4.82	4.88	25272500	123094520.00
2023/08/16	4.83	4.91	4.82	4.85	15335072	74646768.00
2023/08/17	4.83	4.89	4.74	4.87	25061350	121124256.00
2023/08/18	4.86	4.88	4.74	4.76	28599228	137411536.00
2023/08/21	4.76	4.80	4.69	4.70	20071312	95225176.00
2023/08/22	4.70	4.74	4.60	4.66	30491200	142124464.00
2023/08/23	4.66	4.67	4.54	4.54	26706493	122836232.00
2023/08/24	4.56	4.66	4.55	4.60	23592466	108649552.00
2023/08/25	4.60	4.61	4.51	4.53	22814484	103983880.00
2023/08/28	4.74	4.79	4.60	4.62	44128833	207415936.00
2023/08/29	4.61	4.68	4.59	4.66	30009244	139390176.00
2023/08/30	4.66	4.72	4.65	4.67	25033613	117304024.00
2023/08/31	4.66	4.69	4.58	4.60	21182000	97877048.00
2023/09/01	4.61	4.72	4.60	4.71	31174936	145980848.00
2023/09/04	4.73	4.91	4.71	4.91	49239910	238459360.00
2023/09/05	4.88	4.90	4.84	4.89	26022111	126780712.00
2023/09/06	4.88	4.88	4.82	4.84	16611457	80404480.00
2023/09/07	4.85	4.86	4.77	4.77	20994300	100820928.00
2023/09/08	4.77	4.80	4.75	4.76	12186829	58131888.00
2023/09/11	4.77	4.85	4.72	4.83	18681963	89925072.00
2023/09/12	4.84	4.90	4.82	4.84	16621088	80727000.00
2023/09/13	4.82	4.88	4.81	4.84	19893015	96364656.00
2023/09/14	4.83	4.88	4.81	4.86	22228574	107954384.00
2023/09/15	4.88	4.91	4.85	4.86	22526915	109978896.00
2023/09/18	4.85	4.88	4.81	4.86	18701900	90687744.00
2023/09/19	4.84	4.85	4.78	4.80	15560200	74814840.00
2023/09/20	4.80	4.81	4.75	4.75	16178904	77183584.00
2023/09/21	4.76	4.79	4.70	4.71	15140953	71631496.00
2023/09/22	4.70	4.78	4.70	4.77	17819157	84316376.00
2023/09/25	4.77	4.77	4.67	4.68	16390600	77182648.00
2023/09/26	4.68	4.69	4.63	4.64	11615734	54094040.00
2023/09/27	4.62	4.70	4.61	4.67	13257591	61799000.00
2023/09/28	4.67	4.70	4.66	4.68	13133378	61454504.00
2023/10/09	4.65	4.66	4.60	4.63	18466200	85292288.00
2023/10/10	4.63	4.70	4.61	4.62	16260043	75477688.00
2023/10/11	4.63	4.64	4.57	4.58	19530138	89989920.00
2023/10/12	4.60	4.72	4.59	4.72	34200850	159698112.00
2023/10/13	4.68	4.69	4.63	4.64	20323467	94519880.00
2023/10/16	4.65	4.66	4.57	4.60	19674300	90518336.00
2023/10/17	4.60	4.61	4.54	4.56	20712000	94499656.00
2023/10/18	4.54	4.55	4.44	4.44	24902799	111482680.00
2023/10/19	4.45	4.50	4.42	4.43	17346149	77258208.00
2023/10/20	4.41	4.51	4.40	4.45	17553775	78261760.00
2023/10/23	4.45	4.45	4.22	4.25	26359564	113688952.00
2023/10/24	4.24	4.36	4.24	4.33	23422700	100947320.00
2023/10/25	4.35	4.43	4.34	4.39	21122438	92997464.00
2023/10/26	4.38	4.42	4.31	4.41	19995358	87124312.00
2023/10/27	4.39	4.51	4.37	4.50	21434000	95875712.00
2023/10/30	4.48	4.60	4.47	4.58	26751462	122084048.00
2023/10/31	4.59	4.60	4.52	4.55	15519206	70545232.00
2023/11/01	4.55	4.57	4.50	4.56	15806696	71808960.00
2023/11/02	4.57	4.61	4.50	4.50	17754289	80569448.00
2023/11/03	4.51	4.56	4.50	4.53	14212837	64470888.00
2023/11/06	4.53	4.61	4.53	4.60	24271291	111047432.00
2023/11/07	4.58	4.61	4.55	4.59	17540734	80272592.00
2023/11/08	4.57	4.60	4.53	4.55	18274500	83405144.00
2023/11/09	4.54	4.56	4.51	4.52	17761658	80522952.00
2023/11/10	4.51	4.53	4.47	4.52	15639800	70510176.00
2023/11/13	4.53	4.58	4.51	4.58	18458454	83903136.00
2023/11/14	4.59	4.59	4.53	4.55	14529000	66235908.00
2023/11/15	4.59	4.63	4.58	4.61	24373645	112335616.00
2023/11/16	4.59	4.61	4.53	4.53	21351595	97107848.00
2023/11/17	4.52	4.56	4.51	4.54	18699574	84823488.00
2023/11/20	4.56	4.59	4.52	4.58	22385797	102101640.00
2023/11/21	4.60	4.61	4.56	4.58	20944500	96123032.00
2023/11/22	4.57	4.57	4.46	4.46	26771695	120791408.00
2023/11/23	4.46	4.50	4.42	4.49	20592276	91986776.00
2023/11/24	4.49	4.49	4.44	4.45	16983900	75751600.00
2023/11/27	4.44	4.47	4.41	4.44	17361900	76977424.00
2023/11/28	4.43	4.48	4.41	4.48	15599764	69471456.00
2023/11/29	4.47	4.49	4.45	4.45	14739263	65942164.00
2023/11/30	4.45	4.46	4.39	4.41	16533978	73023944.00
2023/12/01	4.40	4.46	4.37	4.43	21049800	92721512.00
2023/12/04	4.45	4.51	4.44	4.47	23716517	106139816.00
2023/12/05	4.46	4.47	4.39	4.39	22868200	101293392.00
2023/12/06	4.37	4.52	4.35	4.46	33639562	150435008.00
2023/12/07	4.49	4.49	4.36	4.42	34856286	153413952.00
2023/12/08	4.45	4.45	4.35	4.35	22873305	100253464.00
2023/12/11	4.33	4.38	4.26	4.37	26929550	116150312.00
2023/12/12	4.35	4.36	4.31	4.35	16605360	71997680.00
2023/12/13	4.34	4.34	4.25	4.25	23847743	102267648.00
2023/12/14	4.28	4.30	4.22	4.23	20667473	88054568.00
2023/12/15	4.23	4.29	4.21	4.23	25953755	110378800.00
2023/12/18	4.21	4.24	4.10	4.13	36203840	150147584.00
2023/12/19	4.12	4.15	4.06	4.10	21302002	87423440.00
2023/12/20	4.10	4.12	4.05	4.05	14999024	61259956.00
2023/12/21	4.04	4.11	4.01	4.10	24782903	100762984.00
2023/12/22	4.10	4.19	4.04	4.16	32057541	132491032.00
2023/12/25	4.14	4.17	4.11	4.14	18807700	77852400.00
2023/12/26	4.15	4.19	4.13	4.14	20385297	84721984.00
2023/12/27	4.16	4.16	4.10	4.15	14063864	58186528.00
2023/12/28	4.15	4.33	4.15	4.31	41832151	178223696.00
2023/12/29	4.30	4.37	4.29	4.34	28915630	125569136.00
2024/01/02	4.34	4.36	4.32	4.33	24649905	106960368.00
2024/01/03	4.31	4.35	4.28	4.33	24568900	105969912.00
2024/01/04	4.31	4.31	4.24	4.27	17804897	76030904.00
2024/01/05	4.28	4.32	4.19	4.21	20858200	88843936.00
2024/01/08	4.20	4.24	4.11	4.11	21056207	87766680.00
2024/01/09	4.12	4.18	4.09	4.13	19159200	79088792.00
2024/01/10	4.12	4.19	4.07	4.13	17145325	70907512.00
2024/01/11	4.12	4.26	4.10	4.22	26605900	111182928.00
2024/01/12	4.21	4.26	4.18	4.19	17966174	75820608.00
2024/01/15	4.17	4.20	4.11	4.12	24206350	100387928.00
2024/01/16	4.12	4.15	4.04	4.09	23466700	95758552.00
2024/01/17	4.09	4.09	3.97	3.97	26821100	108029376.00
2024/01/18	3.95	3.96	3.76	3.89	44940179	172897408.00
2024/01/19	3.89	3.95	3.85	3.87	27949200	108636384.00
2024/01/22	3.83	3.86	3.62	3.65	34667336	129522912.00
2024/01/23	3.65	3.74	3.57	3.71	29391682	107841968.00
2024/01/24	3.71	3.80	3.64	3.79	26659903	99515688.00
2024/01/25	3.79	3.97	3.78	3.97	34142774	133025720.00
2024/01/26	3.96	4.01	3.94	3.98	24982712	99479992.00
2024/01/29	3.98	4.00	3.86	3.88	30311265	118777368.00
2024/01/30	3.88	3.95	3.80	3.82	31915000	124041256.00
2024/01/31	3.80	3.83	3.66	3.67	32927966	122526248.00
2024/02/01	3.62	3.74	3.58	3.63	28966800	105821824.00
2024/02/02	3.63	3.70	3.34	3.45	45203000	159352048.00
2024/02/05	3.50	3.52	3.14	3.15	61399261	201003376.00
2024/02/06	3.14	3.46	3.08	3.44	61728463	202877040.00
2024/02/07	3.44	3.69	3.44	3.65	76398310	276762688.00
2024/02/08	3.68	3.89	3.67	3.76	75023532	286569280.00
2024/02/19	3.81	3.83	3.68	3.72	48545771	181819680.00
2024/02/20	3.72	3.72	3.62	3.70	35932074	131703264.00
2024/02/21	3.68	3.86	3.64	3.75	48547382	183056384.00
2024/02/22	3.74	3.79	3.71	3.78	34460443	129521368.00
2024/02/23	3.83	3.85	3.77	3.84	41123438	156531232.00
2024/02/26	3.83	3.89	3.80	3.83	42570689	163717648.00
2024/02/27	3.83	3.91	3.80	3.91	39099661	150930096.00
2024/02/28	3.91	4.07	3.82	3.82	69345842	274441472.00
2024/02/29	3.79	3.93	3.77	3.92	48824291	189556816.00
2024/03/01	3.92	3.97	3.89	3.94	36100619	141855184.00
2024/03/04	3.95	4.00	3.87	3.91	39134780	153187056.00
2024/03/05	3.90	3.93	3.83	3.85	35517479	137102304.00
2024/03/06	3.83	3.90	3.80	3.86	27462200	105821744.00
2024/03/07	3.87	4.16	3.87	3.98	98078986	395332672.00
2024/03/08	4.02	4.03	3.90	3.98	48659174	192433536.00
2024/03/11	3.98	4.06	3.97	4.06	51879866	208751120.00
2024/03/12	4.08	4.22	4.06	4.11	79274407	328181184.00
2024/03/13	4.10	4.13	4.07	4.09	37922733	155312480.00
2024/03/14	4.15	4.29	4.13	4.15	91112168	383113376.00
2024/03/15	4.13	4.41	4.12	4.41	125295746	539426496.00
2024/03/18	4.47	4.51	4.35	4.45	104061495	461864096.00
2024/03/19	4.40	4.65	4.39	4.50	113861895	518133504.00
2024/03/20	4.45	4.48	4.38	4.43	76102700	336673408.00
2024/03/21	4.49	4.52	4.39	4.44	55013759	244645632.00
2024/03/22	4.40	4.43	4.28	4.32	59095740	256054928.00
2024/03/25	4.29	4.40	4.27	4.28	55442143	239542976.00
2024/03/26	4.24	4.31	4.17	4.26	43098117	182799184.00
2024/03/27	4.26	4.26	4.13	4.13	35000480	146550816.00
2024/03/28	4.11	4.24	4.10	4.20	39861387	166766256.00
2024/03/29	4.23	4.34	4.23	4.33	55906810	239790016.00
2024/04/01	4.39	4.62	4.38	4.49	97599446	439153408.00
2024/04/02	4.50	4.70	4.46	4.66	130609987	602827904.00
2024/04/03	4.70	4.87	4.61	4.80	170925539	813232896.00
2024/04/08	4.86	5.05	4.74	4.80	223162567	1092958080.00
2024/04/09	4.81	4.87	4.70	4.81	131439132	628137280.00
2024/04/10	4.80	4.83	4.65	4.70	99429707	469499264.00
2024/04/11	4.63	4.91	4.59	4.78	107754101	513568704.00
2024/04/12	4.84	4.85	4.69	4.80	80775134	386768288.00
2024/04/15	4.75	4.76	4.49	4.65	104462563	482004288.00
2024/04/16	4.58	4.62	4.37	4.38	90077676	401494848.00
2024/04/17	4.41	4.52	4.41	4.51	68429760	305876544.00
2024/04/18	4.50	4.67	4.48	4.62	85470215	392633312.00
2024/04/19	4.63	4.80	4.62	4.68	93141537	437851424.00
2024/04/22	4.68	4.84	4.58	4.61	105884900	498855808.00
2024/04/23	4.53	4.57	4.36	4.39	85952908	381992992.00
2024/04/24	4.34	4.47	4.19	4.46	87546275	379016544.00
2024/04/25	4.39	4.55	4.35	4.48	57723600	257421328.00
2024/04/26	4.48	4.65	4.48	4.64	76294481	348853088.00
2024/04/29	4.89	5.09	4.84	4.97	186077499	924447808.00
2024/04/30	5.02	5.05	4.88	4.91	107646506	531214272.00
2024/05/06	4.92	4.93	4.78	4.89	102727317	499134528.00
2024/05/07	4.92	5.02	4.88	4.95	107502791	532253152.00
2024/05/08	4.91	4.95	4.84	4.89	71171565	348088096.00
2024/05/09	4.86	5.18	4.86	5.10	156480972	791904896.00
2024/05/10	5.11	5.18	5.03	5.15	106390312	542353856.00
2024/05/13	5.08	5.20	5.00	5.14	94831635	484649504.00
2024/05/14	5.16	5.27	5.11	5.15	93492829	483628480.00
2024/05/15	5.09	5.26	5.06	5.16	97138017	502373472.00
2024/05/16	5.22	5.25	5.04	5.06	93647000	479948768.00
2024/05/17	5.07	5.18	4.98	5.18	93852883	476436448.00
2024/05/20	4.66	4.78	4.66	4.66	139406400	650227200.00
2024/05/21	4.55	4.68	4.51	4.56	340360839	1560564864.00
2024/05/22	4.51	4.73	4.30	4.34	308073704	1383261184.00
2024/05/23	4.25	4.25	4.09	4.11	189428481	785050496.00
2024/05/24	4.08	4.29	4.08	4.21	132897711	557800576.00
2024/05/27	4.21	4.29	4.11	4.19	104375930	434946528.00
2024/05/28	4.24	4.25	4.10	4.12	104034958	434373856.00
2024/05/29	4.13	4.23	4.10	4.21	120382549	503233504.00
2024/05/30	4.17	4.21	4.11	4.12	89052613	369253632.00
2024/05/31	4.11	4.16	4.03	4.04	79702567	325456064.00
2024/06/03	3.99	3.99	3.64	3.64	202361450	758508160.00
2024/06/04	3.48	3.69	3.48	3.58	188816938	675427776.00
2024/06/05	3.55	3.58	3.48	3.50	98561065	347184448.00
2024/06/06	3.53	3.55	3.34	3.40	118439944	404824832.00
2024/06/07	3.50	3.66	3.49	3.63	130810491	467443648.00
2024/06/11	3.56	3.59	3.51	3.56	91196562	323250432.00
2024/06/12	3.54	3.60	3.49	3.54	77331430	274115264.00
2024/06/13	3.54	3.54	3.42	3.45	78911817	272925184.00
2024/06/14	3.43	3.47	3.38	3.46	54080371	185451472.00
2024/06/17	3.44	3.45	3.39	3.39	51475183	175722912.00
2024/06/18	3.38	3.50	3.38	3.48	57194800	197628896.00
2024/06/19	3.63	3.83	3.54	3.83	130339153	489488736.00
2024/06/20	3.82	4.09	3.79	3.90	289258447	1142310784.00
2024/06/21	3.86	3.95	3.79	3.81	131119471	506631840.00
2024/06/24	3.74	3.76	3.62	3.64	113846676	418245344.00
2024/06/25	3.65	3.74	3.63	3.67	81046436	298186208.00
2024/06/26	3.65	3.72	3.53	3.70	97625706	352980064.00
2024/06/27	3.69	3.74	3.61	3.63	83595473	305970176.00
2024/06/28	3.61	3.70	3.61	3.67	73067700	267629008.00
2024/07/01	3.88	4.04	3.77	4.03	213896084	839668224.00
2024/07/02	3.98	4.07	3.96	3.97	125510903	502690336.00
2024/07/03	4.01	4.08	3.98	4.04	106032219	427277984.00
2024/07/04	4.07	4.12	3.93	3.96	99279915	399329056.00
2024/07/05	3.97	4.05	3.89	4.04	95358009	380617568.00
2024/07/08	4.00	4.08	3.95	3.97	90083556	361114560.00
2024/07/09	3.94	4.29	3.91	4.25	176241203	733227712.00
2024/07/10	4.68	4.68	4.68	4.68	43421510	203212672.00
2024/07/11	5.12	5.15	4.95	5.15	270746660	1383244032.00
2024/07/12	5.41	5.55	5.21	5.34	437369497	2355223552.00
2024/07/15	5.45	5.87	5.35	5.73	453091152	2572440064.00
2024/07/16	5.70	5.82	5.63	5.72	273293213	1563049984.00
2024/07/17	5.78	5.84	5.32	5.33	312477175	1723633536.00
2024/07/18	5.32	5.46	5.23	5.32	212725857	1134025856.00
2024/07/19	5.13	5.17	4.95	5.01	256859862	1290878720.00
2024/07/22	4.98	5.05	4.93	4.94	140703200	700358272.00
2024/07/23	4.96	5.01	4.74	4.76	153599777	746007808.00
2024/07/24	4.81	4.88	4.77	4.78	130267368	628067712.00
2024/07/25	4.70	4.72	4.54	4.57	154365404	712139136.00
2024/07/26	4.61	4.80	4.60	4.70	130317100	615205312.00
2024/07/29	4.75	4.82	4.66	4.72	111739430	530383552.00
2024/07/30	4.66	4.78	4.66	4.76	92811199	438732608.00
2024/08/01	4.52	4.52	4.52	4.52	5236000	23666720.00
2024/08/02	4.29	4.29	4.29	4.29	2098700	9003423.00
2024/08/05	4.08	4.08	4.08	4.08	9622700	39260616.00
2024/08/06	3.88	3.90	3.88	3.88	270300300	1049084096.00
2024/08/07	3.88	4.04	3.83	3.91	307949768	1202843392.00
2024/08/08	3.90	3.98	3.72	3.84	209781531	806452672.00
2024/08/09	3.86	4.03	3.84	4.02	206239966	818885184.00
2024/08/12	3.98	4.22	3.97	4.22	189033925	773367872.00
2024/08/13	4.29	4.34	4.01	4.08	213131895	889397248.00
2024/08/14	4.06	4.17	4.03	4.07	107427132	439064672.00
2024/08/15	4.06	4.07	3.88	3.96	124004223	491114336.00
2024/08/16	4.00	4.02	3.90	3.91	84322963	333267008.00
2024/08/19	3.89	3.96	3.83	3.84	96900701	376487616.00
2024/08/20	3.83	3.88	3.65	3.69	119645695	448086816.00
2024/08/21	3.65	3.87	3.55	3.82	128943356	481943488.00
2024/08/22	3.78	3.81	3.67	3.70	77154549	288746720.00
2024/08/23	3.68	3.79	3.63	3.75	64729233	241094560.00
2024/08/26	3.82	3.92	3.80	3.88	74980602	289485440.00
2024/08/27	3.85	3.86	3.78	3.80	59184505	225537440.00
2024/08/28	3.79	3.92	3.78	3.83	61803001	238455680.00
2024/08/29	3.80	3.95	3.79	3.90	72600078	280821440.00
2024/08/30	3.90	3.96	3.88	3.91	98660294	387375904.00
2024/09/02	3.89	3.90	3.76	3.76	80384605	307687552.00
2024/09/03	3.75	3.80	3.72	3.76	49147600	184903520.00
2024/09/04	3.71	3.72	3.63	3.64	68546400	252122896.00
2024/09/05	3.63	3.66	3.60	3.63	51796200	188136848.00
2024/09/06	3.64	3.65	3.55	3.58	53938100	194286192.00
2024/09/09	3.52	3.52	3.46	3.50	52667259	184193888.00
2024/09/10	3.52	3.54	3.47	3.53	37348811	130758080.00
2024/09/11	3.51	3.67	3.49	3.59	56126462	201688400.00
2024/09/12	3.61	3.63	3.53	3.54	41978705	150316960.00
2024/09/13	3.58	3.59	3.48	3.49	49320200	174359296.00
2024/09/18	3.49	3.50	3.37	3.44	53033576	181678224.00
2024/09/19	3.43	3.56	3.40	3.54	58155788	203170064.00
2024/09/20	3.51	3.63	3.49	3.58	59313052	211107744.00
2024/09/23	3.57	3.62	3.55	3.56	40578356	145498224.00
2024/09/24	3.58	3.74	3.57	3.74	91981060	337978368.00
2024/09/25	3.80	3.93	3.78	3.79	115362650	443900192.00
2024/09/26	3.79	3.92	3.77	3.92	94569619	366186912.00
2024/09/27	4.05	4.12	3.99	4.12	115663655	471257728.00
2024/09/30	4.33	4.33	4.19	4.33	147762497	636754304.00
2024/10/08	4.55	4.55	4.31	4.43	238251053	1063311360.00
2024/10/09	4.33	4.33	4.21	4.21	117267996	495919936.00
2024/10/10	4.13	4.24	4.00	4.13	144135685	592340544.00
2024/10/11	4.10	4.26	4.08	4.12	88914659	369780544.00
2024/10/14	4.15	4.32	4.14	4.28	88104455	372439136.00
2024/10/15	4.23	4.26	4.17	4.19	72239254	304686400.00
2024/10/16	4.17	4.25	4.16	4.22	48519159	204556592.00
2024/10/17	4.23	4.35	4.23	4.25	71654823	306608288.00
2024/10/18	4.26	4.46	4.26	4.43	109159278	480357536.00
2024/10/21	4.44	4.65	4.42	4.65	113392618	519335616.00
2024/10/22	4.67	4.88	4.65	4.88	117527337	567491392.00
2024/10/23	5.03	5.04	4.75	4.76	150837489	735935680.00
2024/10/24	4.76	5.00	4.73	5.00	115518289	571575872.00
2024/10/25	5.04	5.18	4.91	5.14	127447073	640661568.00
2024/10/28	5.29	5.32	5.11	5.14	150639632	782544768.00
2024/10/29	5.13	5.14	4.93	4.93	126833051	640228480.00
2024/10/30	4.91	5.11	4.91	5.05	94404318	473827680.00
2024/10/31	5.11	5.14	5.02	5.04	73913947	373808192.00
2024/11/01	5.01	5.18	4.99	5.07	101006908	514740768.00
2024/11/04	5.12	5.12	5.02	5.10	61280000	311089088.00
2024/11/05	5.09	5.23	5.08	5.19	83561920	431913824.00
2024/11/06	5.22	5.45	5.21	5.28	111812194	598035072.00
2024/11/07	5.10	5.26	5.08	5.26	101748400	525788832.00
2024/11/08	5.41	5.41	5.14	5.18	104963708	552233600.00
2024/11/11	5.11	5.16	5.03	5.12	93646391	476744416.00
2024/11/12	5.07	5.17	4.99	5.04	92127401	467728256.00
2024/11/13	4.97	5.03	4.79	4.90	108299986	530459648.00
2024/11/14	4.83	4.89	4.76	4.77	72291719	348260960.00
2024/11/15	4.78	4.91	4.76	4.77	65098585	314136320.00
2024/11/18	4.80	4.82	4.66	4.71	59794492	283575200.00
2024/11/19	4.78	4.95	4.75	4.95	76112033	368246240.00
2024/11/20	4.95	4.96	4.86	4.93	66836934	328136672.00
2024/11/21	4.91	4.97	4.89	4.96	46481224	229290352.00
2024/11/22	4.92	4.96	4.73	4.74	71322400	344998272.00
2024/11/25	4.77	4.79	4.71	4.76	39739647	188715280.00
2024/11/26	4.74	4.78	4.72	4.74	28872342	136998000.00
2024/11/27	4.72	4.75	4.58	4.75	51403100	240092448.00
2024/11/28	4.74	4.83	4.72	4.77	42411600	203094736.00
2024/11/29	4.76	4.86	4.74	4.82	39281087	188825984.00
2024/12/02	4.82	4.89	4.79	4.86	41810814	202922464.00
2024/12/03	4.86	4.87	4.82	4.85	34850050	168649328.00
2024/12/04	4.90	4.94	4.78	4.79	44347600	215372624.00
2024/12/05	4.76	4.80	4.70	4.78	35635109	169920880.00
2024/12/06	4.78	4.89	4.77	4.88	46062905	223203856.00
2024/12/09	4.86	4.99	4.85	4.93	50360031	248335280.00
2024/12/10	5.03	5.05	4.90	4.91	56393202	280015776.00
2024/12/11	4.91	4.98	4.90	4.94	38273767	189057344.00
2024/12/12	4.95	4.97	4.92	4.96	38583189	190949840.00
2024/12/13	4.93	4.94	4.80	4.81	55763200	270893792.00
2024/12/16	4.81	4.82	4.71	4.74	40953196	195274304.00
2024/12/17	4.73	4.78	4.70	4.71	33834400	160376032.00
2024/12/18	4.71	4.73	4.70	4.71	27340000	128904320.00
2024/12/19	4.66	4.70	4.62	4.65	36764637	171101952.00
2024/12/20	4.63	4.68	4.62	4.65	24919073	115873008.00
2024/12/23	4.68	4.79	4.66	4.66	44202056	208816128.00
2024/12/24	4.64	4.71	4.62	4.70	29590605	138102272.00
2024/12/25	4.70	4.71	4.63	4.66	23863012	111361112.00
2024/12/26	4.66	4.72	4.65	4.68	24136468	112923312.00
2024/12/27	4.70	4.86	4.68	4.81	57521041	274431616.00
2024/12/30	4.79	5.05	4.79	5.03	87230931	430398944.00
2024/12/31	4.99	5.04	4.89	4.92	60232815	298462272.00
2025/01/02	4.91	5.03	4.81	4.87	63906719	314709824.00
2025/01/03	4.86	4.95	4.81	4.85	56486934	275666080.00
2025/01/06	4.85	4.86	4.67	4.72	52140866	247667776.00
2025/01/07	4.74	4.77	4.68	4.76	33661300	159338592.00
2025/01/08	4.74	4.78	4.69	4.76	36625234	173531744.00
2025/01/09	4.74	4.88	4.74	4.88	37678534	180775008.00
2025/01/10	4.96	5.01	4.87	4.88	48237000	237867296.00
2025/01/13	4.84	4.94	4.80	4.92	38325700	187080960.00
2025/01/14	4.91	5.04	4.90	5.01	57917319	288581984.00
2025/01/15	4.99	5.02	4.95	4.97	35557800	176968720.00
2025/01/16	5.00	5.05	4.99	5.05	49213800	246953328.00
2025/01/17	5.06	5.28	5.02	5.19	92701839	479833312.00
2025/01/20	5.18	5.24	5.13	5.15	55441600	287491840.00
2025/01/21	5.17	5.36	5.13	5.32	72816485	380665152.00
2025/01/22	5.28	5.32	5.22	5.30	51549693	271337376.00
2025/01/23	5.22	5.23	5.04	5.04	127225526	652688192.00
2025/01/24	5.01	5.09	4.99	5.05	49054593	247396704.00
2025/01/27	5.05	5.10	5.04	5.06	32535323	164882976.00
2025/02/05	5.06	5.06	4.81	4.86	94914605	464058720.00
2025/02/06	4.87	4.95	4.85	4.95	45875129	224498592.00
2025/02/07	4.93	4.99	4.91	4.95	56068531	277561760.00
2025/02/10	4.97	4.98	4.93	4.95	41703913	206174272.00
2025/02/11	4.96	5.07	4.93	5.01	61639565	309044416.00
2025/02/12	4.98	5.00	4.92	4.97	52064305	257883104.00
2025/02/13	4.97	4.97	4.93	4.94	34510489	170707232.00
2025/02/14	4.96	4.96	4.91	4.94	34124320	168360048.00
2025/02/17	4.90	4.90	4.80	4.87	54002971	262028976.00
2025/02/18	4.88	4.91	4.83	4.84	33832643	164956528.00
2025/02/19	4.85	4.88	4.83	4.86	30402088	147542032.00
2025/02/20	4.85	4.86	4.82	4.83	31851004	153907104.00
2025/02/21	4.83	4.85	4.79	4.80	45482151	218914768.00
2025/02/24	4.78	4.92	4.73	4.89	70103881	338330880.00
2025/02/25	4.86	4.94	4.84	4.86	47379005	231722256.00
2025/02/26	4.85	4.91	4.85	4.91	37259848	181999728.00
2025/02/27	4.91	4.94	4.87	4.90	36220000	177457152.00
2025/02/28	4.89	4.89	4.79	4.80	47627600	230473664.00
数据来源:通达信
