601868 中国能建 日线 不复权
      日期	    开盘	    最高	    最低	    收盘	    成交量	    成交额
2021/09/28	2.29	2.75	2.18	2.75	2286699534	5873108992.00
2021/09/29	2.84	3.03	2.79	3.03	1124395231	3298973952.00
2021/09/30	3.15	3.33	2.83	3.02	3456513513	10793990144.00
2021/10/08	2.99	3.04	2.72	2.75	1885824767	5267383808.00
2021/10/11	2.65	2.68	2.48	2.48	1546079753	3921187584.00
2021/10/12	2.46	2.65	2.37	2.61	1556710863	3935621376.00
2021/10/13	2.51	2.57	2.45	2.50	929242005	2330094848.00
2021/10/14	2.46	2.59	2.42	2.51	789797487	1972494336.00
2021/10/15	2.47	2.51	2.44	2.46	561722046	1384971520.00
2021/10/18	2.45	2.54	2.42	2.49	592096410	1471871488.00
2021/10/19	2.46	2.49	2.42	2.44	649395355	1589917184.00
2021/10/20	2.42	2.43	2.33	2.37	799837416	1897691392.00
2021/10/21	2.36	2.41	2.33	2.36	628737416	1489627648.00
2021/10/22	2.34	2.35	2.25	2.25	756292205	1732798976.00
2021/10/25	2.25	2.36	2.20	2.31	699695849	1614073728.00
2021/10/26	2.28	2.44	2.27	2.40	982478116	2326155264.00
2021/10/27	2.36	2.39	2.33	2.35	538921818	1271384960.00
2021/10/28	2.36	2.47	2.35	2.46	928276664	2258370048.00
2021/10/29	2.40	2.43	2.31	2.38	807048167	1907130624.00
2021/11/01	2.36	2.40	2.32	2.37	493266553	1159969024.00
2021/11/02	2.35	2.36	2.27	2.29	579277587	1337431424.00
2021/11/03	2.28	2.34	2.27	2.29	297748591	683993664.00
2021/11/04	2.29	2.32	2.27	2.28	340611310	780430528.00
2021/11/05	2.27	2.27	2.22	2.23	526309069	1177315456.00
2021/11/08	2.24	2.24	2.20	2.21	291046361	645230272.00
2021/11/09	2.22	2.28	2.20	2.23	434137761	968301120.00
2021/11/10	2.21	2.23	2.18	2.22	361962241	796128640.00
2021/11/11	2.21	2.24	2.20	2.23	257230826	571501056.00
2021/11/12	2.22	2.23	2.19	2.21	274587797	606134400.00
2021/11/15	2.20	2.21	2.18	2.19	283204055	620448064.00
2021/11/16	2.18	2.19	2.13	2.14	448122746	966041280.00
2021/11/17	2.13	2.17	2.08	2.14	413534051	879477632.00
2021/11/18	2.13	2.16	2.12	2.14	270064868	577944576.00
2021/11/19	2.13	2.14	2.11	2.14	243586251	516979072.00
2021/11/22	2.13	2.14	2.11	2.12	223283703	474030976.00
2021/11/23	2.12	2.14	2.10	2.12	271959534	576531328.00
2021/11/24	2.11	2.12	2.10	2.11	205574513	433730848.00
2021/11/25	2.11	2.19	2.10	2.17	459136842	990494720.00
2021/11/26	2.15	2.16	2.12	2.13	251036006	536413472.00
2021/11/29	2.15	2.34	2.15	2.34	734825641	1658077824.00
2021/11/30	2.50	2.57	2.40	2.45	2021618847	5005443072.00
2021/12/01	2.38	2.46	2.32	2.40	1061619861	2532039680.00
2021/12/02	2.37	2.57	2.36	2.52	1240841467	3105073920.00
2021/12/03	2.51	2.77	2.47	2.77	1756539477	4686771712.00
2021/12/06	2.84	2.95	2.74	2.78	2228182772	6312701952.00
2021/12/07	2.75	2.89	2.68	2.82	1313901667	3678356480.00
2021/12/08	2.81	2.82	2.71	2.75	1058471403	2907285760.00
2021/12/09	2.73	2.75	2.64	2.66	1178983524	3156718336.00
2021/12/10	2.63	2.71	2.61	2.63	904664045	2394863360.00
2021/12/13	2.71	2.83	2.68	2.69	1391081298	3813362176.00
2021/12/14	2.68	2.71	2.61	2.64	764699048	2024144768.00
2021/12/15	2.63	2.79	2.61	2.71	1069723681	2901495040.00
2021/12/16	2.72	2.81	2.70	2.77	977993122	2691591168.00
2021/12/17	2.76	2.79	2.71	2.72	740666266	2028224128.00
2021/12/20	2.71	2.99	2.67	2.99	2255940136	6505950208.00
2021/12/21	2.95	3.04	2.88	2.94	1532516769	4507817472.00
2021/12/22	2.98	2.99	2.80	2.80	1354538248	3881555456.00
2021/12/23	2.77	2.89	2.74	2.84	825631086	2334573568.00
2021/12/24	2.83	2.92	2.79	2.87	825612306	2365490944.00
2021/12/27	2.85	2.92	2.82	2.84	659781174	1891138944.00
2021/12/28	2.82	2.83	2.70	2.73	814646454	2235245056.00
2021/12/29	2.72	2.76	2.70	2.72	375450303	1021644416.00
2021/12/30	2.70	2.74	2.67	2.70	396136512	1071054720.00
2021/12/31	2.73	2.77	2.72	2.73	393351386	1077988352.00
2022/01/04	2.74	2.79	2.72	2.73	452660572	1244138368.00
2022/01/05	2.71	2.73	2.66	2.67	487247267	1305373056.00
2022/01/06	2.65	2.88	2.65	2.83	983876261	2736302080.00
2022/01/07	2.82	2.94	2.80	2.84	1014783121	2922682112.00
2022/01/10	2.83	2.87	2.76	2.83	563269979	1585700224.00
2022/01/11	2.81	2.86	2.76	2.78	513904413	1442712960.00
2022/01/12	2.78	2.80	2.73	2.76	353681856	973013888.00
2022/01/13	2.75	2.76	2.70	2.71	331715951	902864192.00
2022/01/14	2.70	2.71	2.67	2.68	317814154	854545856.00
2022/01/17	2.67	2.72	2.66	2.69	266558944	716550528.00
2022/01/18	2.72	2.88	2.71	2.81	925446069	2593437696.00
2022/01/19	2.78	2.81	2.73	2.76	504914257	1395241600.00
2022/01/20	2.76	2.86	2.73	2.81	732917673	2055091456.00
2022/01/21	2.78	2.81	2.68	2.71	558993578	1533219200.00
2022/01/24	2.68	2.76	2.67	2.71	349807329	950711040.00
2022/01/25	2.69	2.71	2.63	2.63	452599563	1206177152.00
2022/01/26	2.64	2.68	2.63	2.66	269821570	717272000.00
2022/01/27	2.64	2.70	2.62	2.65	324067309	861789248.00
2022/01/28	2.67	2.68	2.57	2.64	304909828	797919424.00
2022/02/07	2.67	2.80	2.67	2.80	723390142	1986908032.00
2022/02/08	2.80	2.81	2.73	2.81	614380848	1704183680.00
2022/02/09	2.80	2.84	2.78	2.81	443003433	1241221120.00
2022/02/10	2.82	3.01	2.80	2.93	1205700703	3520962048.00
2022/02/11	2.88	2.93	2.82	2.84	737726304	2119102720.00
2022/02/14	2.81	2.83	2.75	2.77	514334926	1434045312.00
2022/02/15	2.76	2.79	2.75	2.77	337128399	933511488.00
2022/02/16	2.80	2.84	2.78	2.82	417846671	1171421568.00
2022/02/17	2.82	2.82	2.76	2.77	376604751	1045979776.00
2022/02/18	2.75	2.80	2.72	2.80	373316503	1031949504.00
2022/02/21	2.79	2.79	2.75	2.78	318110123	880512320.00
2022/02/22	2.75	2.76	2.71	2.72	388451305	1060160576.00
2022/02/23	2.72	2.76	2.72	2.76	267414768	733089216.00
2022/02/24	2.74	2.76	2.64	2.69	551167724	1484942976.00
2022/02/25	2.69	2.72	2.67	2.70	303661190	819810432.00
2022/02/28	2.69	2.70	2.66	2.70	400358139	1074075520.00
2022/03/01	2.70	2.73	2.69	2.72	232943875	632265664.00
2022/03/02	2.70	2.72	2.69	2.70	188105567	507663872.00
2022/03/03	2.70	2.74	2.70	2.72	258895276	703100992.00
2022/03/04	2.70	2.71	2.67	2.68	234736359	629408192.00
2022/03/07	2.67	2.72	2.66	2.67	288476128	775037248.00
2022/03/08	2.67	2.68	2.60	2.61	371118354	977048960.00
2022/03/09	2.62	2.64	2.35	2.57	468798540	1193013504.00
2022/03/10	2.60	2.63	2.57	2.59	275389859	713648384.00
2022/03/11	2.56	2.56	2.46	2.55	356788558	896064320.00
2022/03/14	2.51	2.53	2.47	2.47	236697848	591780864.00
2022/03/15	2.45	2.45	2.31	2.32	468248133	1112855040.00
2022/03/16	2.36	2.42	2.29	2.40	449328610	1056475520.00
2022/03/17	2.42	2.45	2.40	2.41	372303118	902103872.00
2022/03/18	2.39	2.48	2.38	2.48	374259684	914648320.00
2022/03/21	2.48	2.48	2.43	2.45	260147805	638926592.00
2022/03/22	2.43	2.47	2.43	2.44	168820775	413027072.00
2022/03/23	2.47	2.53	2.46	2.48	345602745	859557952.00
2022/03/24	2.46	2.46	2.42	2.42	252980192	615603968.00
2022/03/25	2.43	2.43	2.38	2.39	199097678	477937056.00
2022/03/28	2.37	2.41	2.34	2.40	193437945	459996832.00
2022/03/29	2.40	2.42	2.37	2.38	132538207	316623104.00
2022/03/30	2.40	2.44	2.39	2.43	226095184	545982144.00
2022/03/31	2.43	2.52	2.42	2.44	299248459	736555776.00
2022/04/01	2.41	2.49	2.40	2.47	247899937	605928000.00
2022/04/06	2.46	2.52	2.44	2.51	336150063	835066048.00
2022/04/07	2.49	2.52	2.45	2.45	299214349	743755392.00
2022/04/08	2.46	2.55	2.46	2.55	565976381	1427920640.00
2022/04/11	2.56	2.56	2.48	2.49	415007590	1044394368.00
2022/04/12	2.46	2.49	2.42	2.49	295680645	727225280.00
2022/04/13	2.47	2.48	2.44	2.44	198977946	488635616.00
2022/04/14	2.45	2.48	2.44	2.46	195922398	481339744.00
2022/04/15	2.44	2.47	2.43	2.44	200275237	489485472.00
2022/04/18	2.42	2.42	2.38	2.40	225662637	540539904.00
2022/04/19	2.38	2.43	2.38	2.42	165930974	400231360.00
2022/04/20	2.42	2.44	2.37	2.38	166706102	399722624.00
2022/04/21	2.38	2.39	2.33	2.34	193196774	454898432.00
2022/04/22	2.32	2.37	2.31	2.35	187540677	439634176.00
2022/04/25	2.33	2.34	2.25	2.26	288058141	662842816.00
2022/04/26	2.25	2.31	2.23	2.27	264969836	600455744.00
2022/04/27	2.27	2.37	2.27	2.37	417627771	973814208.00
2022/04/28	2.35	2.39	2.32	2.39	326973560	769889792.00
2022/04/29	2.39	2.43	2.37	2.42	338609198	812283136.00
2022/05/05	2.42	2.45	2.39	2.40	252314259	606833984.00
2022/05/06	2.36	2.36	2.32	2.33	220464166	515720992.00
2022/05/09	2.32	2.36	2.31	2.33	147947220	345849568.00
2022/05/10	2.31	2.38	2.30	2.38	253695698	595487936.00
2022/05/11	2.36	2.39	2.35	2.35	241708296	573191040.00
2022/05/12	2.35	2.38	2.33	2.35	184972948	435744864.00
2022/05/13	2.35	2.36	2.33	2.35	148116761	347291008.00
2022/05/16	2.36	2.37	2.33	2.34	124140200	290518080.00
2022/05/17	2.33	2.34	2.31	2.32	139993669	324689632.00
2022/05/18	2.32	2.33	2.31	2.31	127578769	295664192.00
2022/05/19	2.29	2.36	2.28	2.36	266571742	620123712.00
2022/05/20	2.35	2.36	2.34	2.36	195908347	460643712.00
2022/05/23	2.36	2.36	2.33	2.34	133660180	312535232.00
2022/05/24	2.34	2.35	2.29	2.29	202517466	468013664.00
2022/05/25	2.28	2.34	2.28	2.34	232220433	536261632.00
2022/05/26	2.34	2.38	2.33	2.34	268054783	630405056.00
2022/05/27	2.34	2.35	2.32	2.34	180145826	420900128.00
2022/05/30	2.34	2.35	2.32	2.33	153866060	358306592.00
2022/05/31	2.33	2.34	2.30	2.33	191461590	443244288.00
2022/06/01	2.32	2.33	2.30	2.31	145920642	337298720.00
2022/06/02	2.32	2.33	2.31	2.32	171639247	397546048.00
2022/06/06	2.31	2.34	2.30	2.34	203288326	471567840.00
2022/06/07	2.33	2.34	2.32	2.33	154702729	360053664.00
2022/06/08	2.34	2.40	2.33	2.37	378898358	896725056.00
2022/06/09	2.36	2.52	2.35	2.45	675023825	1657060224.00
2022/06/10	2.42	2.43	2.38	2.43	383115796	920087616.00
2022/06/13	2.40	2.41	2.37	2.38	248712598	592954816.00
2022/06/14	2.36	2.40	2.35	2.39	228799999	542815488.00
2022/06/15	2.39	2.45	2.38	2.41	381505192	924304640.00
2022/06/16	2.41	2.42	2.37	2.38	243763168	582083136.00
2022/06/17	2.36	2.39	2.35	2.38	181260964	429498880.00
2022/06/20	2.38	2.41	2.36	2.38	201000433	478821312.00
2022/06/21	2.38	2.41	2.37	2.39	215107331	513361056.00
2022/06/22	2.39	2.39	2.36	2.36	161905227	383626336.00
2022/06/23	2.36	2.37	2.34	2.37	168847446	397700512.00
2022/06/24	2.37	2.37	2.35	2.37	150442289	354814304.00
2022/06/27	2.37	2.39	2.36	2.37	185096159	439928672.00
2022/06/28	2.38	2.39	2.36	2.38	202616046	480352256.00
2022/06/29	2.38	2.44	2.37	2.39	301354095	723964608.00
2022/06/30	2.38	2.40	2.36	2.37	226210572	537113152.00
2022/07/01	2.37	2.40	2.36	2.38	214650514	510580800.00
2022/07/04	2.37	2.38	2.36	2.37	143519839	339953504.00
2022/07/05	2.37	2.40	2.36	2.38	256882969	611150464.00
2022/07/06	2.37	2.38	2.33	2.34	247040740	581249984.00
2022/07/07	2.34	2.35	2.33	2.34	130986718	306562016.00
2022/07/08	2.35	2.36	2.34	2.34	110814929	260291872.00
2022/07/11	2.35	2.35	2.33	2.34	137592160	322148928.00
2022/07/12	2.34	2.40	2.33	2.39	387564346	921522688.00
2022/07/13	2.40	2.43	2.39	2.42	344903077	830149312.00
2022/07/14	2.41	2.42	2.38	2.39	189003212	452081216.00
2022/07/15	2.39	2.39	2.33	2.33	217986280	513497280.00
2022/07/18	2.33	2.37	2.33	2.36	194440848	457572704.00
2022/07/19	2.37	2.37	2.34	2.35	161670210	380106272.00
2022/07/20	2.36	2.36	2.34	2.35	110790043	259836336.00
2022/07/21	2.35	2.35	2.32	2.33	175599436	409663744.00
2022/07/22	2.33	2.34	2.32	2.33	121340332	282493216.00
2022/07/25	2.33	2.34	2.30	2.30	145247744	335853760.00
2022/07/26	2.30	2.32	2.30	2.31	100687494	232488688.00
2022/07/27	2.32	2.32	2.30	2.30	83647955	192732176.00
2022/07/28	2.31	2.32	2.30	2.31	124537868	287761056.00
2022/07/29	2.31	2.32	2.28	2.29	201699490	463417088.00
2022/08/01	2.30	2.31	2.28	2.29	154337780	353761568.00
2022/08/02	2.28	2.29	2.20	2.23	274013156	612495360.00
2022/08/03	2.22	2.24	2.21	2.21	144293299	320499840.00
2022/08/04	2.21	2.23	2.21	2.22	88188281	195703296.00
2022/08/05	2.22	2.24	2.21	2.24	112400893	250063008.00
2022/08/08	2.23	2.24	2.22	2.22	125667602	279633792.00
2022/08/09	2.22	2.24	2.22	2.23	104882328	233970576.00
2022/08/10	2.23	2.23	2.21	2.22	87039853	192974176.00
2022/08/11	2.22	2.27	2.22	2.25	180467735	405829408.00
2022/08/12	2.25	2.26	2.24	2.25	100267250	225670048.00
2022/08/15	2.25	2.27	2.24	2.26	124481956	280762912.00
2022/08/16	2.27	2.28	2.25	2.25	105924635	239452784.00
2022/08/17	2.25	2.27	2.25	2.27	117840651	266397680.00
2022/08/18	2.27	2.27	2.24	2.24	107625745	241875616.00
2022/08/19	2.24	2.32	2.24	2.28	257153726	584070784.00
2022/08/22	2.27	2.32	2.27	2.30	234168300	538909248.00
2022/08/23	2.29	2.29	2.27	2.28	116911422	266390896.00
2022/08/24	2.27	2.28	2.23	2.24	167481522	377404800.00
2022/08/25	2.25	2.27	2.24	2.27	158859331	358524768.00
2022/08/26	2.26	2.26	2.24	2.24	103070162	231717792.00
2022/08/29	2.22	2.25	2.21	2.25	102256382	228352384.00
2022/08/30	2.24	2.25	2.22	2.23	82616177	184679008.00
2022/08/31	2.23	2.26	2.22	2.26	178555750	400093536.00
2022/09/01	2.25	2.26	2.23	2.23	125648552	281821120.00
2022/09/02	2.23	2.24	2.21	2.22	115011479	255430720.00
2022/09/05	2.22	2.24	2.21	2.23	110898200	247208336.00
2022/09/06	2.24	2.37	2.24	2.36	703089018	1623380608.00
2022/09/07	2.41	2.60	2.41	2.60	1048546377	2636336384.00
2022/09/08	2.60	2.60	2.46	2.49	1164315252	2912470016.00
2022/09/09	2.48	2.59	2.45	2.54	857274007	2167239424.00
2022/09/13	2.53	2.68	2.53	2.55	765648741	1989220096.00
2022/09/14	2.51	2.54	2.46	2.48	413337363	1030653504.00
2022/09/15	2.49	2.53	2.43	2.45	384240934	950367232.00
2022/09/16	2.45	2.49	2.37	2.40	408261422	989372864.00
2022/09/19	2.38	2.45	2.35	2.43	324562753	780114560.00
2022/09/20	2.43	2.44	2.36	2.37	256288609	612007680.00
2022/09/21	2.36	2.39	2.31	2.37	223069952	525885344.00
2022/09/22	2.35	2.36	2.30	2.31	275861356	642019328.00
2022/09/23	2.30	2.34	2.29	2.33	213189654	494960832.00
2022/09/26	2.32	2.32	2.23	2.24	283285410	641064256.00
2022/09/27	2.24	2.26	2.23	2.26	198894569	447463104.00
2022/09/28	2.26	2.26	2.22	2.23	158125956	354322272.00
2022/09/29	2.25	2.26	2.20	2.21	175373844	390420576.00
2022/09/30	2.20	2.25	2.20	2.24	144257021	321715424.00
2022/10/10	2.24	2.26	2.22	2.22	133731161	299471584.00
2022/10/11	2.22	2.27	2.22	2.26	154275074	346705984.00
2022/10/12	2.26	2.30	2.24	2.30	175347449	397660224.00
2022/10/13	2.29	2.29	2.26	2.27	144487757	328119712.00
2022/10/14	2.29	2.29	2.26	2.28	214839506	489163136.00
2022/10/17	2.26	2.28	2.25	2.27	175101185	396536960.00
2022/10/18	2.28	2.29	2.24	2.27	193145437	437207008.00
2022/10/19	2.26	2.28	2.25	2.25	122515642	276881792.00
2022/10/20	2.24	2.26	2.23	2.25	116174150	260664800.00
2022/10/21	2.28	2.43	2.28	2.33	588845184	1392322048.00
2022/10/24	2.29	2.37	2.28	2.31	398203379	927651136.00
2022/10/25	2.30	2.45	2.28	2.42	623092386	1486161152.00
2022/10/26	2.40	2.41	2.35	2.38	317396258	754193216.00
2022/10/27	2.37	2.38	2.33	2.34	242072624	567545984.00
2022/10/28	2.33	2.36	2.30	2.31	244854179	569573312.00
2022/10/31	2.30	2.31	2.27	2.29	187101524	428114496.00
2022/11/01	2.28	2.34	2.28	2.33	186481281	431194944.00
2022/11/02	2.33	2.34	2.31	2.32	193608020	449448000.00
2022/11/03	2.31	2.32	2.29	2.31	156449131	360239008.00
2022/11/04	2.30	2.36	2.30	2.34	255012273	595314752.00
2022/11/07	2.34	2.38	2.34	2.37	211317025	498917824.00
2022/11/08	2.37	2.37	2.33	2.36	152178709	357530368.00
2022/11/09	2.35	2.40	2.34	2.35	192093738	455161984.00
2022/11/10	2.34	2.36	2.32	2.34	142893045	333753504.00
2022/11/11	2.37	2.39	2.34	2.37	280221879	662844160.00
2022/11/14	2.39	2.40	2.35	2.36	290780183	690955904.00
2022/11/15	2.35	2.39	2.35	2.38	193411201	458540224.00
2022/11/16	2.38	2.39	2.35	2.36	152799640	361410816.00
2022/11/17	2.36	2.37	2.34	2.36	142730077	336236608.00
2022/11/18	2.36	2.36	2.33	2.33	198471944	464697728.00
2022/11/21	2.33	2.33	2.31	2.32	109319777	253689504.00
2022/11/22	2.32	2.55	2.32	2.45	902179453	2214405120.00
2022/11/23	2.42	2.52	2.40	2.44	694714203	1707951872.00
2022/11/24	2.43	2.43	2.37	2.38	422577363	1010533184.00
2022/11/25	2.38	2.45	2.37	2.43	389094511	941780800.00
2022/11/28	2.40	2.47	2.37	2.42	339010449	820166208.00
2022/11/29	2.43	2.47	2.41	2.45	323240336	789050432.00
2022/11/30	2.44	2.46	2.43	2.45	266884165	652915392.00
2022/12/01	2.46	2.48	2.42	2.42	269811259	659521856.00
2022/12/02	2.42	2.45	2.40	2.43	270619587	655372672.00
2022/12/05	2.45	2.55	2.45	2.54	772214308	1941274624.00
2022/12/06	2.52	2.54	2.48	2.50	409881618	1027277568.00
2022/12/07	2.50	2.52	2.46	2.47	309923629	769161280.00
2022/12/08	2.46	2.50	2.46	2.48	217070107	537270144.00
2022/12/09	2.48	2.48	2.43	2.45	239216299	586323264.00
2022/12/12	2.44	2.46	2.40	2.41	245860499	596863168.00
2022/12/13	2.40	2.43	2.40	2.41	172931707	417088480.00
2022/12/14	2.41	2.41	2.36	2.37	273799072	650592640.00
2022/12/15	2.36	2.37	2.34	2.36	158090156	372317120.00
2022/12/16	2.36	2.39	2.35	2.37	175757057	417019424.00
2022/12/19	2.36	2.37	2.29	2.30	283026392	656444352.00
2022/12/20	2.29	2.31	2.28	2.28	174540496	400129344.00
2022/12/21	2.29	2.30	2.28	2.29	101586227	232361360.00
2022/12/22	2.29	2.30	2.26	2.27	184805530	420992672.00
2022/12/23	2.26	2.28	2.25	2.27	96434425	218738560.00
2022/12/26	2.27	2.30	2.27	2.28	126597832	288938272.00
2022/12/27	2.29	2.30	2.28	2.29	157293215	360003808.00
2022/12/28	2.28	2.30	2.27	2.28	112321403	256551856.00
2022/12/29	2.28	2.29	2.26	2.26	125209761	284533824.00
2022/12/30	2.28	2.30	2.27	2.29	115840841	265012752.00
2023/01/03	2.29	2.32	2.28	2.31	186764503	430716480.00
2023/01/04	2.31	2.32	2.30	2.30	113735591	262623536.00
2023/01/05	2.32	2.32	2.30	2.31	114908204	265316336.00
2023/01/06	2.31	2.32	2.30	2.31	118498401	273455616.00
2023/01/09	2.31	2.33	2.30	2.32	155198311	359808864.00
2023/01/10	2.32	2.33	2.29	2.30	106926100	246329600.00
2023/01/11	2.30	2.31	2.29	2.30	109289563	251357488.00
2023/01/12	2.30	2.31	2.29	2.29	72718802	166873376.00
2023/01/13	2.29	2.30	2.29	2.30	77945966	178861840.00
2023/01/16	2.30	2.33	2.29	2.32	170558400	395125632.00
2023/01/17	2.32	2.32	2.30	2.31	83506576	193096880.00
2023/01/18	2.32	2.32	2.31	2.31	69125001	159929360.00
2023/01/19	2.31	2.32	2.30	2.31	121619629	280780128.00
2023/01/20	2.32	2.35	2.31	2.35	197591001	461483296.00
2023/01/30	2.37	2.38	2.34	2.35	186632851	439186016.00
2023/01/31	2.35	2.36	2.34	2.35	121978154	286431584.00
2023/02/01	2.36	2.38	2.34	2.37	214965737	508194112.00
2023/02/02	2.38	2.38	2.36	2.37	161093490	381603072.00
2023/02/03	2.36	2.37	2.33	2.34	215256798	503904000.00
2023/02/06	2.33	2.35	2.33	2.33	102432572	239284496.00
2023/02/07	2.34	2.36	2.33	2.36	166929142	392054496.00
2023/02/08	2.36	2.36	2.33	2.33	130718743	306060768.00
2023/02/09	2.33	2.35	2.33	2.34	113193507	264795632.00
2023/02/10	2.34	2.35	2.33	2.34	137737327	322335360.00
2023/02/13	2.35	2.38	2.34	2.36	266156280	628467584.00
2023/02/14	2.37	2.37	2.35	2.36	130282642	307309408.00
2023/02/15	2.36	2.36	2.33	2.34	159918443	374905376.00
2023/02/16	2.36	2.42	2.34	2.36	525737246	1251541888.00
2023/02/17	2.35	2.37	2.33	2.33	287294687	675413312.00
2023/02/20	2.34	2.40	2.33	2.39	425762845	1011859200.00
2023/02/21	2.38	2.40	2.37	2.38	238850115	569295296.00
2023/02/22	2.37	2.40	2.37	2.39	194107388	463464032.00
2023/02/23	2.38	2.39	2.37	2.38	138994843	330457504.00
2023/02/24	2.38	2.38	2.35	2.36	122294705	288920768.00
2023/02/27	2.36	2.37	2.35	2.35	101819464	240032320.00
2023/02/28	2.36	2.39	2.35	2.38	179195215	423758048.00
2023/03/01	2.38	2.44	2.37	2.44	571971936	1381937536.00
2023/03/02	2.43	2.48	2.42	2.45	569446383	1395655168.00
2023/03/03	2.46	2.52	2.44	2.50	722571266	1799313920.00
2023/03/06	2.51	2.53	2.45	2.46	500482612	1239039744.00
2023/03/07	2.46	2.52	2.45	2.46	556668011	1384457856.00
2023/03/08	2.44	2.46	2.43	2.46	274023471	670390592.00
2023/03/09	2.46	2.46	2.42	2.43	268791150	654051072.00
2023/03/10	2.42	2.43	2.39	2.39	238379467	573389376.00
2023/03/13	2.41	2.45	2.40	2.44	321980698	780891584.00
2023/03/14	2.43	2.46	2.41	2.42	327293404	796147456.00
2023/03/15	2.42	2.52	2.40	2.49	609495719	1504333440.00
2023/03/16	2.47	2.49	2.44	2.46	298689827	736304704.00
2023/03/17	2.46	2.53	2.46	2.51	631075690	1579950080.00
2023/03/20	2.51	2.76	2.50	2.61	1670116414	4445510656.00
2023/03/21	2.58	2.61	2.54	2.57	849044257	2177485824.00
2023/03/22	2.55	2.59	2.51	2.53	654213110	1657833856.00
2023/03/23	2.52	2.57	2.51	2.54	552262060	1401421952.00
2023/03/24	2.54	2.54	2.46	2.47	544696761	1354027136.00
2023/03/27	2.46	2.47	2.42	2.43	364030228	887996544.00
2023/03/28	2.44	2.46	2.41	2.42	303609256	739996480.00
2023/03/29	2.42	2.43	2.38	2.40	293072310	703184576.00
2023/03/30	2.40	2.42	2.38	2.42	298268583	715647232.00
2023/03/31	2.40	2.41	2.39	2.41	204763307	491857856.00
2023/04/03	2.41	2.43	2.40	2.41	309113734	746848576.00
2023/04/04	2.41	2.50	2.41	2.50	697046813	1719854592.00
2023/04/06	2.49	2.52	2.46	2.49	343788860	853545024.00
2023/04/07	2.49	2.50	2.45	2.47	234016404	577559936.00
2023/04/10	2.47	2.50	2.45	2.47	293254936	727563456.00
2023/04/11	2.47	2.48	2.45	2.47	215999554	532026208.00
2023/04/12	2.47	2.52	2.46	2.51	358262264	895312448.00
2023/04/13	2.50	2.64	2.49	2.60	945820337	2434598144.00
2023/04/14	2.60	2.73	2.59	2.69	1252643828	3359697152.00
2023/04/17	2.69	2.73	2.66	2.70	668389752	1800877952.00
2023/04/18	2.68	2.71	2.65	2.70	445649329	1196943232.00
2023/04/19	2.69	2.71	2.64	2.66	374659432	1003504576.00
2023/04/20	2.65	2.70	2.62	2.70	479488123	1275020288.00
2023/04/21	2.70	2.80	2.66	2.67	582543240	1583633152.00
2023/04/24	2.68	2.72	2.65	2.67	433758549	1161805568.00
2023/04/25	2.67	2.70	2.63	2.67	343520123	916283520.00
2023/04/26	2.65	2.66	2.57	2.61	382146362	999397056.00
2023/04/27	2.62	2.76	2.61	2.70	596239024	1610556928.00
2023/04/28	2.69	2.73	2.63	2.71	527386854	1410358656.00
2023/05/04	2.69	2.79	2.67	2.76	621482142	1705551360.00
2023/05/05	2.75	2.78	2.68	2.70	461109265	1253479168.00
2023/05/08	2.70	2.76	2.66	2.73	542824079	1476125184.00
2023/05/09	2.74	2.79	2.66	2.67	678191698	1851169408.00
2023/05/10	2.65	2.71	2.63	2.65	456513977	1216391808.00
2023/05/11	2.65	2.66	2.61	2.63	282964989	744221440.00
2023/05/12	2.62	2.64	2.56	2.56	385015425	996682048.00
2023/05/15	2.56	2.57	2.52	2.56	353816016	900494720.00
2023/05/16	2.56	2.57	2.50	2.51	335550050	848608832.00
2023/05/17	2.51	2.53	2.48	2.51	279322704	699742784.00
2023/05/18	2.51	2.55	2.50	2.51	327358704	827247424.00
2023/05/19	2.51	2.52	2.46	2.47	323194623	801427008.00
2023/05/22	2.48	2.49	2.44	2.45	290410668	715000960.00
2023/05/23	2.46	2.47	2.39	2.40	452304912	1096250368.00
2023/05/24	2.39	2.40	2.37	2.38	256538050	611419840.00
2023/05/25	2.37	2.39	2.35	2.38	303628055	720404992.00
2023/05/26	2.39	2.41	2.37	2.39	215335492	514101504.00
2023/05/29	2.40	2.42	2.39	2.40	229411225	552004480.00
2023/05/30	2.40	2.44	2.39	2.42	315408289	762061504.00
2023/05/31	2.41	2.42	2.39	2.40	192062643	460680608.00
2023/06/01	2.39	2.42	2.38	2.40	191068130	458545568.00
2023/06/02	2.40	2.42	2.39	2.41	184010696	442802752.00
2023/06/05	2.41	2.42	2.37	2.38	267279947	638333824.00
2023/06/06	2.38	2.40	2.35	2.36	237620934	565190080.00
2023/06/07	2.36	2.37	2.33	2.35	219737922	516217216.00
2023/06/08	2.35	2.40	2.34	2.40	238737232	565963328.00
2023/06/09	2.40	2.41	2.38	2.40	163996184	392720384.00
2023/06/12	2.40	2.40	2.37	2.38	156910218	373933696.00
2023/06/13	2.38	2.39	2.36	2.37	128167928	303991840.00
2023/06/14	2.37	2.39	2.35	2.36	146719247	346939872.00
2023/06/15	2.36	2.37	2.34	2.36	218019832	513033696.00
2023/06/16	2.35	2.38	2.34	2.37	244018403	577676096.00
2023/06/19	2.36	2.37	2.34	2.35	162396956	381993952.00
2023/06/20	2.35	2.36	2.33	2.33	176770420	413935648.00
2023/06/21	2.33	2.35	2.32	2.32	166220302	387890112.00
2023/06/26	2.31	2.31	2.28	2.29	206568895	474142656.00
2023/06/27	2.29	2.34	2.28	2.33	151415858	351011264.00
2023/06/28	2.33	2.34	2.31	2.33	101802157	236242288.00
2023/06/29	2.33	2.33	2.31	2.32	106119175	246282160.00
2023/06/30	2.32	2.35	2.31	2.34	120751004	282479936.00
2023/07/03	2.36	2.39	2.35	2.37	187882145	444806272.00
2023/07/04	2.36	2.38	2.35	2.36	132778982	313619328.00
2023/07/05	2.36	2.39	2.36	2.36	151966086	360851360.00
2023/07/06	2.36	2.37	2.34	2.35	145522387	342601952.00
2023/07/07	2.35	2.38	2.34	2.37	118190594	279135712.00
2023/07/10	2.37	2.38	2.36	2.37	93248470	220921792.00
2023/07/11	2.37	2.39	2.36	2.37	96815720	229582288.00
2023/07/12	2.38	2.38	2.34	2.35	153834608	362999168.00
2023/07/13	2.36	2.37	2.35	2.37	89031928	210353456.00
2023/07/14	2.37	2.38	2.36	2.37	112355151	266081216.00
2023/07/17	2.36	2.37	2.35	2.36	67978058	160019440.00
2023/07/18	2.36	2.36	2.34	2.35	95396621	224450688.00
2023/07/19	2.35	2.37	2.35	2.37	105308755	248501952.00
2023/07/20	2.37	2.37	2.35	2.35	112208244	264431984.00
2023/07/21	2.35	2.35	2.33	2.34	116320291	272140608.00
2023/07/24	2.34	2.36	2.33	2.35	91926188	215986640.00
2023/07/25	2.36	2.39	2.36	2.38	233696156	555621248.00
2023/07/26	2.38	2.39	2.37	2.39	145291545	346163872.00
2023/07/27	2.39	2.42	2.38	2.40	250343973	602070144.00
2023/07/28	2.40	2.44	2.38	2.43	272178427	656896448.00
2023/07/31	2.44	2.48	2.43	2.45	309246462	759538304.00
2023/08/01	2.45	2.48	2.45	2.46	214375029	527915424.00
2023/08/02	2.45	2.47	2.43	2.44	214381652	524541792.00
2023/08/03	2.44	2.46	2.42	2.46	191960491	469192736.00
2023/08/04	2.47	2.48	2.44	2.45	189250641	465358208.00
2023/08/07	2.45	2.45	2.42	2.44	161198710	392532480.00
2023/08/08	2.43	2.44	2.41	2.42	132209715	320783328.00
2023/08/09	2.42	2.44	2.41	2.41	121553944	294725600.00
2023/08/10	2.42	2.43	2.41	2.43	99503205	240865328.00
2023/08/11	2.43	2.43	2.36	2.37	226666442	542243392.00
2023/08/14	2.36	2.39	2.34	2.37	184277086	435070592.00
2023/08/15	2.37	2.39	2.35	2.37	123905812	293963840.00
2023/08/16	2.37	2.39	2.35	2.37	118699942	281084288.00
2023/08/17	2.36	2.38	2.35	2.37	135451461	320049280.00
2023/08/18	2.38	2.39	2.35	2.36	150742361	357840128.00
2023/08/21	2.35	2.37	2.34	2.34	132776981	312495840.00
2023/08/22	2.34	2.37	2.33	2.35	211027758	495185024.00
2023/08/23	2.35	2.36	2.33	2.33	146149769	342357728.00
2023/08/24	2.34	2.34	2.27	2.28	328658627	755886336.00
2023/08/25	2.27	2.30	2.26	2.28	157069301	358366656.00
2023/08/28	2.38	2.39	2.29	2.30	271240134	633231040.00
2023/08/29	2.30	2.33	2.29	2.32	216458836	500164544.00
2023/08/30	2.32	2.33	2.29	2.30	177714645	409584288.00
2023/08/31	2.30	2.31	2.28	2.29	139693729	319682528.00
2023/09/01	2.29	2.31	2.29	2.30	115529823	265392400.00
2023/09/04	2.31	2.33	2.30	2.32	182726725	423232800.00
2023/09/05	2.32	2.33	2.30	2.31	123196036	284337760.00
2023/09/06	2.30	2.31	2.29	2.30	162062621	372347072.00
2023/09/07	2.29	2.30	2.27	2.28	125585218	286785824.00
2023/09/08	2.27	2.29	2.27	2.28	91637211	208585536.00
2023/09/11	2.28	2.30	2.27	2.29	139665297	318833664.00
2023/09/12	2.29	2.30	2.28	2.29	112010766	256337616.00
2023/09/13	2.28	2.29	2.27	2.28	121380125	276635840.00
2023/09/14	2.28	2.29	2.27	2.28	99463286	226654768.00
2023/09/15	2.29	2.29	2.27	2.27	152840592	347738848.00
2023/09/18	2.26	2.27	2.25	2.26	115728983	261719088.00
2023/09/19	2.26	2.27	2.25	2.26	92749238	209812800.00
2023/09/20	2.26	2.27	2.25	2.25	89718434	202255312.00
2023/09/21	2.25	2.26	2.23	2.23	114227087	256257456.00
2023/09/22	2.23	2.26	2.22	2.25	117887153	264321648.00
2023/09/25	2.25	2.26	2.24	2.24	76066097	170881216.00
2023/09/26	2.25	2.25	2.24	2.24	43958017	98665744.00
2023/09/27	2.24	2.28	2.24	2.26	139725923	316264032.00
2023/09/28	2.26	2.28	2.25	2.26	92032514	208657024.00
2023/10/09	2.26	2.28	2.25	2.26	104497462	236632416.00
2023/10/10	2.27	2.28	2.24	2.24	140965656	317570048.00
2023/10/11	2.25	2.26	2.24	2.24	87991597	197720592.00
2023/10/12	2.25	2.26	2.24	2.26	76665527	172772912.00
2023/10/13	2.25	2.26	2.24	2.24	51414162	115351456.00
2023/10/16	2.24	2.25	2.23	2.23	85241238	190614448.00
2023/10/17	2.23	2.24	2.22	2.23	71234154	159011920.00
2023/10/18	2.23	2.24	2.21	2.22	125625877	279005248.00
2023/10/19	2.21	2.22	2.18	2.19	162638685	357994176.00
2023/10/20	2.17	2.19	2.17	2.18	125007003	272433088.00
2023/10/23	2.18	2.18	2.12	2.13	159173817	342069248.00
2023/10/24	2.14	2.16	2.13	2.16	119252307	256375840.00
2023/10/25	2.19	2.23	2.19	2.21	196061849	433500192.00
2023/10/26	2.20	2.22	2.19	2.21	115987733	255407664.00
2023/10/27	2.21	2.23	2.20	2.22	106039588	235572976.00
2023/10/30	2.21	2.21	2.18	2.19	156388286	342850336.00
2023/10/31	2.19	2.20	2.17	2.18	85591860	186798432.00
2023/11/01	2.19	2.19	2.17	2.18	75655616	164757136.00
2023/11/02	2.17	2.21	2.17	2.18	151088594	330629888.00
2023/11/03	2.18	2.19	2.17	2.18	109477734	238586720.00
2023/11/06	2.19	2.21	2.18	2.20	144487509	316846016.00
2023/11/07	2.20	2.20	2.18	2.19	135018228	295660992.00
2023/11/08	2.19	2.19	2.17	2.17	106238864	231488128.00
2023/11/09	2.17	2.19	2.17	2.18	86798164	189166240.00
2023/11/10	2.18	2.18	2.16	2.17	90788033	196845648.00
2023/11/13	2.17	2.19	2.16	2.18	95225085	207357760.00
2023/11/14	2.18	2.20	2.18	2.19	79975388	174930736.00
2023/11/15	2.20	2.20	2.18	2.18	107932862	236368048.00
2023/11/16	2.19	2.19	2.17	2.17	71375984	155399360.00
2023/11/17	2.17	2.18	2.16	2.17	93666793	203156800.00
2023/11/20	2.17	2.18	2.16	2.17	78211063	169753312.00
2023/11/21	2.18	2.19	2.17	2.18	99982916	218027120.00
2023/11/22	2.17	2.18	2.16	2.17	71703144	155723328.00
2023/11/23	2.16	2.18	2.16	2.17	71883386	155958640.00
2023/11/24	2.17	2.18	2.16	2.17	79500161	172386576.00
2023/11/27	2.17	2.17	2.14	2.15	151076138	325088512.00
2023/11/28	2.15	2.16	2.14	2.15	80986791	173894512.00
2023/11/29	2.15	2.15	2.13	2.13	98046650	209331488.00
2023/11/30	2.13	2.14	2.12	2.13	99688593	212463776.00
2023/12/01	2.14	2.16	2.12	2.15	142996097	306359424.00
2023/12/04	2.15	2.16	2.15	2.16	50176356	108130672.00
2023/12/05	2.15	2.16	2.13	2.13	101314795	216613936.00
2023/12/06	2.14	2.15	2.13	2.13	94441076	201633296.00
2023/12/07	2.13	2.14	2.12	2.13	107408997	228516992.00
2023/12/08	2.13	2.14	2.12	2.12	111002828	236088608.00
2023/12/11	2.12	2.13	2.10	2.12	144995584	306002688.00
2023/12/12	2.12	2.14	2.11	2.13	82464589	175468528.00
2023/12/13	2.13	2.14	2.11	2.11	69334776	146969504.00
2023/12/14	2.12	2.13	2.11	2.12	90367781	191444096.00
2023/12/15	2.12	2.13	2.11	2.12	112492051	238123072.00
2023/12/18	2.11	2.12	2.09	2.09	91058646	191523504.00
2023/12/19	2.09	2.10	2.07	2.09	105110768	219299296.00
2023/12/20	2.09	2.10	2.07	2.08	86765762	180875456.00
2023/12/21	2.08	2.09	2.06	2.08	102125193	212076560.00
2023/12/22	2.08	2.10	2.07	2.08	129126949	269367104.00
2023/12/25	2.08	2.09	2.07	2.08	56521345	117553176.00
2023/12/26	2.08	2.08	2.06	2.07	60270055	124635984.00
2023/12/27	2.07	2.08	2.05	2.08	79978983	165268384.00
2023/12/28	2.07	2.11	2.07	2.10	139411472	291966720.00
2023/12/29	2.10	2.11	2.09	2.10	95230158	200132368.00
2024/01/02	2.10	2.11	2.09	2.09	108703196	228200384.00
2024/01/03	2.09	2.11	2.08	2.10	96974295	203441184.00
2024/01/04	2.10	2.11	2.08	2.09	85148383	178160896.00
2024/01/05	2.09	2.11	2.08	2.09	134917209	282685216.00
2024/01/08	2.09	2.09	2.06	2.07	124968036	258847936.00
2024/01/09	2.06	2.08	2.06	2.06	92442897	190991632.00
2024/01/10	2.06	2.07	2.04	2.05	112783956	231827360.00
2024/01/11	2.05	2.07	2.04	2.06	105201980	216387856.00
2024/01/12	2.06	2.08	2.05	2.06	74989848	155045632.00
2024/01/15	2.06	2.08	2.05	2.07	76540016	158157760.00
2024/01/16	2.07	2.08	2.05	2.07	97520569	201339680.00
2024/01/17	2.07	2.07	2.04	2.04	94823652	195193168.00
2024/01/18	2.05	2.06	2.01	2.06	194782027	396399392.00
2024/01/19	2.05	2.06	2.04	2.05	87759350	180166688.00
2024/01/22	2.05	2.06	2.02	2.04	147611124	301678560.00
2024/01/23	2.03	2.04	2.02	2.03	91364010	185460032.00
2024/01/24	2.04	2.10	2.02	2.10	239921160	494034880.00
2024/01/25	2.09	2.18	2.08	2.17	435876813	932252800.00
2024/01/26	2.16	2.18	2.13	2.15	329734437	709918144.00
2024/01/29	2.15	2.22	2.15	2.17	447133632	975086528.00
2024/01/30	2.15	2.17	2.12	2.13	292334419	626724928.00
2024/01/31	2.12	2.14	2.09	2.11	259094397	549053248.00
2024/02/01	2.11	2.12	2.09	2.09	168435637	354346752.00
2024/02/02	2.09	2.13	2.06	2.11	260528305	547161344.00
2024/02/05	2.09	2.11	2.03	2.09	304618564	633089152.00
2024/02/06	2.08	2.16	2.07	2.15	281858904	598101632.00
2024/02/07	2.15	2.16	2.13	2.15	210441025	451494752.00
2024/02/08	2.16	2.17	2.13	2.15	240905620	517669280.00
2024/02/19	2.16	2.17	2.14	2.16	182552097	393534240.00
2024/02/20	2.15	2.16	2.14	2.15	120153321	258365072.00
2024/02/21	2.15	2.20	2.14	2.17	287942577	626495040.00
2024/02/22	2.16	2.18	2.16	2.18	149557118	324568736.00
2024/02/23	2.18	2.19	2.16	2.17	128592615	279565728.00
2024/02/26	2.18	2.18	2.15	2.15	179314470	387901792.00
2024/02/27	2.15	2.17	2.14	2.16	134245281	289843648.00
2024/02/28	2.17	2.19	2.16	2.16	232805152	506246464.00
2024/02/29	2.16	2.18	2.15	2.18	159319532	345684736.00
2024/03/01	2.18	2.19	2.16	2.17	138653626	301307232.00
2024/03/04	2.17	2.18	2.15	2.16	120312136	260261424.00
2024/03/05	2.16	2.17	2.15	2.16	110747432	239040720.00
2024/03/06	2.16	2.20	2.15	2.17	218049224	473349440.00
2024/03/07	2.17	2.19	2.15	2.16	171557701	372379776.00
2024/03/08	2.16	2.18	2.15	2.17	126084769	272963264.00
2024/03/11	2.17	2.18	2.16	2.18	126726714	275045056.00
2024/03/12	2.18	2.18	2.16	2.16	116456400	252212032.00
2024/03/13	2.16	2.17	2.15	2.15	92745816	199811312.00
2024/03/14	2.15	2.17	2.14	2.15	174419617	375697536.00
2024/03/15	2.15	2.16	2.14	2.14	116857606	250567760.00
2024/03/18	2.15	2.17	2.14	2.16	170703966	368248320.00
2024/03/19	2.16	2.17	2.15	2.15	103620167	223523088.00
2024/03/20	2.15	2.16	2.15	2.15	73785734	158902816.00
2024/03/21	2.16	2.16	2.14	2.14	92150847	197942432.00
2024/03/22	2.15	2.15	2.12	2.12	179253867	381577312.00
2024/03/25	2.12	2.14	2.11	2.12	98154365	208614224.00
2024/03/26	2.12	2.13	2.11	2.13	97758357	207256912.00
2024/03/27	2.12	2.13	2.09	2.10	102873971	217086432.00
2024/03/28	2.09	2.12	2.09	2.10	126468195	266230400.00
2024/03/29	2.11	2.13	2.10	2.12	128228600	272054784.00
2024/04/01	2.14	2.18	2.13	2.18	293387628	634144832.00
2024/04/02	2.18	2.19	2.17	2.18	182685470	398192064.00
2024/04/03	2.18	2.19	2.17	2.18	132404906	288382080.00
2024/04/08	2.17	2.19	2.16	2.17	141158451	307423264.00
2024/04/09	2.17	2.18	2.16	2.18	110601917	239962320.00
2024/04/10	2.18	2.18	2.14	2.14	161642377	348549696.00
2024/04/11	2.14	2.18	2.13	2.17	157642901	340449920.00
2024/04/12	2.17	2.17	2.14	2.15	105298332	227046544.00
2024/04/15	2.15	2.25	2.14	2.21	431502047	949053376.00
2024/04/16	2.20	2.23	2.19	2.19	330053284	729154496.00
2024/04/17	2.18	2.25	2.17	2.25	348878990	772862848.00
2024/04/18	2.25	2.29	2.23	2.24	322402850	728569984.00
2024/04/19	2.23	2.27	2.22	2.25	221170485	498260224.00
2024/04/22	2.26	2.27	2.23	2.23	193218227	434221888.00
2024/04/23	2.23	2.24	2.19	2.20	178398503	394974208.00
2024/04/24	2.21	2.21	2.19	2.20	111458659	245329392.00
2024/04/25	2.20	2.23	2.20	2.21	122054102	270006688.00
2024/04/26	2.21	2.23	2.20	2.22	157080965	347833376.00
2024/04/29	2.22	2.24	2.21	2.23	177867796	396213472.00
2024/04/30	2.24	2.24	2.20	2.20	189873438	420506368.00
2024/05/06	2.22	2.23	2.21	2.21	156859126	347784864.00
2024/05/07	2.21	2.22	2.19	2.19	167874664	369439424.00
2024/05/08	2.19	2.20	2.17	2.17	135079891	294058976.00
2024/05/09	2.17	2.20	2.16	2.19	155019168	338565952.00
2024/05/10	2.20	2.20	2.18	2.20	135344888	296663616.00
2024/05/13	2.20	2.23	2.18	2.22	247953146	548296704.00
2024/05/14	2.23	2.24	2.22	2.23	155578079	346786400.00
2024/05/15	2.22	2.23	2.21	2.22	106741599	236576416.00
2024/05/16	2.21	2.24	2.21	2.23	182141396	405879104.00
2024/05/17	2.23	2.25	2.22	2.25	188811393	422995040.00
2024/05/20	2.25	2.26	2.22	2.24	251199980	563144320.00
2024/05/21	2.24	2.25	2.22	2.24	207228334	463726592.00
2024/05/22	2.24	2.26	2.23	2.25	209001823	470080224.00
2024/05/23	2.25	2.25	2.21	2.22	195896985	436838336.00
2024/05/24	2.22	2.24	2.21	2.23	154953212	345069440.00
2024/05/27	2.23	2.24	2.20	2.22	207009287	459223040.00
2024/05/28	2.22	2.23	2.20	2.20	161888599	357945472.00
2024/05/29	2.20	2.21	2.19	2.19	92866684	204166512.00
2024/05/30	2.19	2.21	2.18	2.19	133984786	294632768.00
2024/05/31	2.20	2.20	2.18	2.19	119976106	262755088.00
2024/06/03	2.18	2.19	2.15	2.16	210108193	455178784.00
2024/06/04	2.16	2.18	2.14	2.17	163293889	353018784.00
2024/06/05	2.17	2.19	2.16	2.17	108453659	235992928.00
2024/06/06	2.17	2.18	2.15	2.15	137488497	297142048.00
2024/06/07	2.15	2.17	2.15	2.16	123199534	266028544.00
2024/06/11	2.16	2.17	2.14	2.14	121125904	260254192.00
2024/06/12	2.15	2.15	2.12	2.13	160502352	341971072.00
2024/06/13	2.13	2.14	2.10	2.11	126296961	266963024.00
2024/06/14	2.11	2.12	2.10	2.12	161123525	339922336.00
2024/06/17	2.11	2.13	2.10	2.11	111047354	234932592.00
2024/06/18	2.11	2.15	2.10	2.14	202891321	431467456.00
2024/06/19	2.14	2.15	2.13	2.13	118861797	254327760.00
2024/06/20	2.13	2.14	2.10	2.11	112323773	237776304.00
2024/06/21	2.11	2.13	2.10	2.12	95657628	202382096.00
2024/06/24	2.11	2.12	2.08	2.10	135720277	284891776.00
2024/06/25	2.10	2.12	2.08	2.09	127622177	267973360.00
2024/06/26	2.09	2.10	2.07	2.10	131624891	274678208.00
2024/06/27	2.09	2.10	2.08	2.09	96639365	202280656.00
2024/06/28	2.09	2.13	2.08	2.12	158572249	335090880.00
2024/07/01	2.12	2.16	2.11	2.15	184193449	394018400.00
2024/07/02	2.15	2.15	2.13	2.14	129267133	276604672.00
2024/07/03	2.14	2.15	2.12	2.12	102605383	218830208.00
2024/07/04	2.13	2.14	2.11	2.12	103565329	219972576.00
2024/07/05	2.11	2.12	2.09	2.11	121553782	255945552.00
2024/07/08	2.11	2.12	2.09	2.10	98262600	206113808.00
2024/07/09	2.09	2.12	2.08	2.11	140404029	294653312.00
2024/07/10	2.11	2.12	2.09	2.10	93746077	197429520.00
2024/07/11	2.11	2.13	2.10	2.13	149043915	315716576.00
2024/07/12	2.13	2.15	2.12	2.13	132127471	281909376.00
2024/07/15	2.13	2.14	2.12	2.13	83832390	178679872.00
2024/07/16	2.13	2.15	2.13	2.15	110466744	236901664.00
2024/07/17	2.15	2.16	2.14	2.15	134427841	288981920.00
2024/07/18	2.15	2.16	2.13	2.16	128249999	275338464.00
2024/07/19	2.15	2.16	2.14	2.15	122016497	262769152.00
2024/07/22	2.15	2.16	2.14	2.15	97428606	209449792.00
2024/07/23	2.15	2.16	2.13	2.13	147220367	316202848.00
2024/07/24	2.13	2.15	2.12	2.14	128956672	275485984.00
2024/07/25	2.14	2.17	2.13	2.17	160522775	346628672.00
2024/07/26	2.17	2.18	2.16	2.18	120868703	262168320.00
2024/07/29	2.18	2.21	2.17	2.21	161157075	354000416.00
2024/07/30	2.21	2.22	2.19	2.22	148135497	327294304.00
2024/07/31	2.22	2.24	2.20	2.21	186376887	413477632.00
2024/08/01	2.21	2.26	2.21	2.25	264490862	593436224.00
2024/08/02	2.24	2.26	2.23	2.24	187324220	420201088.00
2024/08/05	2.24	2.27	2.22	2.23	211764122	475992544.00
2024/08/06	2.23	2.25	2.21	2.22	179872789	399956960.00
2024/08/07	2.23	2.25	2.22	2.24	154618136	346385024.00
2024/08/08	2.24	2.25	2.23	2.23	111785857	250260048.00
2024/08/09	2.24	2.25	2.23	2.23	98943641	221418928.00
2024/08/12	2.23	2.25	2.21	2.22	109840218	244855456.00
2024/08/13	2.22	2.23	2.20	2.23	124307225	275769696.00
2024/08/14	2.24	2.27	2.23	2.24	177655433	399480768.00
2024/08/15	2.22	2.25	2.21	2.25	195207825	436616224.00
2024/08/16	2.25	2.27	2.23	2.24	131155207	294569632.00
2024/08/19	2.24	2.25	2.22	2.24	150628026	337239360.00
2024/08/20	2.24	2.25	2.22	2.23	117052916	261189760.00
2024/08/21	2.22	2.23	2.21	2.21	103556638	229637120.00
2024/08/22	2.22	2.22	2.20	2.20	79079864	174774944.00
2024/08/23	2.21	2.21	2.18	2.19	112816808	247293088.00
2024/08/26	2.19	2.23	2.19	2.22	139339639	307971296.00
2024/08/27	2.21	2.22	2.16	2.18	153090363	334067168.00
2024/08/28	2.17	2.19	2.16	2.17	99495193	216417264.00
2024/08/29	2.17	2.17	2.12	2.13	198286606	424010368.00
2024/08/30	2.13	2.15	2.11	2.13	176795383	377475168.00
2024/09/02	2.13	2.14	2.08	2.08	221028613	463493248.00
2024/09/03	2.09	2.10	2.07	2.09	126042966	262514512.00
2024/09/04	2.08	2.09	2.06	2.07	142814821	296124064.00
2024/09/05	2.07	2.09	2.06	2.08	158809874	328765344.00
2024/09/06	2.08	2.09	2.06	2.06	108371796	224858496.00
2024/09/09	2.06	2.07	2.03	2.04	149125145	305199072.00
2024/09/10	2.04	2.06	2.03	2.05	121893160	248893424.00
2024/09/11	2.05	2.05	2.02	2.03	113512690	230945664.00
2024/09/12	2.04	2.05	2.03	2.03	97669174	199011744.00
2024/09/13	2.03	2.05	2.03	2.03	72401274	147411472.00
2024/09/18	2.03	2.04	2.01	2.04	113393104	229702480.00
2024/09/19	2.04	2.07	2.03	2.05	141766713	290454720.00
2024/09/20	2.06	2.06	2.03	2.05	116561280	238177808.00
2024/09/23	2.04	2.06	2.03	2.04	87437596	178873808.00
2024/09/24	2.05	2.10	2.04	2.09	234991114	487022944.00
2024/09/25	2.11	2.19	2.11	2.14	345343619	741978496.00
2024/09/26	2.13	2.21	2.13	2.21	329961224	717480256.00
2024/09/27	2.24	2.27	2.21	2.24	286811399	641068032.00
2024/09/30	2.30	2.43	2.28	2.41	843822060	1992820608.00
2024/10/08	2.64	2.65	2.39	2.45	1031381795	2584475648.00
2024/10/09	2.42	2.42	2.23	2.25	714678109	1651051136.00
2024/10/10	2.27	2.48	2.25	2.45	1377555669	3328300032.00
2024/10/11	2.38	2.39	2.29	2.31	792179645	1855849344.00
2024/10/14	2.33	2.38	2.30	2.35	479472299	1121347712.00
2024/10/15	2.37	2.43	2.33	2.34	586928975	1399606656.00
2024/10/16	2.31	2.38	2.30	2.36	401179130	946096256.00
2024/10/17	2.36	2.38	2.30	2.31	388577007	906554304.00
2024/10/18	2.31	2.38	2.28	2.34	454019466	1055124544.00
2024/10/21	2.36	2.37	2.33	2.35	374271787	879947072.00
2024/10/22	2.35	2.35	2.33	2.35	225230455	527067936.00
2024/10/23	2.35	2.40	2.34	2.36	409479301	970099648.00
2024/10/24	2.36	2.36	2.32	2.34	228830528	535083072.00
2024/10/25	2.33	2.35	2.33	2.34	243305248	568944704.00
2024/10/28	2.34	2.37	2.33	2.37	350720992	826294144.00
2024/10/29	2.37	2.38	2.32	2.33	317611581	744354176.00
2024/10/30	2.32	2.35	2.30	2.33	277611287	645520448.00
2024/10/31	2.33	2.36	2.32	2.34	366695597	858481728.00
2024/11/01	2.35	2.46	2.34	2.38	796880732	1907672448.00
2024/11/04	2.39	2.42	2.37	2.41	446586930	1069443008.00
2024/11/05	2.42	2.51	2.41	2.50	639921188	1576537856.00
2024/11/06	2.50	2.51	2.45	2.50	547823684	1358068736.00
2024/11/07	2.48	2.58	2.47	2.58	637346984	1619468288.00
2024/11/08	2.60	2.62	2.50	2.51	602987711	1530572544.00
2024/11/11	2.50	2.52	2.45	2.47	377623844	935538368.00
2024/11/12	2.47	2.52	2.44	2.46	492273018	1221605248.00
2024/11/13	2.44	2.50	2.44	2.47	364104377	900074752.00
2024/11/14	2.47	2.47	2.42	2.43	323223851	791606400.00
2024/11/15	2.42	2.45	2.40	2.40	317419304	771118080.00
2024/11/18	2.43	2.52	2.42	2.44	713053760	1762216192.00
2024/11/19	2.43	2.44	2.36	2.40	448476322	1073612544.00
2024/11/20	2.40	2.41	2.38	2.40	268743256	644021184.00
2024/11/21	2.40	2.42	2.38	2.39	211470422	506222688.00
2024/11/22	2.39	2.40	2.33	2.33	321606059	759548800.00
2024/11/25	2.33	2.34	2.29	2.32	309869081	718395392.00
2024/11/26	2.32	2.33	2.30	2.31	189941444	439809632.00
2024/11/27	2.30	2.34	2.28	2.33	272352521	628016256.00
2024/11/28	2.33	2.35	2.31	2.33	268710816	626425664.00
2024/11/29	2.32	2.35	2.32	2.34	240873652	562823488.00
2024/12/02	2.34	2.38	2.33	2.37	321175312	757144448.00
2024/12/03	2.37	2.39	2.35	2.38	240426892	569424832.00
2024/12/04	2.37	2.38	2.34	2.35	221911708	522467168.00
2024/12/05	2.34	2.36	2.33	2.35	181651382	425863008.00
2024/12/06	2.35	2.41	2.34	2.40	457036597	1091916160.00
2024/12/09	2.41	2.44	2.38	2.40	364585932	878803520.00
2024/12/10	2.45	2.46	2.39	2.39	359976310	870398016.00
2024/12/11	2.39	2.42	2.38	2.40	268691779	645830272.00
2024/12/12	2.41	2.42	2.39	2.41	315722303	759080896.00
2024/12/13	2.40	2.41	2.35	2.36	341159969	808605504.00
2024/12/16	2.35	2.37	2.34	2.36	203044238	478411264.00
2024/12/17	2.36	2.36	2.31	2.31	285935830	665883008.00
2024/12/18	2.34	2.38	2.32	2.33	295313063	692743936.00
2024/12/19	2.31	2.35	2.30	2.34	251754441	584796480.00
2024/12/20	2.34	2.35	2.31	2.32	206165209	479478176.00
2024/12/23	2.32	2.34	2.31	2.32	254861536	593053440.00
2024/12/24	2.32	2.36	2.32	2.36	285285289	668335488.00
2024/12/25	2.37	2.37	2.33	2.34	239628891	561942080.00
2024/12/26	2.34	2.34	2.31	2.32	182452507	424045632.00
2024/12/27	2.33	2.34	2.31	2.33	216457744	503868640.00
2024/12/30	2.33	2.34	2.32	2.33	149757976	348562208.00
2024/12/31	2.32	2.34	2.29	2.29	270855897	625733760.00
2025/01/02	2.29	2.30	2.20	2.22	396702279	892458496.00
2025/01/03	2.22	2.23	2.18	2.19	270991395	598357504.00
2025/01/06	2.19	2.21	2.18	2.20	191195488	420020224.00
2025/01/07	2.20	2.21	2.19	2.21	160877940	354093152.00
2025/01/08	2.21	2.23	2.19	2.22	253643396	559239360.00
2025/01/09	2.21	2.22	2.19	2.20	157970403	347802368.00
2025/01/10	2.20	2.21	2.18	2.18	156762799	344075200.00
2025/01/13	2.17	2.19	2.16	2.18	172501756	374969312.00
2025/01/14	2.18	2.23	2.17	2.23	247108680	545680768.00
2025/01/15	2.23	2.25	2.22	2.23	202461925	452187200.00
2025/01/16	2.24	2.27	2.23	2.24	195084355	438683040.00
2025/01/17	2.24	2.27	2.23	2.26	164898224	371292416.00
2025/01/20	2.26	2.28	2.23	2.23	178998544	402960544.00
2025/01/21	2.24	2.25	2.22	2.23	145688385	325430304.00
2025/01/22	2.23	2.23	2.20	2.21	139102160	307976384.00
2025/01/23	2.23	2.26	2.22	2.23	186141966	417245984.00
2025/01/24	2.22	2.25	2.22	2.24	163116536	364946656.00
2025/01/27	2.24	2.27	2.24	2.25	173620706	391313248.00
2025/02/05	2.26	2.26	2.22	2.22	142243490	317530880.00
2025/02/06	2.23	2.25	2.22	2.24	151740863	339072320.00
2025/02/07	2.24	2.28	2.23	2.26	285546161	644222400.00
2025/02/10	2.26	2.29	2.25	2.27	250257686	568530688.00
2025/02/11	2.27	2.28	2.25	2.28	179766446	406979616.00
2025/02/12	2.27	2.28	2.25	2.28	191811332	434367456.00
2025/02/13	2.27	2.29	2.26	2.26	203425125	462879968.00
2025/02/14	2.27	2.28	2.25	2.26	146382464	331506816.00
2025/02/17	2.27	2.28	2.26	2.27	208739690	474167456.00
2025/02/18	2.28	2.28	2.24	2.25	196575470	444940480.00
2025/02/19	2.25	2.27	2.24	2.25	185284025	417572672.00
2025/02/20	2.25	2.26	2.21	2.22	250041536	556872704.00
2025/02/21	2.23	2.24	2.20	2.23	265949218	591290944.00
2025/02/24	2.23	2.37	2.22	2.31	665931163	1539523840.00
2025/02/25	2.30	2.31	2.27	2.29	275729205	631478016.00
2025/02/26	2.29	2.35	2.29	2.32	345417472	803010432.00
2025/02/27	2.32	2.34	2.29	2.32	264601609	611822976.00
2025/02/28	2.32	2.34	2.29	2.30	289473408	670755712.00
数据来源:通达信
