600895 张江高科 日线 不复权
      日期	    开盘	    最高	    最低	    收盘	    成交量	    成交额
2020/01/02	15.46	15.61	15.32	15.35	16829796	259768816.00
2020/01/03	15.35	15.38	15.15	15.19	11826711	180231600.00
2020/01/06	15.11	15.42	14.93	15.29	14933979	227333440.00
2020/01/07	15.33	15.66	15.30	15.49	19392333	300134272.00
2020/01/08	15.30	15.39	15.05	15.08	13627818	207231792.00
2020/01/09	15.18	15.40	15.18	15.32	9369096	143522544.00
2020/01/10	15.32	15.38	15.15	15.18	7956474	121168320.00
2020/01/13	15.25	15.38	15.09	15.33	9191802	139974096.00
2020/01/14	15.37	15.65	15.32	15.53	19882174	309162208.00
2020/01/15	15.53	16.15	15.53	15.77	28566571	453853664.00
2020/01/16	15.85	15.89	15.46	15.49	15455662	240954288.00
2020/01/17	15.61	15.68	15.29	15.33	9201800	141994560.00
2020/01/20	15.35	15.56	15.19	15.51	9734315	149683104.00
2020/01/21	15.44	15.61	15.28	15.35	8858877	136551264.00
2020/01/22	15.27	15.27	14.85	15.09	12851956	193382896.00
2020/01/23	15.01	15.03	14.40	14.50	15643306	229638544.00
2020/02/03	13.05	13.05	13.05	13.05	3833000	50020648.00
2020/02/04	11.75	12.73	11.75	12.36	23177966	286848864.00
2020/02/05	12.40	13.06	12.40	12.82	18685470	239746304.00
2020/02/06	12.95	12.96	12.62	12.83	16563758	212286448.00
2020/02/07	12.83	13.02	12.68	13.01	13186302	168981072.00
2020/02/10	12.95	13.40	12.84	13.33	14123406	186323296.00
2020/02/11	13.32	13.49	13.22	13.32	10525535	140811856.00
2020/02/12	13.39	13.45	13.22	13.43	10779019	144164752.00
2020/02/13	13.48	13.78	13.43	13.53	13404030	182152256.00
2020/02/14	13.51	13.69	13.41	13.52	9705906	131443960.00
2020/02/17	13.80	14.28	13.69	14.14	17739678	248835008.00
2020/02/18	14.13	14.23	13.99	14.04	14491486	203976320.00
2020/02/19	14.12	14.33	14.01	14.10	13931801	196758864.00
2020/02/20	14.13	14.24	13.87	14.20	17229447	242582208.00
2020/02/21	14.17	14.53	14.13	14.40	18773058	269675936.00
2020/02/24	14.33	14.44	14.12	14.27	16170179	230515824.00
2020/02/25	13.97	14.19	13.53	13.90	23383994	324273184.00
2020/02/26	13.82	14.14	13.66	13.83	17977322	250827600.00
2020/02/27	13.90	13.98	13.71	13.75	10668983	147541312.00
2020/02/28	13.51	13.65	12.89	12.89	20745941	274082944.00
2020/03/02	13.10	13.89	13.10	13.74	21883647	299569696.00
2020/03/03	13.89	14.07	13.60	13.74	17347000	240004816.00
2020/03/04	13.68	13.95	13.66	13.88	13192453	182012912.00
2020/03/05	13.97	14.23	13.88	14.09	21897555	307936320.00
2020/03/06	14.00	14.07	13.83	13.88	12331168	171736176.00
2020/03/09	14.21	14.89	14.19	14.44	55872686	809948672.00
2020/03/10	14.07	14.23	13.19	14.06	38172323	526190272.00
2020/03/11	14.10	14.13	13.63	13.64	22646086	313664512.00
2020/03/12	13.41	13.54	13.18	13.23	17453320	232062144.00
2020/03/13	12.61	13.09	12.44	12.86	17651714	225047392.00
2020/03/16	13.21	13.33	12.56	12.60	15571339	201815904.00
2020/03/17	12.54	12.97	12.17	12.49	11861738	148030496.00
2020/03/18	12.70	12.72	12.22	12.24	9422371	117704488.00
2020/03/19	12.24	12.42	12.01	12.39	9739478	118959336.00
2020/03/20	12.50	12.72	12.32	12.70	11203521	140055184.00
2020/03/23	12.39	12.39	12.07	12.09	10876569	132646272.00
2020/03/24	12.30	12.35	12.06	12.32	6696426	81827096.00
2020/03/25	12.48	12.96	12.30	12.79	15160821	190594800.00
2020/03/26	12.60	12.61	12.39	12.42	8197883	102372784.00
2020/03/27	12.55	12.61	12.35	12.37	5940779	74260592.00
2020/03/30	12.18	12.33	12.01	12.14	6826956	82637424.00
2020/03/31	12.26	12.36	12.11	12.13	4190038	51146352.00
2020/04/01	12.14	12.26	12.04	12.04	4679241	56813628.00
2020/04/02	12.00	12.36	11.95	12.34	8301750	101230984.00
2020/04/03	12.35	12.67	12.19	12.59	11942858	148204544.00
2020/04/07	12.61	12.93	12.49	12.75	13592559	172633536.00
2020/04/08	12.58	12.69	12.53	12.60	6878377	86643696.00
2020/04/09	12.65	12.72	12.57	12.59	6786702	85738856.00
2020/04/10	12.61	12.68	12.37	12.40	6442346	80490208.00
2020/04/13	12.41	12.45	12.20	12.24	4439969	54491592.00
2020/04/14	12.24	12.40	12.24	12.40	4525609	55853384.00
2020/04/15	12.41	12.65	12.37	12.45	6641425	83171632.00
2020/04/16	12.52	12.78	12.45	12.62	8921874	112949704.00
2020/04/17	12.69	12.72	12.50	12.51	7013383	88242208.00
2020/04/20	12.59	12.93	12.50	12.88	16937551	215314496.00
2020/04/21	12.72	12.86	12.40	12.66	11902711	150001936.00
2020/04/22	12.60	12.61	12.45	12.60	7202596	90272800.00
2020/04/23	12.60	12.65	12.48	12.48	6667421	83657216.00
2020/04/24	12.49	12.50	12.18	12.19	7923072	97537488.00
2020/04/27	12.25	12.93	12.25	12.67	20101823	254676384.00
2020/04/28	13.55	13.90	12.85	13.02	39165950	521207232.00
2020/04/29	12.55	12.89	12.45	12.55	17407023	219914272.00
2020/04/30	12.85	13.48	12.75	13.32	30971523	409097696.00
2020/05/06	13.43	13.68	13.25	13.49	31811805	430280352.00
2020/05/07	13.53	13.71	13.25	13.25	22983845	309054912.00
2020/05/08	13.35	13.45	13.21	13.28	15129700	201263872.00
2020/05/11	13.45	13.45	13.13	13.36	13393310	177684784.00
2020/05/12	13.24	13.29	13.07	13.18	8309034	109516512.00
2020/05/13	13.09	13.30	13.06	13.23	7043998	93124816.00
2020/05/14	13.20	13.22	12.97	13.01	9805487	128200168.00
2020/05/15	13.08	13.34	13.03	13.19	10380932	137024224.00
2020/05/18	13.28	14.19	13.23	13.72	34369006	471334688.00
2020/05/19	13.80	14.14	13.60	14.00	30458306	424060928.00
2020/05/20	14.03	14.06	13.60	13.60	18877272	260506256.00
2020/05/21	13.85	14.96	13.85	14.96	37231239	544998784.00
2020/05/22	15.48	15.65	14.49	14.51	70850334	1068419392.00
2020/05/25	14.53	15.35	14.53	14.70	50662143	758877120.00
2020/05/26	14.71	15.12	14.44	14.87	44709091	661874880.00
2020/05/27	14.88	16.36	14.70	15.91	94610117	1499617920.00
2020/05/28	16.02	16.85	15.69	16.14	94152932	1531207296.00
2020/05/29	15.94	16.06	15.56	15.61	58452321	921259648.00
2020/06/01	15.88	17.17	15.88	16.83	88311848	1472841472.00
2020/06/02	16.79	17.15	16.58	16.89	62035354	1045410432.00
2020/06/03	16.82	17.36	16.45	16.70	58184896	981033984.00
2020/06/04	16.63	16.75	15.90	15.97	55496337	894415744.00
2020/06/05	16.01	17.57	15.72	17.57	85190023	1437042432.00
2020/06/08	18.74	19.33	18.55	19.33	41174543	782547008.00
2020/06/09	19.80	20.23	18.91	19.70	145223201	2836086528.00
2020/06/10	19.23	19.50	18.64	19.11	94281390	1792209920.00
2020/06/11	18.80	20.77	18.70	19.64	119195077	2370211328.00
2020/06/12	18.90	19.89	18.50	19.46	79173273	1524379136.00
2020/06/15	19.00	21.35	18.90	20.29	101708896	2049886848.00
2020/06/16	20.64	21.18	19.91	20.45	75823167	1552011136.00
2020/06/17	20.13	20.20	19.51	19.70	66088101	1308802688.00
2020/06/18	19.56	20.38	19.50	19.77	57736453	1151998720.00
2020/06/19	19.48	19.48	18.64	19.32	69406411	1323143936.00
2020/06/22	19.28	20.06	19.11	19.30	62903443	1229296000.00
2020/06/23	19.11	19.63	19.02	19.11	43198632	832412864.00
2020/06/24	19.09	19.54	18.91	18.95	47499160	913986368.00
2020/06/29	18.99	20.00	18.83	19.60	59479410	1158371840.00
2020/06/30	19.60	20.40	19.30	20.37	69229958	1378062848.00
2020/07/01	20.12	20.38	19.56	19.80	52302134	1043093760.00
2020/07/02	19.80	21.16	19.73	20.69	79569671	1635124096.00
2020/07/03	20.48	20.65	20.08	20.30	53431816	1085532928.00
2020/07/06	20.35	21.84	20.35	21.33	77730600	1642110592.00
2020/07/07	21.51	22.48	21.00	21.97	82844027	1804344704.00
2020/07/08	21.70	22.17	21.39	21.91	59226796	1289983488.00
2020/07/09	21.91	22.73	21.71	22.00	68300134	1516470528.00
2020/07/10	21.71	24.09	21.39	23.53	98719945	2253740800.00
2020/07/13	24.00	24.44	23.27	24.15	74696277	1777759360.00
2020/07/14	23.95	24.05	22.80	23.03	67630223	1575168384.00
2020/07/15	22.93	23.33	21.62	21.65	54164719	1208920576.00
2020/07/16	22.00	22.25	20.12	20.35	48293175	1034575232.00
2020/07/17	20.09	20.40	19.42	19.76	40084710	797064768.00
2020/07/20	20.11	20.76	19.94	20.52	35121291	716233408.00
2020/07/21	22.57	22.57	22.09	22.57	37422632	844086784.00
2020/07/22	22.30	23.19	21.80	22.63	86979492	1966418048.00
2020/07/23	22.20	22.44	21.25	21.88	58114035	1266102656.00
2020/07/24	21.57	22.24	20.18	20.31	53459590	1131693056.00
2020/07/27	20.20	20.47	19.51	19.83	34053095	676727680.00
2020/07/28	19.97	20.18	19.62	20.02	24164906	481714880.00
2020/07/29	19.81	20.55	19.61	20.48	34940465	704491456.00
2020/07/30	20.42	20.49	19.91	19.95	26977662	542144832.00
2020/07/31	19.90	20.42	19.79	20.13	27762826	557878400.00
2020/08/03	20.47	20.95	20.23	20.82	36285493	749015680.00
2020/08/04	20.94	22.80	20.20	21.88	63128586	1344045440.00
2020/08/05	22.40	22.96	21.82	22.31	62408542	1395113472.00
2020/08/06	21.98	24.49	21.81	23.83	90114717	2122195968.00
2020/08/07	23.26	24.30	22.48	23.73	75772726	1781359744.00
2020/08/10	23.78	23.98	22.17	22.20	55952561	1294097536.00
2020/08/11	22.23	23.15	21.66	22.10	59748602	1330224256.00
2020/08/12	21.75	22.07	20.89	21.48	38253871	818964352.00
2020/08/13	21.47	21.82	21.20	21.35	22791710	489884768.00
2020/08/14	21.22	21.93	21.00	21.67	23203084	500578080.00
2020/08/17	21.84	22.48	21.65	22.38	31450086	697083456.00
2020/08/18	22.40	23.10	22.00	22.71	39562062	895898112.00
2020/08/19	22.52	22.75	21.58	21.65	33658261	743564864.00
2020/08/20	21.63	21.86	21.18	21.41	18588255	400013568.00
2020/08/21	21.57	22.35	21.45	21.96	26096950	570929280.00
2020/08/24	22.16	22.84	22.06	22.36	31420214	705629376.00
2020/08/25	22.44	22.65	21.73	21.81	27938590	617354176.00
2020/08/26	22.19	22.53	21.73	21.74	30065386	664797824.00
2020/08/27	21.62	21.65	20.77	21.30	28135863	595267136.00
2020/08/28	21.30	21.56	21.10	21.47	16502109	352582880.00
2020/08/31	22.00	22.63	21.70	22.09	37561070	835737728.00
2020/09/01	22.25	22.65	22.01	22.40	28406704	636204096.00
2020/09/02	22.45	22.53	21.87	21.91	22622840	498493536.00
2020/09/03	21.81	22.10	21.52	21.64	19134112	417236160.00
2020/09/04	21.38	22.00	21.13	21.68	15311080	330985856.00
2020/09/07	21.89	22.12	21.01	21.08	21131115	455724064.00
2020/09/08	21.04	21.22	20.10	20.29	29855229	610812096.00
2020/09/09	20.16	20.35	19.30	19.41	26244015	517893344.00
2020/09/10	19.83	20.05	19.13	19.23	15725379	308114240.00
2020/09/11	19.23	19.64	19.05	19.62	11320071	220045856.00
2020/09/14	19.75	20.04	19.66	19.83	12940131	256733552.00
2020/09/15	19.84	20.52	19.47	20.31	20295716	406805696.00
2020/09/16	20.10	20.20	19.80	19.98	11867418	237048032.00
2020/09/17	19.91	20.43	19.89	20.06	15141453	305396160.00
2020/09/18	19.98	20.45	19.90	20.44	16588593	336503936.00
2020/09/21	20.52	20.69	20.21	20.30	13079420	266209792.00
2020/09/22	20.01	20.29	19.85	19.93	11747864	235306016.00
2020/09/23	20.04	20.13	19.76	19.98	9819268	195850080.00
2020/09/24	19.86	19.86	19.43	19.46	10137287	198609360.00
2020/09/25	19.62	19.65	19.18	19.25	8043868	155787184.00
2020/09/28	19.30	19.50	19.10	19.19	7080976	136305680.00
2020/09/29	19.30	19.57	19.00	19.32	9285345	179992864.00
2020/09/30	19.36	19.43	18.83	18.97	9647359	184216960.00
2020/10/09	19.26	19.86	19.25	19.73	14097001	276549600.00
2020/10/12	19.78	20.28	19.73	20.21	16745329	336735232.00
2020/10/13	20.21	20.50	20.01	20.30	11927038	241772048.00
2020/10/14	20.30	20.31	19.97	20.05	9351481	187948640.00
2020/10/15	20.06	20.12	19.66	19.74	9064684	180158048.00
2020/10/16	19.70	20.11	19.40	19.49	13003626	255740864.00
2020/10/19	19.70	20.38	19.51	19.79	16126004	321791552.00
2020/10/20	19.86	19.86	19.25	19.69	11473835	223309824.00
2020/10/21	19.70	19.78	19.31	19.38	9132104	177931792.00
2020/10/22	19.66	19.93	19.41	19.55	15101393	296474144.00
2020/10/23	19.50	20.48	19.37	20.10	29205602	587405504.00
2020/10/26	20.27	20.27	19.23	19.42	19320730	378860800.00
2020/10/27	19.30	19.47	18.98	19.43	12544294	240803440.00
2020/10/28	19.35	19.63	19.24	19.49	10427629	203112976.00
2020/10/29	19.29	19.46	19.10	19.33	9928372	191626032.00
2020/10/30	19.34	19.58	18.90	18.91	12285935	236207248.00
2020/11/02	18.84	18.89	17.48	17.75	26671638	477740256.00
2020/11/03	17.88	18.50	17.70	18.25	12503844	226013216.00
2020/11/04	17.78	18.06	17.51	17.95	13081845	233380384.00
2020/11/05	18.11	19.02	18.03	18.95	21681947	402143776.00
2020/11/06	18.97	19.53	18.92	19.23	16931470	325963968.00
2020/11/09	19.41	19.68	19.28	19.43	25730917	502002240.00
2020/11/10	19.62	19.96	19.42	19.50	17876690	351392864.00
2020/11/11	19.34	20.23	19.32	19.88	29882949	596920704.00
2020/11/12	20.02	20.18	19.09	19.23	31133886	610576640.00
2020/11/13	19.00	19.00	18.06	18.29	26894251	491714208.00
2020/11/16	18.39	18.42	18.13	18.30	9330349	170313456.00
2020/11/17	18.27	18.27	17.94	18.06	10150274	183096096.00
2020/11/18	18.00	18.15	17.93	18.06	7295594	131746096.00
2020/11/19	17.95	18.07	17.84	18.03	6958978	125087504.00
2020/11/20	18.03	18.18	17.97	18.16	8070377	145951632.00
2020/11/23	18.12	18.16	17.78	17.99	11476062	205761664.00
2020/11/24	17.98	18.04	17.85	17.91	7085747	127059440.00
2020/11/25	17.96	18.08	17.68	17.70	9037518	161238112.00
2020/11/26	17.70	17.78	17.52	17.60	6717078	118372408.00
2020/11/27	19.36	19.36	18.88	19.36	55107024	1065417344.00
2020/11/30	19.39	19.55	18.58	18.64	47325869	899839744.00
2020/12/01	18.38	18.49	17.98	18.43	27460074	501305536.00
2020/12/02	18.49	18.90	18.26	18.57	20582999	382773568.00
2020/12/03	18.44	18.49	18.22	18.30	12814002	234899168.00
2020/12/04	18.26	18.46	18.11	18.23	8896180	162264384.00
2020/12/07	18.31	18.35	18.03	18.08	8413813	152507088.00
2020/12/08	18.17	18.22	18.00	18.13	5443811	98712672.00
2020/12/09	18.09	18.18	17.80	17.80	8918723	160308384.00
2020/12/10	17.81	18.00	17.76	17.92	6206177	111090248.00
2020/12/11	17.86	17.97	17.76	17.80	6947576	124028968.00
2020/12/14	17.78	18.50	17.73	18.26	12608218	228884944.00
2020/12/15	18.02	18.19	17.98	18.02	6394031	115467504.00
2020/12/16	18.04	18.15	17.79	17.83	5671425	101504800.00
2020/12/17	17.83	17.95	17.60	17.82	8889600	158219440.00
2020/12/18	17.92	18.12	17.85	17.91	7224146	129661072.00
2020/12/21	17.99	18.18	17.80	18.10	8154475	147392176.00
2020/12/22	18.09	18.09	17.61	17.65	11208223	199183648.00
2020/12/23	17.65	17.75	17.54	17.64	7261566	127898680.00
2020/12/24	17.56	17.63	17.06	17.10	11838272	204407504.00
2020/12/25	17.15	17.36	16.81	17.05	7561457	129196560.00
2020/12/28	17.08	17.55	16.62	17.28	14597281	250131760.00
2020/12/29	17.40	17.45	17.08	17.11	7086023	122267208.00
2020/12/30	17.03	17.25	16.89	16.98	7204846	122677888.00
2020/12/31	17.00	17.27	16.90	17.04	14769363	251718336.00
2021/01/04	17.02	17.16	16.83	17.04	13930091	237301104.00
2021/01/05	17.04	17.08	16.79	17.08	12051733	204117424.00
2021/01/06	17.08	17.67	17.04	17.32	15817079	274485472.00
2021/01/07	17.32	17.35	16.71	16.82	13134282	222556080.00
2021/01/08	16.88	17.98	16.84	17.66	22842631	399780864.00
2021/01/11	17.51	17.61	17.17	17.18	13392448	232247456.00
2021/01/12	17.23	17.47	17.15	17.18	11226253	193443712.00
2021/01/13	17.40	18.00	17.30	17.70	25442563	450400576.00
2021/01/14	17.62	18.43	17.47	18.20	30855396	554958848.00
2021/01/15	18.38	18.38	17.71	17.90	16900652	303370752.00
2021/01/18	17.85	18.13	17.77	17.90	14721229	263940176.00
2021/01/19	17.85	18.01	17.55	17.79	15058286	267407680.00
2021/01/20	17.75	17.75	17.50	17.57	9471644	166576320.00
2021/01/21	17.59	17.69	17.45	17.52	11229894	197017696.00
2021/01/22	17.46	17.50	17.01	17.08	12900002	221085840.00
2021/01/25	17.06	17.35	16.80	17.25	13843144	235990432.00
2021/01/26	17.16	17.23	16.81	16.82	8703741	147459360.00
2021/01/27	16.81	16.97	16.81	16.83	5364031	90590144.00
2021/01/28	17.01	17.97	17.00	17.42	25089717	440450496.00
2021/01/29	17.64	17.85	17.16	17.26	16388574	286833632.00
2021/02/01	17.49	17.67	17.11	17.61	11805308	205430208.00
2021/02/02	17.66	17.88	17.48	17.55	12532227	221341184.00
2021/02/03	17.40	17.40	16.81	16.87	14720876	249790096.00
2021/02/04	16.79	16.87	16.30	16.32	10910356	179889456.00
2021/02/05	16.27	16.44	16.00	16.09	8374842	135424352.00
2021/02/08	16.13	16.34	16.07	16.15	7523394	121515536.00
2021/02/09	16.15	16.34	16.06	16.27	6836077	110869632.00
2021/02/10	16.30	16.41	16.19	16.40	6640344	108362752.00
2021/02/18	16.55	16.80	16.44	16.80	16532888	274911712.00
2021/02/19	16.68	17.56	16.60	17.38	17823110	305186368.00
2021/02/22	17.44	17.47	17.05	17.07	16328104	282242592.00
2021/02/23	17.06	17.29	16.84	17.01	10065241	171789296.00
2021/02/24	17.01	17.29	16.82	16.92	9064354	154868016.00
2021/02/25	17.01	17.61	16.92	17.34	20091591	349262688.00
2021/02/26	17.08	17.33	16.88	16.99	13684813	233045200.00
2021/03/01	17.09	17.34	17.00	17.27	9402923	161798832.00
2021/03/02	17.27	17.65	17.15	17.34	12653556	220037984.00
2021/03/03	17.29	17.41	17.12	17.36	9527765	164796032.00
2021/03/04	17.35	17.56	16.99	17.10	11471226	197600320.00
2021/03/05	16.98	17.19	16.92	17.19	10187851	173544160.00
2021/03/08	17.35	17.40	16.98	17.00	10345888	177621600.00
2021/03/09	16.95	17.07	16.40	16.53	11118038	185588848.00
2021/03/10	16.68	16.79	16.30	16.32	7333528	120734088.00
2021/03/11	16.32	16.58	16.27	16.52	5998180	98635704.00
2021/03/12	16.47	17.12	16.22	16.72	11633829	193147376.00
2021/03/15	16.64	16.66	16.28	16.38	7007726	115182352.00
2021/03/16	16.46	16.58	16.28	16.54	5827594	95850976.00
2021/03/17	16.53	16.94	16.46	16.61	6708170	112054656.00
2021/03/18	16.56	16.68	16.47	16.62	4842288	80352848.00
2021/03/19	16.46	16.51	16.37	16.40	4881826	80180192.00
2021/03/22	16.43	16.56	16.35	16.50	3824885	62979256.00
2021/03/23	16.50	16.72	16.50	16.60	5488223	91113688.00
2021/03/24	16.45	16.58	16.27	16.40	6155080	101126024.00
2021/03/25	16.34	16.52	16.33	16.44	3661098	60197048.00
2021/03/26	16.49	16.65	16.43	16.45	6270873	103671808.00
2021/03/29	16.48	16.52	16.34	16.36	5428620	88898648.00
2021/03/30	16.34	16.42	16.30	16.36	4011895	65602804.00
2021/03/31	16.38	16.80	16.38	16.68	9467829	157462064.00
2021/04/01	16.67	16.71	16.53	16.69	6155901	102277352.00
2021/04/02	16.79	17.06	16.70	17.05	12205555	206437328.00
2021/04/06	17.05	17.17	16.92	17.03	7415971	126260584.00
2021/04/07	17.03	17.25	17.00	17.06	6519568	111424432.00
2021/04/08	16.98	17.07	16.83	16.87	7293366	123590240.00
2021/04/09	16.91	17.07	16.80	16.96	5797438	98179128.00
2021/04/12	16.95	17.23	16.88	16.96	9513727	162468672.00
2021/04/13	16.93	17.04	16.78	16.83	5604449	94733248.00
2021/04/14	16.76	17.07	16.73	17.02	6430659	108807640.00
2021/04/15	17.02	17.34	16.88	17.28	13148611	226316368.00
2021/04/16	17.30	17.88	17.24	17.82	21469648	378618176.00
2021/04/19	17.83	17.93	17.55	17.77	14464377	256395936.00
2021/04/20	17.80	18.19	17.71	17.76	16219087	291114976.00
2021/04/21	17.64	17.99	17.60	17.90	10486647	187241600.00
2021/04/22	18.00	18.45	17.92	18.07	18950410	345650016.00
2021/04/23	18.05	18.25	17.81	17.98	10641810	191650752.00
2021/04/26	17.93	18.00	17.63	17.68	10823705	192426848.00
2021/04/27	17.62	17.79	17.42	17.65	7996984	140695088.00
2021/04/28	17.65	17.81	17.52	17.65	6288644	111077592.00
2021/04/29	17.65	17.84	17.58	17.79	7765806	137752000.00
2021/04/30	17.88	18.22	17.80	18.17	19714397	356318688.00
2021/05/06	18.18	18.23	17.58	17.62	14241981	253840464.00
2021/05/07	17.68	17.68	16.78	16.84	21216583	361394912.00
2021/05/10	16.78	16.88	16.55	16.62	9927120	165632544.00
2021/05/11	16.70	18.07	16.61	18.03	31919139	560003136.00
2021/05/12	17.70	18.08	17.56	17.88	16675546	296576480.00
2021/05/13	17.82	18.06	17.69	17.97	12987689	232814848.00
2021/05/14	18.03	18.25	17.93	17.97	12598751	227177792.00
2021/05/17	18.10	19.26	18.02	18.59	36218915	676054272.00
2021/05/18	18.55	19.01	18.48	18.75	15860876	297501472.00
2021/05/19	18.81	18.92	18.40	18.43	11412195	211816496.00
2021/05/20	18.49	18.94	18.37	18.87	15738246	295091008.00
2021/05/21	18.87	18.95	18.60	18.63	9166919	171709376.00
2021/05/24	18.68	19.08	18.65	18.91	11032977	208331328.00
2021/05/25	19.07	19.30	18.93	19.08	16836268	321621984.00
2021/05/26	19.16	19.39	18.94	19.24	20980126	402107168.00
2021/05/27	19.08	19.56	19.01	19.56	20619549	399387008.00
2021/05/28	19.45	19.66	19.09	19.27	18610127	358781280.00
2021/05/31	19.22	19.41	19.15	19.28	13309107	256676608.00
2021/06/01	19.21	19.44	18.76	19.29	16098998	308896480.00
2021/06/02	19.29	19.38	18.97	18.99	14007245	267894096.00
2021/06/03	19.14	20.89	19.11	20.89	78415006	1607301888.00
2021/06/04	20.85	21.20	19.62	19.62	79601307	1624839040.00
2021/06/07	19.66	20.07	18.95	19.07	34796240	668868992.00
2021/06/08	19.80	20.56	19.06	19.80	58526476	1164416640.00
2021/06/09	19.51	19.75	18.73	19.20	46748398	892845824.00
2021/06/10	18.90	19.45	18.80	19.03	19677837	374887808.00
2021/06/11	18.90	18.97	18.11	18.21	27920908	515937696.00
2021/06/15	18.23	18.53	18.02	18.30	14915794	272593408.00
2021/06/16	18.23	18.48	17.90	17.95	15603646	283047008.00
2021/06/17	17.95	18.47	17.93	18.34	13635622	248720768.00
2021/06/18	18.24	19.15	18.24	18.86	22891991	430418144.00
2021/06/21	18.86	19.07	18.62	18.75	15885686	298410560.00
2021/06/22	18.78	18.78	18.47	18.58	11821644	219398608.00
2021/06/23	18.58	18.89	18.43	18.64	12140441	226535568.00
2021/06/24	18.72	18.88	18.42	18.74	11764983	219906128.00
2021/06/25	18.71	18.83	18.52	18.70	13041333	243187328.00
2021/06/28	18.71	18.93	18.56	18.73	13882701	259785632.00
2021/06/29	18.74	18.87	18.24	18.29	13457358	249171472.00
2021/06/30	18.30	18.45	18.13	18.27	10376625	189651520.00
2021/07/01	18.33	18.72	18.02	18.36	16821809	309718784.00
2021/07/02	18.29	18.35	17.88	18.03	12411367	223745664.00
2021/07/05	18.00	18.17	17.71	18.17	8635196	155389984.00
2021/07/06	18.16	18.31	17.88	18.08	10578963	191483792.00
2021/07/07	18.08	18.17	17.91	18.13	7560500	136286816.00
2021/07/08	18.15	18.29	17.95	18.09	8650695	156277088.00
2021/07/09	17.90	18.08	17.88	17.99	9569074	171714560.00
2021/07/12	18.10	18.16	17.91	17.97	10109636	182361536.00
2021/07/13	18.12	18.80	18.02	18.61	24756381	459138720.00
2021/07/14	18.49	18.79	18.23	18.64	16146402	298515136.00
2021/07/15	18.77	19.20	18.67	19.04	24155178	458126816.00
2021/07/16	19.80	20.50	19.00	19.06	68033759	1334193920.00
2021/07/19	18.59	18.59	18.02	18.18	29326389	533303488.00
2021/07/20	18.05	18.37	18.01	18.20	13742116	249236832.00
2021/07/21	18.19	18.25	18.08	18.14	13562220	245972976.00
2021/07/22	18.09	18.32	18.05	18.18	12268522	222826896.00
2021/07/23	18.24	18.25	17.84	17.95	15082502	271075104.00
2021/07/26	17.94	17.94	17.17	17.39	17588327	307752128.00
2021/07/27	17.38	17.81	17.23	17.43	12956825	226711248.00
2021/07/28	17.21	17.30	16.94	17.17	12136202	207726192.00
2021/07/29	17.30	17.78	17.16	17.66	11533227	201860384.00
2021/07/30	17.25	17.25	16.81	17.09	10554362	179650224.00
2021/08/02	16.89	17.50	16.80	17.22	12734608	217584736.00
2021/08/03	17.10	17.21	16.94	17.00	9842494	167756704.00
2021/08/04	16.96	17.12	16.92	17.05	7618937	129558824.00
2021/08/05	17.04	17.14	16.85	16.87	8428173	142902224.00
2021/08/06	16.88	17.15	16.88	17.02	7186630	122240592.00
2021/08/09	16.95	17.15	16.87	17.12	7948570	135554000.00
2021/08/10	17.13	17.43	16.98	17.30	12097904	208076784.00
2021/08/11	17.25	17.44	17.15	17.22	9369775	161531216.00
2021/08/12	17.25	17.30	17.10	17.11	8421844	144624048.00
2021/08/13	17.09	17.19	17.00	17.12	8717367	149044416.00
2021/08/16	17.22	17.66	17.18	17.40	16132821	280949344.00
2021/08/17	17.25	17.26	16.85	16.88	14343981	244344784.00
2021/08/18	16.89	16.99	16.75	16.94	7299305	123092472.00
2021/08/19	16.84	16.95	16.69	16.80	7741918	129977304.00
2021/08/20	16.75	16.79	16.44	16.57	9269918	153710064.00
2021/08/23	16.59	16.89	16.59	16.80	8115655	136277168.00
2021/08/24	16.81	17.01	16.68	16.80	7483739	125570928.00
2021/08/25	16.81	16.85	16.69	16.83	6771118	113480464.00
2021/08/26	16.78	16.88	16.63	16.67	7388948	123613392.00
2021/08/27	16.64	16.64	16.35	16.45	10867674	178721616.00
2021/08/30	16.40	16.56	16.30	16.48	6894341	113391760.00
2021/08/31	16.85	17.45	16.66	17.24	23984854	408984832.00
2021/09/01	17.20	17.68	17.08	17.58	26740697	466667488.00
2021/09/02	17.57	17.58	17.23	17.38	14758569	256353488.00
2021/09/03	18.88	18.89	17.67	17.69	35880843	652910976.00
2021/09/06	17.89	18.27	17.58	17.95	24076555	431679296.00
2021/09/07	17.94	18.04	17.70	17.92	15637950	279312064.00
2021/09/08	18.04	18.28	17.93	18.04	16205097	293364896.00
2021/09/09	18.01	18.13	17.91	18.03	12471062	224908752.00
2021/09/10	18.13	18.14	17.80	17.81	14483440	260035136.00
2021/09/13	17.83	17.94	17.64	17.80	10718635	190849744.00
2021/09/14	17.88	17.90	17.43	17.45	12436622	219727248.00
2021/09/15	17.46	17.55	17.33	17.38	7291267	127150512.00
2021/09/16	17.55	17.73	17.20	17.21	9932591	173359744.00
2021/09/17	17.20	17.27	16.78	16.92	11003291	186406944.00
2021/09/22	16.80	16.98	16.71	16.93	5970898	100721560.00
2021/09/23	16.91	17.16	16.91	17.00	9150965	155634192.00
2021/09/24	17.00	17.03	16.80	16.85	6666613	112520152.00
2021/09/27	16.90	17.03	16.62	16.73	9660597	162363728.00
2021/09/28	16.73	16.97	16.64	16.81	6976258	117445968.00
2021/09/29	16.70	16.88	16.63	16.74	6568861	109932816.00
2021/09/30	16.68	16.94	16.68	16.88	5652030	95023952.00
2021/10/08	16.88	17.08	16.80	17.00	6945962	117908960.00
2021/10/11	16.99	17.28	16.95	17.11	7678437	131857824.00
2021/10/12	17.12	17.29	16.93	17.20	8815993	151090864.00
2021/10/13	17.17	17.17	17.00	17.13	4313640	73691032.00
2021/10/14	17.18	17.19	16.85	16.97	5822537	98809080.00
2021/10/15	16.97	17.06	16.81	16.97	4272912	72549272.00
2021/10/18	16.99	17.05	16.83	16.95	4407375	74460808.00
2021/10/19	16.84	17.00	16.83	16.99	4656682	78713904.00
2021/10/20	16.95	16.99	16.85	16.91	4203674	71113472.00
2021/10/21	16.95	16.98	16.77	16.88	5175492	87357032.00
2021/10/22	16.91	17.25	16.90	17.01	8012298	136787520.00
2021/10/25	16.91	17.08	16.83	17.02	6558952	111347656.00
2021/10/26	17.09	17.10	16.92	16.98	4590278	78007648.00
2021/10/27	16.98	16.98	16.52	16.58	6501917	108623368.00
2021/10/28	16.52	16.56	16.06	16.15	8964746	145218576.00
2021/10/29	16.16	16.78	16.05	16.69	7509035	123442600.00
2021/11/01	16.00	16.28	15.50	15.59	22212814	347939808.00
2021/11/02	15.50	15.57	14.93	15.01	13989759	212770752.00
2021/11/03	15.01	15.25	14.88	15.10	6940671	104521472.00
2021/11/04	15.19	15.27	15.01	15.11	5380459	81125752.00
2021/11/05	15.19	15.20	15.01	15.09	4675786	70529144.00
2021/11/08	15.07	15.09	14.68	14.70	9965937	147397280.00
2021/11/09	14.70	14.91	14.69	14.89	4782493	70918040.00
2021/11/10	14.91	14.99	14.71	14.99	4727639	70213368.00
2021/11/11	14.99	15.29	14.88	15.26	7657396	116323696.00
2021/11/12	15.18	15.20	15.00	15.16	5285525	79829896.00
2021/11/15	15.18	15.26	15.11	15.25	5118165	77816640.00
2021/11/16	15.25	15.38	15.08	15.09	4906366	74723240.00
2021/11/17	15.12	15.25	15.04	15.14	3693580	55907688.00
2021/11/18	15.09	15.15	14.91	14.92	5181931	77698312.00
2021/11/19	14.92	15.10	14.90	15.08	3881205	58303468.00
2021/11/22	15.16	15.16	14.95	15.03	4652515	69905944.00
2021/11/23	15.03	15.09	14.92	14.94	4798048	71874488.00
2021/11/24	14.93	15.02	14.90	14.96	4436290	66361532.00
2021/11/25	14.94	15.02	14.86	14.93	4175554	62452368.00
2021/11/26	14.98	14.99	14.84	14.98	4494008	66884220.00
2021/11/29	14.90	14.90	14.71	14.75	5577583	82482424.00
2021/11/30	15.02	15.05	14.85	14.86	5323954	79439848.00
2021/12/01	14.80	14.95	14.77	14.90	4355892	64830584.00
2021/12/02	14.90	14.95	14.75	14.80	6209197	91995888.00
2021/12/03	14.80	14.83	14.74	14.82	4423429	65381964.00
2021/12/06	14.86	14.91	14.71	14.72	5753101	85121584.00
2021/12/07	14.82	14.88	14.72	14.78	4357450	64438712.00
2021/12/08	14.83	14.86	14.72	14.86	5625550	83311000.00
2021/12/09	14.87	15.85	14.85	15.35	21322338	328652832.00
2021/12/10	15.21	15.29	15.11	15.20	8125923	123284744.00
2021/12/13	15.28	15.34	15.16	15.24	6679611	101901832.00
2021/12/14	15.19	15.28	15.11	15.18	3860972	58724312.00
2021/12/15	15.18	15.31	15.14	15.19	4339196	66047664.00
2021/12/16	15.18	15.22	15.11	15.13	3852662	58331708.00
2021/12/17	15.16	15.27	15.06	15.15	4879072	73897536.00
2021/12/20	15.12	15.25	15.04	15.08	4902589	74195344.00
2021/12/21	15.09	15.44	15.06	15.38	10864871	166660960.00
2021/12/22	15.37	15.38	15.13	15.18	7804975	118736200.00
2021/12/23	15.18	15.18	15.03	15.05	5993171	90285768.00
2021/12/24	15.05	15.11	14.93	15.03	5447662	81692376.00
2021/12/27	15.04	15.15	14.99	15.04	4744334	71503112.00
2021/12/28	15.01	15.12	14.91	15.06	4388970	65812752.00
2021/12/29	15.06	15.19	15.02	15.05	4904113	73977456.00
2021/12/30	15.00	15.09	14.98	15.03	4129346	62140984.00
2021/12/31	15.03	15.10	14.99	15.06	3731336	56183604.00
2022/01/04	15.09	15.18	15.02	15.18	8013776	121127888.00
2022/01/05	15.22	15.48	15.21	15.30	12368265	189869280.00
2022/01/06	15.25	15.36	15.15	15.22	5526300	84162496.00
2022/01/07	15.27	15.45	15.23	15.34	8080036	124081752.00
2022/01/10	15.30	15.39	15.11	15.26	5192951	79158104.00
2022/01/11	15.27	15.39	15.20	15.27	5297811	80984496.00
2022/01/12	15.30	15.30	15.13	15.18	5915050	89755008.00
2022/01/13	15.16	15.27	15.08	15.10	5605698	85055144.00
2022/01/14	15.03	15.12	14.73	14.73	10207310	151314240.00
2022/01/17	14.71	14.86	14.70	14.79	5566124	82374336.00
2022/01/18	14.84	14.94	14.76	14.85	5777539	85703080.00
2022/01/19	14.86	14.96	14.75	14.80	4218324	62631408.00
2022/01/20	14.82	14.97	14.79	14.82	5587690	83008120.00
2022/01/21	14.88	14.89	14.71	14.82	5019330	74208992.00
2022/01/24	14.81	14.83	14.60	14.68	4712733	69337240.00
2022/01/25	14.67	14.70	14.12	14.18	9345785	134744032.00
2022/01/26	14.22	14.29	14.00	14.12	4330236	61108576.00
2022/01/27	14.15	14.17	13.65	13.66	6314234	87189152.00
2022/01/28	13.80	13.80	13.61	13.68	4108541	56287728.00
2022/02/07	13.77	14.98	13.74	14.47	12317996	176514096.00
2022/02/08	14.17	14.44	14.08	14.39	7995049	113822448.00
2022/02/09	14.39	14.61	14.35	14.38	4711718	68059016.00
2022/02/10	14.38	14.52	14.29	14.42	3023310	43537288.00
2022/02/11	14.44	14.52	14.28	14.30	3666119	52778780.00
2022/02/14	14.20	14.34	14.14	14.23	3314207	47152956.00
2022/02/15	14.23	14.28	14.15	14.18	2519715	35739576.00
2022/02/16	14.20	14.28	14.16	14.20	2460561	34950336.00
2022/02/17	14.20	14.20	14.01	14.07	3188603	44896844.00
2022/02/18	13.98	14.18	13.95	14.18	2831008	39919364.00
2022/02/21	14.20	14.20	13.99	14.18	4321028	60920800.00
2022/02/22	14.21	14.21	13.92	13.98	4030487	56569328.00
2022/02/23	13.99	14.16	13.97	14.15	3974636	56012312.00
2022/02/24	14.14	14.49	13.93	14.23	10250646	145132976.00
2022/02/25	14.27	14.27	14.01	14.03	5718133	80730000.00
2022/02/28	13.99	14.03	13.78	13.88	4392199	60840668.00
2022/03/01	13.92	14.02	13.88	13.95	3453017	48146160.00
2022/03/02	13.92	14.19	13.92	14.06	4661966	65627896.00
2022/03/03	14.27	14.74	14.25	14.35	14244321	206543440.00
2022/03/04	14.18	14.55	14.18	14.48	8219976	118045648.00
2022/03/07	14.31	14.37	14.01	14.05	7109194	100693544.00
2022/03/08	14.03	14.03	13.60	13.60	7396864	101776032.00
2022/03/09	13.63	13.70	12.73	12.99	8624496	113749928.00
2022/03/10	13.34	13.35	13.05	13.10	4735654	62506412.00
2022/03/11	12.95	13.23	12.62	13.16	5271851	67876144.00
2022/03/14	13.07	13.26	12.82	12.82	3922530	50999308.00
2022/03/15	12.86	12.86	11.99	12.00	8398874	103743920.00
2022/03/16	12.30	12.39	11.85	12.33	6314252	76588064.00
2022/03/17	12.48	13.02	12.48	12.83	7169808	91607248.00
2022/03/18	12.71	13.15	12.63	13.12	7658800	99465432.00
2022/03/21	13.03	13.26	12.98	13.10	5587676	73215376.00
2022/03/22	13.08	13.43	12.95	13.30	7932748	105193808.00
2022/03/23	13.37	13.50	13.16	13.39	6935971	92559472.00
2022/03/24	13.30	13.79	13.18	13.29	9351495	126524616.00
2022/03/25	13.17	13.47	13.17	13.22	5999034	79797304.00
2022/03/28	13.06	13.45	12.95	13.32	6739544	89058848.00
2022/03/29	13.27	13.39	13.05	13.09	4235077	55736020.00
2022/03/30	13.20	13.63	13.17	13.51	9383277	126128352.00
2022/03/31	13.44	13.88	13.42	13.70	11586871	158400416.00
2022/04/01	13.61	13.85	13.50	13.84	9554128	130804832.00
2022/04/06	13.89	14.28	13.71	14.13	14779794	207325408.00
2022/04/07	13.97	14.44	13.81	13.82	13288689	187285968.00
2022/04/08	13.68	14.68	13.48	14.16	17241640	241366080.00
2022/04/11	13.95	13.95	13.26	13.28	14460891	195191120.00
2022/04/12	13.30	13.49	13.12	13.40	7953798	105953288.00
2022/04/13	13.35	13.35	12.85	13.00	7521459	97716144.00
2022/04/14	12.99	13.50	12.95	13.40	8422870	112380448.00
2022/04/15	13.30	13.50	13.00	13.09	7176192	95225168.00
2022/04/18	12.99	13.17	12.85	12.90	5482176	71086000.00
2022/04/19	12.97	12.97	12.67	12.92	4588334	58784096.00
2022/04/20	12.85	12.95	12.44	12.48	6167389	78044096.00
2022/04/21	12.48	12.50	12.00	12.03	8156566	99533064.00
2022/04/22	12.07	12.10	11.80	12.03	6385260	76219280.00
2022/04/25	11.95	11.95	11.01	11.04	8347280	95778576.00
2022/04/26	11.08	11.28	10.74	10.77	7600479	83543552.00
2022/04/27	10.81	11.06	10.45	11.00	6812013	73258600.00
2022/04/28	11.00	11.13	10.77	11.03	5928926	64946164.00
2022/04/29	11.05	11.65	10.98	11.58	7234488	82259552.00
2022/05/05	11.34	11.75	11.23	11.50	6611725	75980104.00
2022/05/06	11.21	11.33	11.02	11.02	5301169	58892208.00
2022/05/09	11.03	11.20	10.96	11.11	3472490	38604476.00
2022/05/10	10.96	11.30	10.92	11.26	4727892	52669004.00
2022/05/11	11.27	11.84	11.20	11.49	9673110	111791920.00
2022/05/12	11.40	12.02	11.30	11.66	8761566	102291584.00
2022/05/13	11.51	11.81	11.51	11.79	7458690	87173416.00
2022/05/16	11.93	12.28	11.76	12.03	11797512	141636368.00
2022/05/17	12.03	12.15	11.66	11.75	7664136	90242704.00
2022/05/18	11.74	11.96	11.70	11.84	5279863	62609888.00
2022/05/19	11.70	11.95	11.67	11.88	5213070	61658888.00
2022/05/20	11.89	12.16	11.89	11.93	6278078	75261224.00
2022/05/23	12.00	12.06	11.86	11.88	4048477	48284856.00
2022/05/24	11.88	11.93	11.45	11.47	5677275	66322680.00
2022/05/25	11.43	11.66	11.41	11.62	2888397	33393912.00
2022/05/26	11.65	11.78	11.53	11.75	4173228	48819908.00
2022/05/27	11.68	11.82	11.65	11.70	3183557	37364660.00
2022/05/30	11.76	12.60	11.72	12.28	18504615	227660192.00
2022/05/31	12.19	12.45	12.10	12.38	11688772	143419072.00
2022/06/01	12.27	12.36	12.01	12.22	6797084	82867704.00
2022/06/02	12.20	12.26	12.04	12.23	4539670	55160952.00
2022/06/06	12.23	12.32	12.08	12.22	5921324	72181624.00
2022/06/07	12.21	12.68	12.10	12.42	10087836	125052384.00
2022/06/08	12.36	12.40	12.07	12.15	8125732	99163568.00
2022/06/09	12.15	12.19	11.93	12.01	4345004	52386676.00
2022/06/10	11.95	12.22	11.90	12.18	6154019	74543976.00
2022/06/13	12.08	12.14	11.83	11.94	5528832	66227032.00
2022/06/14	11.85	12.08	11.60	12.08	5908894	69951240.00
2022/06/15	12.08	12.33	12.01	12.12	7650887	93299440.00
2022/06/16	12.13	12.30	12.13	12.15	5403027	65985272.00
2022/06/17	12.05	12.50	12.05	12.31	9511381	117091312.00
2022/06/20	12.31	12.45	12.23	12.30	6001800	74042096.00
2022/06/21	12.33	12.55	12.27	12.40	7979216	99028192.00
2022/06/22	12.43	12.45	12.06	12.10	6996350	85631976.00
2022/06/23	12.10	12.29	12.06	12.29	4373289	53333148.00
2022/06/24	12.34	12.70	12.20	12.64	13770480	172406288.00
2022/06/27	12.53	12.68	12.43	12.57	8819227	110652328.00
2022/06/28	12.57	12.65	12.50	12.61	5714924	71948424.00
2022/06/29	12.58	12.82	12.45	12.49	7263519	91685056.00
2022/06/30	12.62	12.68	12.44	12.45	6724748	84451192.00
2022/07/01	12.50	12.52	12.26	12.28	5338792	65922324.00
2022/07/04	12.25	12.37	12.06	12.34	4985211	60907956.00
2022/07/05	12.33	12.41	12.02	12.18	5753927	70006936.00
2022/07/06	12.11	12.22	11.83	11.90	4990875	59767564.00
2022/07/07	11.99	13.09	11.91	12.58	23505512	298661824.00
2022/07/08	12.45	12.51	12.16	12.16	13026350	160638720.00
2022/07/11	12.19	12.25	12.01	12.06	5831238	70525000.00
2022/07/12	12.10	12.10	11.84	11.84	6661556	79550880.00
2022/07/13	11.86	11.94	11.78	11.85	4642050	55053096.00
2022/07/14	11.76	11.88	11.67	11.69	4525493	53145056.00
2022/07/15	11.70	11.72	11.20	11.21	8155600	92874576.00
2022/07/18	11.20	11.45	11.20	11.40	3804121	43231512.00
2022/07/19	11.41	11.53	11.35	11.49	3520659	40308304.00
2022/07/20	11.56	11.62	11.44	11.57	4079115	47085968.00
2022/07/21	11.48	11.98	11.48	11.66	5514649	64544980.00
2022/07/22	11.64	11.77	11.47	11.59	3024568	35160836.00
2022/07/25	11.59	11.79	11.48	11.52	3651920	42382404.00
2022/07/26	11.56	11.75	11.46	11.65	3433796	39956144.00
2022/07/27	11.68	11.77	11.55	11.67	3637658	42407104.00
2022/07/28	11.69	12.03	11.67	11.80	6329381	75094072.00
2022/07/29	11.80	11.86	11.62	11.63	3996057	46799312.00
2022/08/01	11.56	11.77	11.56	11.68	3713468	43398412.00
2022/08/02	11.61	11.65	11.29	11.38	5890860	67280488.00
2022/08/03	11.38	12.03	11.36	11.55	9528425	111456504.00
2022/08/04	11.66	12.71	11.64	12.22	28764871	355183616.00
2022/08/05	12.17	12.95	12.01	12.85	30922470	389886080.00
2022/08/08	12.68	12.74	12.35	12.50	17361000	217355392.00
2022/08/09	12.42	12.53	12.31	12.43	9166922	113620440.00
2022/08/10	12.43	12.77	12.35	12.55	10992045	137886656.00
2022/08/11	12.52	12.68	12.46	12.62	8759987	110090632.00
2022/08/12	12.56	12.73	12.49	12.54	6878637	86575816.00
2022/08/15	12.54	12.60	12.24	12.28	9154211	113137968.00
2022/08/16	12.31	12.44	12.26	12.35	5146003	63540024.00
2022/08/17	12.34	12.41	12.20	12.35	5535237	68198432.00
2022/08/18	12.33	12.33	12.18	12.22	4967587	60754888.00
2022/08/19	12.20	12.31	12.15	12.18	5178582	63193356.00
2022/08/22	12.14	12.18	12.03	12.10	5351932	64681432.00
2022/08/23	12.10	12.10	11.86	11.94	5997270	71541568.00
2022/08/24	11.94	11.95	11.56	11.60	6824531	79911160.00
2022/08/25	11.65	11.71	11.51	11.66	4636049	53892560.00
2022/08/26	11.65	11.77	11.60	11.64	3324409	38816056.00
2022/08/29	11.42	11.61	11.35	11.56	4509823	51858960.00
2022/08/30	11.56	11.78	11.55	11.73	4154395	48601320.00
2022/08/31	11.70	11.83	11.57	11.60	4256100	49695116.00
2022/09/01	11.58	11.76	11.56	11.60	3225270	37610752.00
2022/09/02	11.56	11.72	11.55	11.67	3273719	38145464.00
2022/09/05	11.63	11.75	11.56	11.63	2958106	34432712.00
2022/09/06	11.66	11.82	11.65	11.80	4140932	48708464.00
2022/09/07	11.80	11.86	11.74	11.83	4182837	49383468.00
2022/09/08	11.80	11.89	11.70	11.74	2957501	34737724.00
2022/09/09	11.76	11.89	11.72	11.87	4187744	49548304.00
2022/09/13	11.87	11.91	11.66	11.66	5973511	70284496.00
2022/09/14	11.58	11.73	11.50	11.65	3891392	45294568.00
2022/09/15	11.77	11.80	11.50	11.66	5813793	67763224.00
2022/09/16	11.65	11.66	11.05	11.07	10644043	120327952.00
2022/09/19	11.07	11.23	10.85	11.16	7865966	86811592.00
2022/09/20	11.14	11.32	10.92	11.01	5370566	59583396.00
2022/09/21	10.98	11.25	10.73	11.17	5668431	62386572.00
2022/09/22	11.06	11.25	11.00	11.04	3533281	39235080.00
2022/09/23	11.01	11.15	10.81	10.90	3674911	40311848.00
2022/09/26	10.85	10.96	10.59	10.60	5047228	54311904.00
2022/09/27	10.64	10.78	10.58	10.78	4036935	43108368.00
2022/09/28	10.67	10.77	10.59	10.59	3664774	39047716.00
2022/09/29	10.70	10.72	10.41	10.43	3379795	35644260.00
2022/09/30	10.60	10.62	10.39	10.39	3333564	34974800.00
2022/10/10	10.39	10.52	10.29	10.29	3456417	36011972.00
2022/10/11	10.29	10.41	10.21	10.30	3034550	31252136.00
2022/10/12	10.48	10.62	10.24	10.60	3897459	40675280.00
2022/10/13	10.51	10.69	10.50	10.57	3421475	36210364.00
2022/10/14	10.65	10.78	10.58	10.73	3679362	39432320.00
2022/10/17	10.61	10.84	10.59	10.82	3877161	41739052.00
2022/10/18	10.86	10.88	10.73	10.76	3659509	39453304.00
2022/10/19	10.78	10.81	10.62	10.64	2854590	30578812.00
2022/10/20	10.61	10.82	10.55	10.64	3736954	39866200.00
2022/10/21	10.66	10.85	10.64	10.64	3224773	34615460.00
2022/10/24	10.67	10.79	10.35	10.43	5016201	52942080.00
2022/10/25	10.42	10.50	10.27	10.32	3960916	41021968.00
2022/10/26	10.35	10.58	10.31	10.46	3865295	40429636.00
2022/10/27	10.51	10.78	10.49	10.68	5423087	57696408.00
2022/10/28	10.62	10.75	10.37	10.38	5318484	56309540.00
2022/10/31	10.58	11.31	10.52	11.25	21353250	237000544.00
2022/11/01	11.29	11.62	11.11	11.55	16395393	187292384.00
2022/11/02	11.55	11.75	11.43	11.58	9287245	107981336.00
2022/11/03	11.51	11.73	11.49	11.60	6785952	78727976.00
2022/11/04	11.72	11.72	11.56	11.60	7159851	83284432.00
2022/11/07	11.63	11.69	11.52	11.61	5835741	67632016.00
2022/11/08	11.69	12.08	11.55	11.85	13320765	158295952.00
2022/11/09	11.85	11.99	11.73	11.74	5078192	60032708.00
2022/11/10	11.70	11.85	11.60	11.78	4886980	57242816.00
2022/11/11	11.90	12.22	11.88	12.03	10606125	127736328.00
2022/11/14	12.13	12.28	12.01	12.19	11733255	142796080.00
2022/11/15	12.15	12.24	12.03	12.17	7385366	89709816.00
2022/11/16	12.17	12.23	12.06	12.15	5100710	61924772.00
2022/11/17	12.12	12.47	12.08	12.44	9124424	112190992.00
2022/11/18	12.44	12.46	12.18	12.27	9234803	113576232.00
2022/11/21	12.22	12.30	12.02	12.22	6650314	80920896.00
2022/11/22	12.18	12.38	12.05	12.11	6382300	77795816.00
2022/11/23	12.10	12.26	12.05	12.15	5100529	61929680.00
2022/11/24	12.23	12.33	12.10	12.20	4834000	59007096.00
2022/11/25	12.20	12.33	12.17	12.26	5452180	66747116.00
2022/11/28	12.09	12.27	11.96	12.20	7200624	87657568.00
2022/11/29	12.60	12.81	12.27	12.65	18067758	227311760.00
2022/11/30	12.59	12.67	12.29	12.29	19734360	245086000.00
2022/12/01	12.36	12.48	12.02	12.04	13836465	168571696.00
2022/12/02	12.13	12.30	12.02	12.23	8156032	99360168.00
2022/12/05	12.30	12.63	12.24	12.41	10585994	132078680.00
2022/12/06	12.36	12.60	12.35	12.55	9111010	114100960.00
2022/12/07	12.48	12.53	12.26	12.35	6365915	78733432.00
2022/12/08	12.32	12.54	12.27	12.44	6148876	76406744.00
2022/12/09	12.37	12.63	12.36	12.40	8780762	109545680.00
2022/12/12	12.34	12.50	12.28	12.35	6074771	75265696.00
2022/12/13	12.35	12.47	12.30	12.40	4358486	53972580.00
2022/12/14	12.49	13.03	12.46	12.57	12626550	161105120.00
2022/12/15	12.50	12.56	12.32	12.39	6341841	78762280.00
2022/12/16	12.46	12.72	12.30	12.56	9080400	113812704.00
2022/12/19	12.50	12.64	12.13	12.25	8136194	100597512.00
2022/12/20	12.12	12.19	11.86	11.93	8205468	98715144.00
2022/12/21	12.02	12.10	11.86	11.90	3927774	47070916.00
2022/12/22	11.95	12.13	11.90	11.94	4057675	48774668.00
2022/12/23	11.96	12.11	11.81	11.94	4153380	49694704.00
2022/12/26	11.88	11.88	11.56	11.59	6469920	75653184.00
2022/12/27	11.70	11.81	11.65	11.68	4596565	53911080.00
2022/12/28	11.68	11.69	11.51	11.54	3711277	43031264.00
2022/12/29	11.51	11.56	11.26	11.28	7339914	83193840.00
2022/12/30	11.31	11.39	11.28	11.34	4486950	50892040.00
2023/01/03	11.38	11.68	11.31	11.65	9271597	107286352.00
2023/01/04	11.66	11.91	11.57	11.85	6880928	81049952.00
2023/01/05	11.86	11.94	11.77	11.89	4484370	53258584.00
2023/01/06	11.93	11.94	11.70	11.74	4365295	51428232.00
2023/01/09	11.83	12.36	11.83	12.06	11819802	143570480.00
2023/01/10	11.99	12.09	11.88	11.90	5391528	64351844.00
2023/01/11	11.99	12.13	11.91	11.95	4467022	53719824.00
2023/01/12	11.90	11.99	11.80	11.85	3489749	41427212.00
2023/01/13	11.88	12.10	11.85	12.04	4671224	55955560.00
2023/01/16	12.10	12.25	11.87	12.19	6794635	82515672.00
2023/01/17	12.16	12.29	12.10	12.26	5132831	62744132.00
2023/01/18	12.26	12.30	12.17	12.19	4041328	49417464.00
2023/01/19	12.20	12.28	12.11	12.28	3675265	44925992.00
2023/01/20	12.28	12.36	12.25	12.36	4305299	53060964.00
2023/01/30	12.44	12.53	12.36	12.38	7767749	96696792.00
2023/01/31	12.35	12.85	12.31	12.67	15509595	194986752.00
2023/02/01	12.60	12.72	12.50	12.58	10332505	129949280.00
2023/02/02	12.89	13.13	12.62	12.79	20834703	268571456.00
2023/02/03	12.70	12.85	12.56	12.67	9981490	126653512.00
2023/02/06	12.60	12.63	12.39	12.44	10762357	134298304.00
2023/02/07	12.45	12.62	12.44	12.60	6605845	82891264.00
2023/02/08	12.62	12.66	12.47	12.49	6145347	77042400.00
2023/02/09	12.49	12.65	12.38	12.60	6040002	75858056.00
2023/02/10	12.58	12.79	12.58	12.72	7303730	92681200.00
2023/02/13	12.71	12.75	12.66	12.71	6242794	79304864.00
2023/02/14	12.70	12.83	12.65	12.71	5216168	66344236.00
2023/02/15	12.71	12.71	12.56	12.68	5053213	63885868.00
2023/02/16	12.68	12.83	12.42	12.45	7845961	99177360.00
2023/02/17	12.65	12.69	12.40	12.46	7691086	96212784.00
2023/02/20	12.39	12.80	12.33	12.69	9553314	120647912.00
2023/02/21	12.82	12.92	12.69	12.82	9453907	121159136.00
2023/02/22	12.72	12.76	12.64	12.70	5413536	68682656.00
2023/02/23	12.73	12.83	12.66	12.70	5218768	66431064.00
2023/02/24	12.69	12.76	12.53	12.66	4519171	57100368.00
2023/02/27	12.70	12.71	12.51	12.55	4496100	56607236.00
2023/02/28	12.59	12.64	12.45	12.58	4376950	54895212.00
2023/03/01	12.60	12.73	12.50	12.66	7676101	97101824.00
2023/03/02	12.63	12.72	12.56	12.59	5061210	63935984.00
2023/03/03	12.61	12.71	12.53	12.60	6865980	86620440.00
2023/03/06	12.65	12.65	12.48	12.49	7933119	99462624.00
2023/03/07	12.49	12.57	12.21	12.24	7605077	94233760.00
2023/03/08	12.21	12.42	12.15	12.41	5184372	63862424.00
2023/03/09	12.50	13.65	12.47	13.65	50780299	674304576.00
2023/03/10	14.00	14.10	13.26	13.41	67454287	922883584.00
2023/03/13	13.26	13.61	12.98	13.14	38268533	503442240.00
2023/03/14	13.06	13.07	12.63	12.85	33673199	431466144.00
2023/03/15	12.98	14.14	12.91	14.14	72766593	992044352.00
2023/03/16	14.31	15.50	14.31	15.06	123812205	1860575616.00
2023/03/17	15.30	16.57	15.30	16.57	74426905	1195951616.00
2023/03/20	18.00	18.23	17.71	18.23	43686610	788669184.00
2023/03/21	18.78	18.78	17.40	18.08	151123940	2722665984.00
2023/03/22	17.90	18.01	17.03	17.84	115361105	2021246464.00
2023/03/23	17.85	18.68	17.56	17.93	137245940	2481699584.00
2023/03/24	17.37	19.44	17.13	18.45	150282233	2769896192.00
2023/03/27	18.17	19.40	17.83	17.83	138326466	2574447872.00
2023/03/28	17.72	19.13	17.48	18.39	130092108	2417678848.00
2023/03/29	18.24	18.28	16.60	17.20	123522617	2125844736.00
2023/03/30	17.19	17.54	16.25	16.32	93159838	1564829824.00
2023/03/31	16.32	16.69	16.16	16.45	56216793	925314880.00
2023/04/03	16.88	17.21	16.71	16.91	69522291	1179821440.00
2023/04/04	17.02	17.34	16.59	16.81	69106567	1175347456.00
2023/04/06	16.42	17.92	16.32	17.30	89519775	1556256896.00
2023/04/07	17.06	17.58	16.89	17.37	62002734	1071621888.00
2023/04/10	17.11	17.37	16.40	16.40	56727346	955810432.00
2023/04/11	16.45	16.58	16.20	16.41	37783398	618446144.00
2023/04/12	16.39	16.64	15.90	16.40	38583018	628244864.00
2023/04/13	16.25	16.33	15.90	15.95	32470202	521542400.00
2023/04/14	16.08	16.62	15.87	16.61	48925505	799762368.00
2023/04/17	16.50	16.50	16.06	16.17	34083271	553404672.00
2023/04/18	16.17	16.58	15.81	16.46	35734802	579454592.00
2023/04/19	16.21	16.94	16.18	16.36	47660589	788430336.00
2023/04/20	16.38	17.03	16.34	16.91	54479824	915850752.00
2023/04/21	16.79	16.85	15.75	15.75	57001267	918034112.00
2023/04/24	15.71	16.03	15.59	15.78	24524350	387317408.00
2023/04/25	15.73	15.78	15.10	15.36	27338341	421643136.00
2023/04/26	15.20	15.48	14.95	15.08	21544104	326708672.00
2023/04/27	15.01	15.38	14.95	15.17	15318848	232755552.00
2023/04/28	15.09	15.63	15.08	15.62	18795698	291217408.00
2023/05/04	15.60	15.67	15.10	15.17	24616369	376434976.00
2023/05/05	15.02	15.42	15.00	15.31	22645718	346001888.00
2023/05/08	15.30	15.31	14.72	15.17	19822722	299282624.00
2023/05/09	15.17	15.56	15.08	15.16	22967350	351478688.00
2023/05/10	15.10	15.23	14.77	14.94	20585656	307738784.00
2023/05/11	14.88	15.15	14.85	14.91	10445971	156631392.00
2023/05/12	14.85	15.15	14.68	14.74	13262987	197195888.00
2023/05/15	14.70	14.80	14.40	14.79	14352849	209892288.00
2023/05/16	14.78	14.79	14.40	14.49	11717311	170380880.00
2023/05/17	14.45	14.66	14.42	14.57	7884985	114666920.00
2023/05/18	14.52	14.90	14.50	14.71	15815840	232277008.00
2023/05/19	14.68	14.98	14.45	14.64	25392734	373574272.00
2023/05/22	14.62	14.62	14.28	14.44	15229150	219272672.00
2023/05/23	14.38	14.45	14.17	14.21	13860256	197879696.00
2023/05/24	14.15	14.44	14.02	14.23	15125452	215323552.00
2023/05/25	14.12	14.34	13.89	14.07	13284525	186781904.00
2023/05/26	14.10	14.20	13.87	14.11	12404968	174217504.00
2023/05/29	14.06	14.39	14.04	14.12	12135561	172077168.00
2023/05/30	14.06	14.69	13.82	14.51	33446369	479199520.00
2023/05/31	14.48	14.74	14.38	14.52	26059005	379399776.00
2023/06/01	14.50	15.12	14.31	15.01	39226739	580873408.00
2023/06/02	15.06	15.10	14.68	14.79	29875187	443561856.00
2023/06/05	14.81	14.90	14.48	14.56	24434131	357206976.00
2023/06/06	14.51	14.71	14.20	14.24	20086332	290507136.00
2023/06/07	14.30	14.76	14.24	14.55	21037175	306496448.00
2023/06/08	14.48	14.60	14.25	14.50	15588317	224645984.00
2023/06/09	14.51	14.57	14.24	14.31	17552741	251620464.00
2023/06/12	14.51	14.71	14.24	14.32	18736699	270298400.00
2023/06/13	14.29	14.58	14.11	14.50	19003605	273170848.00
2023/06/14	14.50	15.07	14.29	14.82	37693312	555223424.00
2023/06/15	14.67	14.94	14.42	14.43	27431183	400408864.00
2023/06/16	14.41	14.86	14.38	14.65	23993850	351860896.00
2023/06/19	14.75	15.20	14.60	15.03	46234128	687845760.00
2023/06/20	14.91	15.02	14.50	14.53	31461888	463636960.00
2023/06/21	14.50	14.52	13.82	13.82	25281244	357096992.00
2023/06/26	13.75	13.75	13.19	13.26	20494993	274278560.00
2023/06/27	13.26	13.85	13.26	13.69	16641891	226273584.00
2023/06/28	13.62	13.64	13.20	13.53	11868412	159283456.00
2023/06/29	13.53	13.61	13.34	13.40	9175531	123405712.00
2023/06/30	13.38	14.12	13.38	13.92	19194445	265062000.00
2023/07/03	14.33	14.73	14.15	14.34	26800605	386451584.00
2023/07/04	14.20	14.42	14.15	14.26	12170999	173701056.00
2023/07/05	14.23	14.25	13.96	13.99	10471275	147601920.00
2023/07/06	13.94	14.29	13.93	14.22	11218406	158766352.00
2023/07/07	14.15	14.63	14.12	14.43	23351731	338033088.00
2023/07/10	14.39	14.39	14.08	14.23	12602866	179022144.00
2023/07/11	14.32	14.38	14.08	14.15	7853492	111245728.00
2023/07/12	14.16	14.19	13.33	13.50	25744670	348581344.00
2023/07/13	14.16	14.62	14.11	14.42	36236783	520801760.00
2023/07/14	14.29	14.34	14.11	14.12	16789152	238604720.00
2023/07/17	14.12	15.53	13.96	15.53	53278487	798053504.00
2023/07/18	15.20	16.47	15.12	15.57	86957275	1372903680.00
2023/07/19	15.30	16.19	15.30	15.90	58571776	924825216.00
2023/07/20	15.70	15.82	15.35	15.42	38485876	597762624.00
2023/07/21	15.43	15.79	15.36	15.37	30290026	470020864.00
2023/07/24	15.32	15.52	15.07	15.18	23698318	361863328.00
2023/07/25	15.39	15.68	15.32	15.46	33526944	519541088.00
2023/07/26	15.50	16.15	15.32	15.85	55292971	872572672.00
2023/07/27	15.59	15.64	15.13	15.17	37445189	575240512.00
2023/07/28	15.14	15.37	14.95	15.34	24511555	372922464.00
2023/07/31	15.42	15.92	15.40	15.59	36614842	573929344.00
2023/08/01	15.65	17.14	15.50	16.35	74430794	1215290880.00
2023/08/02	16.11	17.96	16.10	17.26	90439297	1543511808.00
2023/08/03	16.80	17.05	16.55	16.90	54656098	917717120.00
2023/08/04	16.89	17.18	16.61	17.12	54623910	921632640.00
2023/08/07	16.90	16.90	16.14	16.18	47980992	784361984.00
2023/08/08	16.28	16.42	15.96	15.97	27920380	451002080.00
2023/08/09	15.88	16.45	15.80	16.07	29642724	475222272.00
2023/08/10	15.95	16.17	15.82	15.88	17794005	283752256.00
2023/08/11	15.97	16.19	15.49	15.51	24772204	389996576.00
2023/08/14	15.21	15.41	15.05	15.24	19405787	294895616.00
2023/08/15	15.23	15.31	14.96	15.04	15461496	233219728.00
2023/08/16	14.98	15.27	14.78	15.09	19705675	296324288.00
2023/08/17	14.98	15.25	14.89	15.13	12786066	193048624.00
2023/08/18	15.13	15.41	14.82	14.82	15677957	236883056.00
2023/08/21	14.86	15.10	14.80	14.81	11878805	177806752.00
2023/08/22	14.82	14.98	14.61	14.97	13043667	193474512.00
2023/08/23	14.87	14.88	14.24	14.24	18261899	263781888.00
2023/08/24	14.30	14.50	14.21	14.35	11931248	171238928.00
2023/08/25	14.60	14.72	14.08	14.18	18606062	267477392.00
2023/08/28	15.22	15.24	14.49	14.57	26355236	391026752.00
2023/08/29	14.44	15.96	14.41	15.74	41710317	639228352.00
2023/08/30	15.98	16.85	15.98	16.68	69778105	1153335552.00
2023/08/31	16.50	17.20	16.18	16.69	70783260	1173456896.00
2023/09/01	16.58	16.78	15.55	15.68	55569090	899496256.00
2023/09/04	15.84	16.02	15.63	15.95	29082750	459235616.00
2023/09/05	15.95	16.75	15.70	16.22	54590210	890288704.00
2023/09/06	16.24	17.84	16.18	17.84	72075436	1252225920.00
2023/09/07	19.19	19.62	18.52	19.62	124433543	2400494592.00
2023/09/08	20.70	21.58	20.70	21.58	61082752	1293099904.00
2023/09/11	23.68	23.74	22.22	23.74	282015669	6555629568.00
2023/09/12	24.42	25.58	23.74	24.58	285611606	7004192256.00
2023/09/13	24.12	24.85	23.48	24.75	256193253	6206137856.00
2023/09/14	23.94	24.30	23.26	23.84	198592517	4738036736.00
2023/09/15	23.41	26.22	22.80	26.22	291340179	7100664832.00
2023/09/18	25.01	25.22	23.60	23.85	244855989	5981378560.00
2023/09/19	23.46	23.93	22.34	22.59	188789496	4347094016.00
2023/09/20	22.05	22.98	21.17	21.80	208764512	4575634432.00
2023/09/21	21.57	22.20	21.41	21.93	145624281	3179001856.00
2023/09/22	21.66	22.35	20.88	21.88	167707015	3619948032.00
2023/09/25	21.70	24.00	21.70	22.76	249044547	5693042688.00
2023/09/26	22.08	24.78	21.40	23.71	243211228	5573614080.00
2023/09/27	23.24	23.76	22.85	23.30	130819978	3053083648.00
2023/09/28	23.47	24.50	22.03	23.50	159923798	3750135808.00
2023/10/09	22.80	23.89	22.60	22.79	124726142	2882161152.00
2023/10/10	22.50	24.99	22.50	23.87	197832293	4793429504.00
2023/10/11	24.37	26.26	24.37	26.26	72801000	1860458624.00
2023/10/12	28.89	28.89	24.00	25.10	246997949	6381445632.00
2023/10/13	25.50	27.25	24.90	26.71	218943804	5684532224.00
2023/10/16	26.05	26.39	25.50	25.59	126154063	3261088000.00
2023/10/17	24.80	27.57	24.65	26.68	174990382	4625927168.00
2023/10/18	28.00	28.60	25.73	26.51	176011794	4751051264.00
2023/10/19	26.32	28.50	26.32	27.05	197367710	5422607872.00
2023/10/20	26.00	26.07	24.35	24.35	98771021	2451062528.00
2023/10/23	22.50	23.13	21.92	21.92	154545194	3440997888.00
2023/10/24	21.83	23.23	21.50	22.27	136369228	3046891264.00
2023/10/25	22.30	22.80	21.45	22.36	150577198	3337886976.00
2023/10/26	21.77	22.80	21.32	21.54	126044545	2769468160.00
2023/10/27	22.50	23.69	21.91	23.69	169554694	3863961856.00
2023/10/30	23.69	23.88	22.53	23.33	164630195	3836564480.00
2023/10/31	22.97	24.15	22.10	23.95	176362677	4108676608.00
2023/11/01	23.36	23.39	22.35	22.47	105740094	2411710464.00
2023/11/02	22.45	23.09	21.81	22.24	88552225	1987233792.00
2023/11/03	22.09	22.55	21.66	22.30	79458672	1761904000.00
2023/11/06	22.38	22.98	22.09	22.68	103560095	2341404672.00
2023/11/07	23.10	24.29	22.80	23.66	180058793	4255767808.00
2023/11/08	23.41	24.93	23.40	24.51	176291450	4275502592.00
2023/11/09	24.18	25.52	23.77	24.23	168007232	4133744384.00
2023/11/10	23.55	23.68	22.38	22.50	128392613	2943960576.00
2023/11/13	23.52	23.95	23.03	23.15	118218864	2765441280.00
2023/11/14	22.73	24.30	22.71	23.98	132170277	3139118592.00
2023/11/15	23.76	23.87	23.19	23.37	97112231	2280090624.00
2023/11/16	23.08	25.10	22.80	24.53	185110486	4448381952.00
2023/11/17	24.28	24.59	23.70	23.97	108282560	2598376192.00
2023/11/20	23.81	24.38	23.60	23.86	78759849	1882699264.00
2023/11/21	23.73	24.33	23.14	23.19	82534623	1954202368.00
2023/11/22	22.80	23.48	22.32	22.37	75438378	1719815296.00
2023/11/23	22.25	22.99	22.09	22.73	58225683	1312589568.00
2023/11/24	22.52	23.77	22.33	23.41	110917078	2587607552.00
2023/11/27	23.07	25.63	22.94	25.31	201074246	4932182016.00
2023/11/28	24.39	24.47	23.51	23.70	139510015	3331513088.00
2023/11/29	23.33	23.93	23.25	23.32	73946498	1739088000.00
2023/11/30	23.30	23.30	22.30	22.75	85976711	1940837504.00
2023/12/01	22.50	22.96	22.44	22.92	53943381	1227847936.00
2023/12/04	23.11	23.50	22.88	22.98	53261342	1233174400.00
2023/12/05	22.79	22.98	21.68	21.74	68771009	1531027968.00
2023/12/06	21.65	21.95	21.42	21.52	41588704	900685760.00
2023/12/07	21.62	21.63	20.42	20.43	76852733	1595459328.00
2023/12/08	20.62	20.83	20.32	20.51	48105057	989941248.00
2023/12/11	20.39	20.78	20.17	20.72	42971669	880026112.00
2023/12/12	20.72	21.10	20.63	21.00	44797109	935554944.00
2023/12/13	20.87	20.87	20.35	20.41	37787607	776686080.00
2023/12/14	20.40	20.60	19.91	19.92	42588887	856619008.00
2023/12/15	20.10	20.15	19.72	19.79	29640185	589634112.00
2023/12/18	19.63	19.85	19.40	19.49	28847183	565514752.00
2023/12/19	19.88	20.28	19.38	19.61	35100583	691823616.00
2023/12/20	19.54	21.19	19.35	20.36	102230865	2081755904.00
2023/12/21	19.65	20.26	19.60	19.93	55951949	1114731904.00
2023/12/22	19.83	19.98	19.02	19.13	55096848	1068612736.00
2023/12/25	19.13	19.30	18.92	19.13	24250652	463126688.00
2023/12/26	19.00	19.00	18.36	18.45	37954725	704903424.00
2023/12/27	18.60	19.16	18.46	18.92	40780500	770314368.00
2023/12/28	18.80	19.23	18.72	19.07	35245218	669889280.00
2023/12/29	19.00	19.43	18.96	19.30	28658414	552617344.00
2024/01/02	19.35	19.88	19.14	19.20	44736149	869374656.00
2024/01/03	19.16	20.13	19.03	19.89	79188970	1564843776.00
2024/01/04	19.65	19.71	19.03	19.14	49285629	948613376.00
2024/01/05	19.02	19.08	18.40	18.52	33879753	634244800.00
2024/01/08	18.40	18.49	17.91	17.91	29612101	536212832.00
2024/01/09	18.04	18.45	17.89	18.05	22410447	407077152.00
2024/01/10	17.93	18.00	17.62	17.66	22517734	399571040.00
2024/01/11	17.65	18.14	17.65	18.09	27448580	493453536.00
2024/01/12	18.10	18.18	17.69	17.70	21087008	376694560.00
2024/01/15	17.60	18.12	17.46	17.92	23644138	423738048.00
2024/01/16	17.84	18.09	17.46	17.78	19262500	341504416.00
2024/01/17	17.70	17.79	17.31	17.31	15216020	266442528.00
2024/01/18	17.21	17.43	16.76	17.38	27969601	477304544.00
2024/01/19	17.33	17.59	17.18	17.21	16008585	278058368.00
2024/01/22	17.12	17.22	16.08	16.28	24622297	410634976.00
2024/01/23	16.36	17.19	16.36	17.05	44169805	747143232.00
2024/01/24	17.18	18.08	17.13	17.74	65925456	1161097472.00
2024/01/25	17.78	18.64	17.52	18.44	82821781	1509172480.00
2024/01/26	18.49	19.84	18.21	19.06	102000028	1932049280.00
2024/01/29	18.80	18.80	17.72	17.81	67909306	1235966080.00
2024/01/30	17.59	18.06	16.82	16.87	45130662	781653760.00
2024/01/31	16.95	17.10	15.87	15.98	41824101	685499456.00
2024/02/01	15.81	16.36	15.51	15.85	31345841	499902368.00
2024/02/02	16.00	16.44	15.18	15.75	39968031	636391680.00
2024/02/05	15.49	15.55	14.18	14.63	45077711	664455040.00
2024/02/06	14.40	15.96	14.11	15.76	42591015	644598144.00
2024/02/07	15.72	16.80	15.61	16.79	51298087	834000448.00
2024/02/08	17.35	18.47	17.29	17.36	67274917	1202925312.00
2024/02/19	17.50	17.80	17.20	17.66	47884410	838509696.00
2024/02/20	17.42	18.17	17.26	17.99	49399481	884252480.00
2024/02/21	17.60	18.95	17.57	18.18	70094149	1276857088.00
2024/02/22	17.93	19.30	17.88	18.77	76056934	1423140608.00
2024/02/23	18.86	18.88	18.41	18.72	52851268	986156992.00
2024/02/26	18.58	18.94	18.45	18.56	46487345	868600128.00
2024/02/27	18.45	19.24	18.35	19.23	70063245	1322316800.00
2024/02/28	19.24	19.50	18.00	18.09	68139809	1290905216.00
2024/02/29	18.49	19.90	18.38	19.90	53172947	1035449984.00
2024/03/01	21.89	21.89	21.52	21.89	51408702	1124362112.00
2024/03/04	22.24	22.54	20.93	21.74	154138226	3328014592.00
2024/03/05	21.20	23.47	21.12	22.42	164172576	3654500352.00
2024/03/06	21.94	22.10	21.23	21.60	98915138	2144449920.00
2024/03/07	22.00	22.44	21.05	21.14	95512606	2084082816.00
2024/03/08	21.00	21.55	20.72	21.47	68315004	1449065856.00
2024/03/11	21.05	21.95	20.95	21.92	76214280	1638913664.00
2024/03/12	21.71	22.14	21.43	21.73	65766517	1427066240.00
2024/03/13	21.78	22.07	21.50	21.63	60150285	1307210880.00
2024/03/14	21.31	21.52	20.70	20.98	61227567	1289782400.00
2024/03/15	20.90	20.98	20.48	20.88	40857710	848054528.00
2024/03/18	21.03	21.55	20.98	21.45	56059665	1194708608.00
2024/03/19	21.29	21.97	21.11	21.76	74965312	1623804032.00
2024/03/20	21.55	22.41	21.36	21.87	89858816	1969255424.00
2024/03/21	21.68	21.94	21.30	21.40	54276061	1169156224.00
2024/03/22	21.42	21.74	21.04	21.04	43179244	919667840.00
2024/03/25	20.83	22.10	20.80	21.20	78706060	1701201792.00
2024/03/26	21.20	21.43	20.36	20.55	52798617	1094313728.00
2024/03/27	20.65	20.65	19.52	19.52	41941891	835489600.00
2024/03/28	19.51	20.32	19.51	20.02	41343364	827502656.00
2024/03/29	19.92	19.92	19.51	19.84	27247007	537285824.00
2024/04/01	20.12	20.43	20.02	20.20	32907941	665054656.00
2024/04/02	20.20	20.21	19.58	19.68	39385939	781653952.00
2024/04/03	19.65	19.84	19.13	19.29	28908727	560717184.00
2024/04/08	19.23	19.52	19.10	19.12	21300899	410695328.00
2024/04/09	19.02	19.17	18.67	19.08	23018986	435266208.00
2024/04/10	19.08	19.15	18.29	18.39	23984178	445211744.00
2024/04/11	18.23	18.68	18.20	18.36	20414997	376977280.00
2024/04/12	18.38	18.71	18.29	18.31	21126137	390546496.00
2024/04/15	18.31	18.58	17.95	18.34	26584555	485898720.00
2024/04/16	18.10	18.30	17.24	17.25	30380061	535614272.00
2024/04/17	17.39	18.20	17.38	18.18	31858584	570943360.00
2024/04/18	18.04	18.35	17.85	18.04	25673126	465326304.00
2024/04/19	18.01	18.58	17.65	17.93	40093104	725350080.00
2024/04/22	17.67	17.96	17.47	17.65	21791046	385709184.00
2024/04/23	17.79	17.88	17.40	17.43	17757305	311800064.00
2024/04/24	17.57	17.90	17.40	17.88	22369812	395723520.00
2024/04/25	17.70	18.07	17.69	17.77	17859669	318956032.00
2024/04/26	17.69	18.49	17.69	18.42	35651262	651722880.00
2024/04/29	18.47	19.24	18.38	19.20	46086929	873946048.00
2024/04/30	18.93	18.95	18.41	18.54	37854908	704487424.00
2024/05/06	18.90	19.12	18.59	18.71	28936881	545440768.00
2024/05/07	18.71	18.85	18.45	18.60	23034945	428513152.00
2024/05/08	18.53	19.04	18.18	18.45	36368604	673497600.00
2024/05/09	18.30	18.98	18.30	18.83	37338736	701897920.00
2024/05/10	18.88	18.97	18.38	18.65	24455905	455268544.00
2024/05/13	18.46	18.49	18.06	18.10	25499387	464518944.00
2024/05/14	18.24	18.50	18.04	18.30	22130683	404203712.00
2024/05/15	18.30	18.56	18.06	18.12	21349317	390685920.00
2024/05/16	18.25	18.50	18.13	18.23	28429674	521873248.00
2024/05/17	18.34	19.06	18.01	19.01	58393770	1086705536.00
2024/05/20	19.04	19.04	18.56	18.70	41479866	775253696.00
2024/05/21	18.60	18.82	18.47	18.53	21332986	396979040.00
2024/05/22	18.63	18.90	18.56	18.66	34750621	650884992.00
2024/05/23	18.50	18.52	17.90	17.93	36031975	651889280.00
2024/05/24	17.90	17.90	17.17	17.19	29437792	512247872.00
2024/05/27	17.21	18.91	16.80	18.91	61717891	1107293952.00
2024/05/28	20.01	20.59	19.59	19.64	148539117	2969019136.00
2024/05/29	19.64	20.25	19.35	19.42	99222659	1959959680.00
2024/05/30	19.11	19.78	19.11	19.59	93048216	1809797888.00
2024/05/31	19.34	20.13	19.19	19.97	90145855	1769565952.00
2024/06/03	19.67	20.39	19.46	20.07	84704276	1687649536.00
2024/06/04	19.80	19.86	19.33	19.51	52042644	1019911872.00
2024/06/05	19.55	20.18	19.41	19.54	56445222	1120122880.00
2024/06/06	19.59	20.89	19.50	19.99	93620953	1884677248.00
2024/06/07	19.81	21.99	19.71	21.22	169392742	3636304128.00
2024/06/11	21.10	21.90	20.93	21.54	135426994	2901050624.00
2024/06/12	21.20	21.39	20.90	21.07	93400781	1969846912.00
2024/06/13	21.10	21.34	20.53	20.65	87277139	1829787648.00
2024/06/14	20.42	21.14	20.02	20.85	80038116	1651037952.00
2024/06/17	20.63	21.11	20.62	20.96	64514239	1348788608.00
2024/06/18	20.85	21.09	20.55	20.96	52139254	1085394048.00
2024/06/19	21.07	21.36	20.82	21.23	79800229	1687949568.00
2024/06/20	21.15	21.26	20.03	20.07	70969107	1459697152.00
2024/06/21	19.80	20.02	19.44	19.60	46646851	917596992.00
2024/06/24	19.35	19.68	18.78	18.85	44105621	845999040.00
2024/06/25	18.95	19.00	17.99	18.20	43879297	805825088.00
2024/06/26	18.21	18.83	17.93	18.70	39742730	732955520.00
2024/06/27	18.56	18.85	18.34	18.41	31746889	589212544.00
2024/06/28	18.42	18.78	18.26	18.48	32359323	601691776.00
2024/07/01	18.51	18.76	18.35	18.64	24986453	463724736.00
2024/07/02	18.64	18.78	18.30	18.38	25925502	480194592.00
2024/07/03	18.30	18.74	18.13	18.50	27835288	514400448.00
2024/07/04	18.57	18.65	17.80	17.81	31375899	568338048.00
2024/07/05	17.61	17.82	17.45	17.69	20919075	368548448.00
2024/07/08	17.75	17.92	17.33	17.35	22447333	395071136.00
2024/07/09	17.29	18.34	17.28	18.29	40601402	728145728.00
2024/07/10	18.16	18.42	18.09	18.15	21687667	395821024.00
2024/07/11	18.55	18.66	18.16	18.32	27356401	501901600.00
2024/07/12	18.24	18.74	18.21	18.60	35104443	649465856.00
2024/07/15	18.51	18.67	18.36	18.39	20187169	372930144.00
2024/07/16	18.29	18.75	18.18	18.68	30688845	568002304.00
2024/07/17	18.60	19.68	18.55	19.01	53975551	1027785024.00
2024/07/18	19.60	20.48	19.33	19.96	87416223	1739838720.00
2024/07/19	19.58	20.45	19.40	19.56	80463318	1596883840.00
2024/07/22	19.42	19.99	19.41	19.68	50701936	995717184.00
2024/07/23	19.53	19.57	18.70	18.71	43929651	839621056.00
2024/07/24	18.60	18.86	17.96	18.04	37589854	691238400.00
2024/07/25	17.93	18.24	17.90	18.01	22915413	413531328.00
2024/07/26	17.90	18.25	17.89	18.13	20222578	365945568.00
2024/07/29	18.40	18.88	18.39	18.54	33268910	620606720.00
2024/07/30	18.40	19.50	18.02	19.46	56654876	1068032576.00
2024/07/31	19.21	19.89	19.02	19.57	60630733	1181592064.00
2024/08/01	19.69	19.82	19.44	19.57	40724501	800444352.00
2024/08/02	19.29	19.53	19.03	19.04	31310081	603000384.00
2024/08/05	18.86	19.25	18.30	18.33	32547533	610111168.00
2024/08/06	18.65	18.72	18.27	18.48	19374300	356938752.00
2024/08/07	18.45	18.61	18.28	18.32	17172207	316907392.00
2024/08/08	18.06	18.44	17.80	18.22	21832434	395703200.00
2024/08/09	18.44	18.75	18.19	18.19	22968200	423147232.00
2024/08/12	18.07	18.14	17.88	17.95	14431000	259394784.00
2024/08/13	17.93	18.03	17.64	17.96	14082500	251286528.00
2024/08/14	17.96	17.98	17.73	17.74	10420600	185876704.00
2024/08/15	17.66	18.07	17.56	17.87	14129000	252474096.00
2024/08/16	17.88	18.03	17.73	17.80	12742494	227662704.00
2024/08/19	17.75	17.97	17.50	17.67	11567301	205637392.00
2024/08/20	17.73	17.76	17.28	17.36	14530599	252940896.00
2024/08/21	17.30	17.44	17.18	17.20	9077241	156837040.00
2024/08/22	17.20	17.25	16.88	16.93	13715130	233912160.00
2024/08/23	16.93	17.03	16.66	16.66	13820275	232722048.00
2024/08/26	16.66	16.84	16.54	16.81	12268745	204742272.00
2024/08/27	17.05	17.08	16.21	16.24	20070310	330594688.00
2024/08/28	16.21	16.57	16.20	16.38	11119146	181891472.00
2024/08/29	16.34	16.73	16.29	16.66	11625632	192761408.00
2024/08/30	16.89	17.69	16.85	17.41	33820041	585634112.00
2024/09/02	17.20	17.45	16.85	16.87	20714280	354804576.00
2024/09/03	16.80	17.02	16.78	16.91	12192822	206006736.00
2024/09/04	16.75	17.12	16.65	16.89	15496774	261520544.00
2024/09/05	16.81	17.06	16.80	16.94	11603122	196380704.00
2024/09/06	16.90	17.09	16.73	16.74	12029702	203069376.00
2024/09/09	17.00	17.35	16.85	17.04	22824730	390447968.00
2024/09/10	16.98	18.66	16.81	17.69	43373835	769518784.00
2024/09/11	17.40	18.56	17.14	17.98	47822564	849582656.00
2024/09/12	17.88	18.46	17.78	17.90	40787616	737820736.00
2024/09/13	17.81	18.08	17.43	17.43	27128178	481063456.00
2024/09/18	19.17	19.17	19.17	19.17	26764307	513071776.00
2024/09/19	20.00	20.88	19.36	19.60	140235373	2818629376.00
2024/09/20	19.17	21.50	19.17	20.79	158864800	3272297728.00
2024/09/23	19.90	20.54	19.01	20.03	119151877	2352937472.00
2024/09/24	19.78	21.40	19.64	20.49	142219909	2910822144.00
2024/09/25	20.00	21.87	20.00	20.87	133819007	2816870144.00
2024/09/26	20.56	21.10	20.31	21.00	111375444	2307190784.00
2024/09/27	21.30	22.00	21.06	21.75	89911093	1935056256.00
2024/09/30	22.99	23.88	22.12	23.87	149434480	3459872768.00
2024/10/08	26.26	26.26	25.20	26.26	114803675	2999436544.00
2024/10/09	26.30	28.89	24.98	27.56	178667665	4926482944.00
2024/10/10	26.96	26.96	25.03	25.17	117926580	3054799872.00
2024/10/11	24.50	24.53	23.30	23.68	83675732	1997291904.00
2024/10/14	23.90	24.85	23.10	24.69	80245646	1919806464.00
2024/10/15	24.31	25.78	24.05	24.36	91658941	2286861312.00
2024/10/16	24.44	26.65	24.44	26.28	140200335	3624625920.00
2024/10/17	25.58	25.82	24.92	25.11	110199923	2790329344.00
2024/10/18	25.11	27.57	23.86	27.57	122095958	3128101376.00
2024/10/21	28.84	30.01	27.80	28.19	190782278	5466024448.00
2024/10/22	27.56	28.70	27.00	27.36	120354097	3340433408.00
2024/10/23	27.06	27.49	26.25	26.49	90510352	2431416320.00
2024/10/24	26.16	26.85	26.08	26.25	59413047	1568546688.00
2024/10/25	26.58	26.99	26.10	26.37	70142736	1859977600.00
2024/10/28	26.37	26.79	26.28	26.57	64818339	1717881984.00
2024/10/29	26.61	27.85	26.32	26.93	102694617	2805828608.00
2024/10/30	26.40	26.68	25.68	26.07	75179631	1964204544.00
2024/10/31	25.82	28.68	25.75	28.68	50477243	1402106496.00
2024/11/01	31.55	31.55	30.38	31.55	296466191	9279783936.00
2024/11/04	30.80	31.55	28.40	30.50	220857358	6653039616.00
2024/11/05	30.17	33.55	30.17	33.55	219461890	7063411200.00
2024/11/06	34.40	35.40	32.20	33.98	217361677	7315514880.00
2024/11/07	32.78	33.66	31.57	32.85	140733444	4598270976.00
2024/11/08	34.00	34.56	32.80	32.86	130456789	4390234112.00
2024/11/11	33.88	36.15	33.46	35.10	171951627	6064545792.00
2024/11/12	34.05	37.74	33.62	34.71	147604943	5203830272.00
2024/11/13	34.89	36.71	34.00	34.95	116836649	4111294208.00
2024/11/14	34.95	34.95	31.70	31.81	119044658	3919605760.00
2024/11/15	31.58	32.37	30.50	30.54	80730558	2535470592.00
2024/11/18	30.55	30.89	28.73	28.98	72027376	2118467712.00
2024/11/19	29.07	29.78	28.48	29.68	66242606	1932800512.00
2024/11/20	29.43	30.99	29.29	30.36	74443860	2238600960.00
2024/11/21	29.93	30.76	29.76	30.20	60405956	1827091712.00
2024/11/22	30.16	30.86	28.58	28.69	68118923	2029834752.00
2024/11/25	28.56	28.81	27.38	28.11	55370962	1545624704.00
2024/11/26	28.12	28.70	27.92	28.02	40641574	1146715136.00
2024/11/27	27.78	28.41	27.20	28.41	45620361	1270343040.00
2024/11/28	28.45	28.88	27.90	28.09	51580528	1463707264.00
2024/11/29	27.75	28.96	27.66	28.47	54323409	1538333056.00
2024/12/02	28.48	29.66	28.33	29.64	61779956	1790793856.00
2024/12/03	30.07	30.99	29.51	30.30	88768550	2690108416.00
2024/12/04	30.35	30.89	29.03	29.12	63517719	1903417088.00
2024/12/05	29.05	29.73	28.80	29.33	41846638	1220725120.00
2024/12/06	29.10	29.60	28.55	29.14	45556755	1323640960.00
2024/12/09	29.15	29.16	28.18	28.37	34588713	989181056.00
2024/12/10	29.86	29.87	28.38	28.48	46545028	1353904640.00
2024/12/11	29.15	29.71	29.00	29.19	54585218	1601189632.00
2024/12/12	29.00	29.70	28.58	29.30	47009707	1367363968.00
2024/12/13	28.98	29.09	28.30	28.31	40648269	1161924992.00
2024/12/16	28.33	28.40	27.61	27.75	28583869	796492480.00
2024/12/17	27.58	27.78	26.93	26.97	30579490	832813696.00
2024/12/18	26.97	27.68	26.81	27.23	27465372	747551168.00
2024/12/19	26.86	27.58	26.62	27.40	26800653	730787200.00
2024/12/20	27.40	28.75	27.23	28.32	50032546	1406909184.00
2024/12/23	28.01	28.21	27.28	27.32	30650740	850067584.00
2024/12/24	27.32	27.59	26.94	27.57	24339295	664033152.00
2024/12/25	27.40	27.52	26.86	26.94	21360118	578426752.00
2024/12/26	26.96	27.79	26.96	27.59	27765773	764702976.00
2024/12/27	27.56	28.15	27.43	27.58	26823800	746632000.00
2024/12/30	27.40	27.96	27.09	27.76	20846704	576161280.00
2024/12/31	27.91	27.93	26.79	26.80	29558597	804439104.00
2025/01/02	26.80	26.81	25.20	25.50	35743495	928591040.00
2025/01/03	25.50	25.68	24.38	24.41	28625710	713392000.00
2025/01/06	24.59	24.69	24.12	24.41	20447400	497718784.00
2025/01/07	24.52	25.02	24.43	24.92	21116315	523272960.00
2025/01/08	24.77	25.05	24.07	24.80	20585661	506096992.00
2025/01/09	24.66	25.18	24.57	24.84	19531943	487968256.00
2025/01/10	24.82	25.54	24.62	24.62	26055000	654972224.00
2025/01/13	24.43	25.60	24.23	25.21	36036660	903330368.00
2025/01/14	25.39	26.12	24.94	25.99	43819577	1123829888.00
2025/01/15	25.86	25.95	25.41	25.50	25873811	662054592.00
2025/01/16	25.80	26.08	25.21	25.41	24639104	631405824.00
2025/01/17	25.16	25.87	25.11	25.46	23767308	606012928.00
2025/01/20	25.66	25.83	25.26	25.34	20674192	528291808.00
2025/01/21	25.52	25.66	25.11	25.32	19652016	498065792.00
2025/01/22	25.10	25.26	24.77	24.88	17601106	439335904.00
2025/01/23	25.13	25.71	24.70	24.71	28546151	721712448.00
2025/01/24	24.76	25.08	24.63	24.95	17426606	434247200.00
2025/01/27	25.10	25.14	24.10	24.10	19265681	471876096.00
2025/02/05	24.56	25.05	24.53	24.67	23509309	582184768.00
2025/02/06	24.60	25.88	24.44	25.66	38460572	978833536.00
2025/02/07	25.82	26.66	25.70	26.14	48316619	1268377216.00
2025/02/10	26.26	27.13	26.26	26.70	46215604	1231129856.00
2025/02/11	26.71	26.75	26.20	26.29	25419430	670634880.00
2025/02/12	26.20	27.23	26.19	26.99	42891872	1151613568.00
2025/02/13	26.99	27.05	26.42	26.60	30570736	815748160.00
2025/02/14	26.48	26.68	26.09	26.40	23469642	617062720.00
2025/02/17	26.40	26.66	26.12	26.25	24725626	651006144.00
2025/02/18	26.26	26.45	25.50	25.58	26433094	687092928.00
2025/02/19	25.57	26.29	25.52	26.23	26362918	687177280.00
2025/02/20	26.18	26.56	25.83	26.29	27559798	720844160.00
2025/02/21	26.32	26.95	25.89	26.76	45849357	1215626624.00
2025/02/24	27.07	28.06	26.89	27.20	59228734	1624361856.00
2025/02/25	26.68	28.88	26.66	27.85	82024694	2283266304.00
2025/02/26	28.30	28.33	27.31	27.61	47773424	1317686656.00
2025/02/27	27.55	27.69	26.52	26.88	38607779	1041973888.00
2025/02/28	26.70	26.98	25.83	25.87	29282366	769398016.00
数据来源:通达信
