002602 ST华通 日线 不复权
      日期	    开盘	    最高	    最低	    收盘	    成交量	    成交额
2020/01/02	11.61	12.24	11.49	12.18	73420866	880699776.00
2020/01/03	12.70	12.98	12.44	12.76	91608750	1169246592.00
2020/01/06	12.60	12.93	12.44	12.85	75148930	956091200.00
2020/01/07	13.03	13.44	12.88	13.30	70226449	923838400.00
2020/01/08	13.00	13.06	12.50	12.63	64479693	825173632.00
2020/01/09	12.89	13.13	12.73	12.87	46609188	601219584.00
2020/01/10	12.81	13.00	12.62	12.84	24098131	308530816.00
2020/01/13	12.91	13.15	12.36	12.79	36126238	456469696.00
2020/01/14	12.93	13.69	12.86	13.37	58712490	777384128.00
2020/01/15	13.33	13.52	12.69	13.00	41455731	541742464.00
2020/01/16	13.19	13.21	12.90	12.91	37897004	493159392.00
2020/01/17	12.97	13.23	12.76	12.92	28732812	370457056.00
2020/01/20	12.82	13.05	12.69	12.85	36775574	472748640.00
2020/01/21	12.87	13.02	12.41	12.92	45255917	576637184.00
2020/01/22	12.74	12.85	12.20	12.82	41733309	524795360.00
2020/01/23	12.68	13.18	12.00	12.70	46039303	584487616.00
2020/02/03	11.43	12.25	11.43	11.66	60429257	706727552.00
2020/02/04	11.68	12.50	11.60	12.42	46464001	559340608.00
2020/02/05	12.48	12.48	11.83	11.92	73053896	885737280.00
2020/02/06	11.98	13.10	11.98	13.00	79290276	1002811968.00
2020/02/07	13.13	13.99	12.85	13.77	95095181	1293023872.00
2020/02/10	14.12	14.59	13.82	14.08	84116796	1188573952.00
2020/02/11	14.09	14.44	13.61	14.13	60475722	850711808.00
2020/02/12	14.16	15.33	14.16	15.09	70367009	1040311040.00
2020/02/13	15.25	15.81	15.05	15.19	61677152	946817856.00
2020/02/14	14.98	15.48	14.87	15.22	60087094	910180224.00
2020/02/17	15.26	15.45	14.93	15.01	64671257	981404480.00
2020/02/18	15.02	15.55	14.91	15.19	64576295	981267072.00
2020/02/19	15.16	15.18	14.48	14.80	75070892	1104645888.00
2020/02/20	14.75	14.79	13.99	14.53	63172977	905429824.00
2020/02/21	14.58	15.03	14.36	14.69	52027467	766920896.00
2020/02/24	14.51	15.05	14.50	14.91	61938115	915583552.00
2020/02/25	14.70	14.91	14.12	14.53	64703078	937049152.00
2020/02/26	14.39	14.39	13.81	13.82	64771706	910311616.00
2020/02/27	14.00	14.28	13.67	13.95	63901257	897035456.00
2020/02/28	13.75	14.53	13.33	13.45	69017229	958265984.00
2020/03/02	13.91	14.15	12.70	13.37	90869918	1202113664.00
2020/03/03	13.52	13.89	13.01	13.15	73222129	982159488.00
2020/03/04	13.12	13.70	12.97	13.58	51047639	680652096.00
2020/03/05	13.61	14.06	13.48	14.04	55796384	768979328.00
2020/03/06	13.90	14.30	13.74	14.11	63713851	891729600.00
2020/03/09	13.90	13.90	13.13	13.16	51141956	688931136.00
2020/03/10	13.00	14.10	12.83	13.90	61126803	825712128.00
2020/03/11	13.94	14.06	13.48	13.54	32014451	441234880.00
2020/03/12	13.20	13.50	13.04	13.19	29520736	390712544.00
2020/03/13	12.35	13.09	12.18	12.97	43203240	546946752.00
2020/03/16	13.03	13.82	12.76	12.99	61550960	818368960.00
2020/03/17	13.09	13.42	12.88	13.27	47777678	628450304.00
2020/03/18	13.55	14.03	13.29	13.29	56873211	775828416.00
2020/03/19	13.45	14.08	13.34	14.07	72098954	991159872.00
2020/03/20	14.40	14.85	14.28	14.45	73091484	1065837632.00
2020/03/23	14.01	14.54	13.70	13.87	45480080	642353728.00
2020/03/24	14.19	14.32	13.24	13.74	47579105	653855680.00
2020/03/25	14.02	14.50	13.85	14.40	42475993	605190912.00
2020/03/26	14.27	14.48	13.92	14.04	34810420	493351552.00
2020/03/27	14.19	14.25	13.24	13.35	51183929	696242880.00
2020/03/30	13.01	13.08	12.34	12.56	41276552	523491488.00
2020/03/31	12.76	12.89	12.18	12.35	41337068	515081728.00
2020/04/01	12.38	12.79	12.25	12.36	28618478	358062208.00
2020/04/02	12.40	12.71	12.25	12.69	30620862	383859872.00
2020/04/03	12.67	13.02	12.58	12.80	24828060	319217696.00
2020/04/07	13.07	13.35	12.98	13.21	31665079	416956448.00
2020/04/08	13.19	14.05	13.13	13.58	39219279	530536448.00
2020/04/09	13.49	14.50	13.43	14.43	75780557	1063638144.00
2020/04/10	14.29	14.29	13.51	13.60	53727918	741023808.00
2020/04/13	13.59	13.59	12.95	13.01	31396651	412918976.00
2020/04/14	13.48	14.31	13.40	14.29	149144002	2107545600.00
2020/04/15	13.98	14.31	13.82	13.91	72073244	1009825856.00
2020/04/16	13.80	14.82	13.72	14.51	107710861	1541768704.00
2020/04/17	14.70	14.75	14.20	14.43	73182772	1058262272.00
2020/04/20	14.30	14.64	14.20	14.32	60117728	863919040.00
2020/04/21	14.28	14.28	13.68	13.92	53309497	741276544.00
2020/04/22	13.71	14.13	13.71	14.07	32617847	454748224.00
2020/04/23	14.11	14.17	13.63	13.63	39717962	547830592.00
2020/04/24	13.60	13.74	13.37	13.46	30121182	407031296.00
2020/04/27	13.51	13.88	13.49	13.67	29040751	398440000.00
2020/04/28	13.67	13.84	13.03	13.60	33196911	448705152.00
2020/04/29	13.62	14.14	13.55	13.88	35652493	496469024.00
2020/04/30	14.30	14.40	13.77	13.90	52050688	727803392.00
2020/05/06	13.85	14.08	13.66	14.02	44105186	612392192.00
2020/05/07	14.06	14.70	13.93	14.64	74601104	1078490752.00
2020/05/08	14.64	14.73	14.42	14.57	50784256	739487936.00
2020/05/11	14.78	14.97	14.39	14.48	44048101	644698368.00
2020/05/12	14.53	14.61	14.14	14.39	39604974	567660352.00
2020/05/13	14.48	14.72	14.28	14.67	49371308	716331520.00
2020/05/14	14.70	14.86	14.35	14.37	47278612	691291264.00
2020/05/15	14.49	14.54	14.15	14.20	35170211	501411712.00
2020/05/18	14.20	14.21	13.73	13.83	34040032	474302400.00
2020/05/19	13.95	14.05	13.71	13.93	33090407	459016512.00
2020/05/20	13.93	13.94	13.51	13.59	36896874	504780032.00
2020/05/21	13.63	13.70	13.35	13.38	30761381	414742432.00
2020/05/22	13.44	13.68	13.22	13.33	30600204	411797696.00
2020/05/25	13.21	13.54	13.02	13.54	33151205	439420064.00
2020/05/26	13.52	13.60	13.37	13.45	29099456	391817408.00
2020/05/27	13.47	13.52	12.89	12.99	42348477	555432064.00
2020/05/28	12.85	13.06	12.57	12.95	35708899	458625600.00
2020/05/29	12.83	13.41	12.81	13.40	58683586	773958016.00
2020/06/01	13.33	13.71	13.26	13.61	56731441	766057024.00
2020/06/02	13.71	13.72	13.25	13.34	44894566	601484160.00
2020/06/03	13.34	13.40	13.06	13.16	35674131	470668832.00
2020/06/04	13.19	13.20	12.82	12.89	36416221	471916512.00
2020/06/05	12.94	13.42	12.80	13.39	46167969	610081152.00
2020/06/08	13.66	13.67	13.15	13.20	33097921	441616768.00
2020/06/09	13.23	13.62	13.13	13.60	50411877	679341120.00
2020/06/10	13.60	13.82	13.45	13.78	42672272	582484096.00
2020/06/11	13.87	14.25	13.74	13.94	65274466	914984896.00
2020/06/12	13.50	14.51	13.44	14.47	78672759	1111065344.00
2020/06/15	14.57	14.80	14.22	14.62	100242758	1460478080.00
2020/06/16	14.60	14.73	14.33	14.42	79839248	1156546560.00
2020/06/17	14.52	14.65	13.88	14.06	86619996	1226872576.00
2020/06/18	13.51	14.15	13.36	13.79	73679829	1017196864.00
2020/06/19	13.76	14.04	13.59	13.68	59950466	826533184.00
2020/06/22	13.79	14.22	13.68	14.14	76594341	1072289664.00
2020/06/23	14.22	15.55	14.15	15.26	201827229	3069236736.00
2020/06/24	15.28	16.07	15.16	15.73	139236557	2188454656.00
2020/06/29	15.80	15.90	14.83	15.10	128423919	1959865472.00
2020/06/30	15.13	15.57	14.71	15.31	83249824	1266183040.00
2020/07/01	15.46	15.69	14.95	15.32	69746243	1068345472.00
2020/07/02	15.39	15.60	15.05	15.22	75972415	1160597760.00
2020/07/03	15.30	15.88	14.97	15.54	116106732	1787396608.00
2020/07/06	15.53	16.10	15.30	16.10	146452884	2310080256.00
2020/07/07	16.26	17.40	15.95	17.06	149383441	2489551616.00
2020/07/08	17.09	17.44	16.72	17.23	115841376	1980104320.00
2020/07/09	17.23	18.00	16.86	17.16	151962840	2650438400.00
2020/07/10	17.07	17.30	16.62	17.12	119026305	2014420864.00
2020/07/13	14.00	14.65	13.91	14.30	162296644	2330655488.00
2020/07/14	14.25	14.54	13.68	13.89	142279835	2006326016.00
2020/07/15	13.83	13.83	13.11	13.18	142234519	1900527488.00
2020/07/16	13.21	13.38	12.27	12.28	116618772	1501692160.00
2020/07/17	12.48	12.62	12.15	12.42	85709789	1059982656.00
2020/07/20	12.57	12.67	12.21	12.55	93742839	1166356352.00
2020/07/21	12.43	12.66	12.30	12.38	80125891	996910272.00
2020/07/22	12.38	12.56	12.18	12.22	140183071	1733104640.00
2020/07/23	12.01	12.01	11.19	11.49	218802670	2526006016.00
2020/07/24	11.49	11.85	11.13	11.33	139295245	1604175232.00
2020/07/27	11.44	12.28	11.41	12.27	148222283	1763808384.00
2020/07/28	12.30	12.98	12.16	12.44	199484290	2485564160.00
2020/07/29	12.25	12.44	12.07	12.44	133642327	1637419136.00
2020/07/30	12.48	12.54	12.04	12.06	108035388	1320096512.00
2020/07/31	11.98	12.30	11.85	12.10	80363643	973650816.00
2020/08/03	12.10	12.28	11.98	12.21	98233450	1191459200.00
2020/08/04	12.25	12.31	11.64	11.68	161288207	1912957056.00
2020/08/05	11.52	11.84	11.52	11.75	79538392	933409216.00
2020/08/06	11.68	11.69	11.20	11.27	169508094	1920614656.00
2020/08/07	11.37	11.41	10.81	11.07	104608478	1158843648.00
2020/08/10	11.05	11.15	10.80	11.07	75761560	829850240.00
2020/08/11	11.09	11.14	10.66	10.68	110140613	1195976704.00
2020/08/12	10.61	10.66	10.13	10.37	135891226	1399528448.00
2020/08/13	10.50	10.86	10.46	10.59	97309887	1034058752.00
2020/08/14	10.51	10.67	10.37	10.64	58093459	612318208.00
2020/08/17	10.65	10.77	10.51	10.77	91229800	971905792.00
2020/08/18	10.77	11.30	10.69	11.20	135363383	1492744320.00
2020/08/19	11.19	11.27	10.96	11.03	73783779	817889856.00
2020/08/20	10.90	11.04	10.70	10.75	60713545	658580608.00
2020/08/21	10.81	11.13	10.75	10.87	68805970	751361536.00
2020/08/24	10.97	10.97	10.75	10.84	56227217	610259328.00
2020/08/25	10.84	11.10	10.78	10.91	71679864	782411904.00
2020/08/26	10.90	10.91	10.55	10.58	72300125	771843008.00
2020/08/27	10.55	10.65	10.47	10.58	40834820	431865184.00
2020/08/28	10.59	10.84	10.46	10.84	73176920	781905280.00
2020/08/31	11.00	11.28	10.95	11.07	133868215	1487836672.00
2020/09/01	11.10	11.50	11.00	11.42	127713968	1448396672.00
2020/09/02	11.47	11.52	11.22	11.40	82761568	939192192.00
2020/09/03	11.40	11.40	11.10	11.14	66192069	744712576.00
2020/09/04	10.91	11.33	10.83	11.24	56315277	626875968.00
2020/09/07	11.30	11.30	10.87	10.97	59552389	660142464.00
2020/09/08	10.95	11.07	10.83	11.00	50481553	553224576.00
2020/09/09	10.82	10.87	10.52	10.63	62366835	667429248.00
2020/09/10	10.73	10.78	10.25	10.25	54166199	568479360.00
2020/09/11	10.24	10.67	10.03	10.65	54908292	572273664.00
2020/09/14	10.75	10.82	10.48	10.60	43609183	461986272.00
2020/09/15	10.62	10.70	10.52	10.62	34384461	364927008.00
2020/09/16	10.62	10.63	10.44	10.52	33106549	347615488.00
2020/09/17	10.44	10.49	10.31	10.41	37915251	394552896.00
2020/09/18	10.40	10.61	10.36	10.59	55217514	580871232.00
2020/09/21	10.61	10.85	10.55	10.56	49633473	529759424.00
2020/09/22	10.41	10.57	10.25	10.30	42870178	445240320.00
2020/09/23	10.29	10.44	10.25	10.44	27788046	287382464.00
2020/09/24	10.31	10.51	10.18	10.19	39195918	403717728.00
2020/09/25	10.25	10.27	10.04	10.04	35524187	358992736.00
2020/09/28	10.05	10.10	9.71	9.72	49036370	484313312.00
2020/09/29	9.80	9.87	9.70	9.73	28902159	282308864.00
2020/09/30	9.74	9.77	9.48	9.52	42104371	404370304.00
2020/10/09	9.62	9.81	9.58	9.72	46711359	453218496.00
2020/10/12	9.75	9.98	9.66	9.97	60934134	599566208.00
2020/10/13	9.95	9.95	9.83	9.88	31612696	312053152.00
2020/10/14	9.85	9.85	9.46	9.49	66828146	639419392.00
2020/10/15	9.49	9.49	8.70	8.83	202785485	1809446784.00
2020/10/16	8.83	8.93	8.82	8.90	49376932	438234912.00
2020/10/19	8.90	8.95	8.73	8.79	41032647	362628224.00
2020/10/20	8.76	8.88	8.71	8.88	37397633	328822560.00
2020/10/21	8.90	8.90	8.68	8.73	34267407	300230656.00
2020/10/22	8.74	8.94	8.55	8.86	47065396	414089184.00
2020/10/23	8.86	8.89	8.63	8.66	39376407	344280160.00
2020/10/26	8.61	8.65	8.45	8.48	41043070	348858784.00
2020/10/27	8.45	8.73	8.42	8.57	32488254	278729504.00
2020/10/28	8.56	8.63	8.43	8.58	32543749	277738144.00
2020/10/29	8.47	8.58	8.43	8.53	26506843	225751712.00
2020/10/30	8.55	8.73	8.50	8.53	45734323	393815136.00
2020/11/02	8.29	8.29	7.68	7.69	148467078	1160847872.00
2020/11/03	7.72	8.31	7.51	8.13	113279032	913448448.00
2020/11/04	8.13	8.20	7.98	8.06	51338750	413330080.00
2020/11/05	8.14	8.25	8.04	8.14	42668295	346786272.00
2020/11/06	8.16	8.21	8.02	8.07	33841235	273644480.00
2020/11/09	8.13	8.49	8.08	8.40	74976593	625567040.00
2020/11/10	8.48	8.48	8.20	8.25	47600106	394452960.00
2020/11/11	8.25	8.25	7.98	7.98	46629953	376016864.00
2020/11/12	8.00	8.08	7.88	7.90	31764049	252282432.00
2020/11/13	7.90	8.13	7.71	7.99	46043016	366969152.00
2020/11/16	8.10	8.36	8.09	8.17	57915481	475919328.00
2020/11/17	8.09	8.11	7.97	8.06	38664359	310841568.00
2020/11/18	8.07	8.07	7.91	8.00	35863720	286185664.00
2020/11/19	7.97	8.01	7.88	7.95	29811829	236905952.00
2020/11/20	7.95	8.02	7.85	7.88	42036553	332058752.00
2020/11/23	7.86	7.95	7.60	7.83	71842430	555533824.00
2020/11/24	7.79	8.02	7.73	7.87	57834016	455748608.00
2020/11/25	7.88	7.89	7.70	7.71	40798658	316985472.00
2020/11/26	7.70	7.75	7.58	7.61	38105048	290701664.00
2020/11/27	7.59	7.66	7.53	7.59	31901086	241616416.00
2020/11/30	7.60	7.84	7.52	7.84	58938624	455161184.00
2020/12/01	7.81	8.33	7.77	8.26	138406787	1131576448.00
2020/12/02	8.22	8.30	8.08	8.10	82342977	672349248.00
2020/12/03	8.14	8.19	8.06	8.11	52373956	425422624.00
2020/12/04	8.12	8.25	8.05	8.21	51807646	422869024.00
2020/12/07	8.23	8.24	7.96	7.99	70652005	567796032.00
2020/12/08	7.99	8.18	7.95	7.99	57891812	466109024.00
2020/12/09	8.00	8.00	7.75	7.76	44984941	353090624.00
2020/12/10	7.72	7.79	7.64	7.72	31687064	244810320.00
2020/12/11	7.70	7.81	7.62	7.77	43874989	338360032.00
2020/12/14	7.80	7.83	7.66	7.79	32739531	253857200.00
2020/12/15	7.80	7.81	7.65	7.67	47224263	363498784.00
2020/12/16	7.72	7.72	7.57	7.60	36304814	275789440.00
2020/12/17	7.57	7.58	7.21	7.39	70472253	518763008.00
2020/12/18	7.40	7.45	7.30	7.30	36131937	265709504.00
2020/12/21	7.26	7.45	7.19	7.40	42331769	311184096.00
2020/12/22	7.35	7.51	7.27	7.35	50688977	373396768.00
2020/12/23	7.29	7.34	7.16	7.19	52451723	378694144.00
2020/12/24	7.12	7.20	6.82	6.82	68407290	476667264.00
2020/12/25	6.76	7.02	6.58	6.94	82402828	555642368.00
2020/12/28	6.88	6.89	6.71	6.72	50689966	343364512.00
2020/12/29	6.78	7.21	6.70	7.00	89364140	625916736.00
2020/12/30	6.98	7.11	6.89	7.01	54543414	382069632.00
2020/12/31	7.11	7.24	7.06	7.11	47234433	337152256.00
2021/01/04	7.13	7.21	6.94	7.08	59392484	419975392.00
2021/01/05	7.05	7.23	7.01	7.11	52174319	370918976.00
2021/01/06	7.09	7.11	6.88	6.91	52513636	365158656.00
2021/01/07	6.89	6.92	6.64	6.73	61107012	412345760.00
2021/01/08	6.68	7.18	6.66	7.09	96732062	677795264.00
2021/01/11	7.12	7.25	6.93	6.94	67457289	476252480.00
2021/01/12	7.02	7.04	6.77	6.87	55130560	378424736.00
2021/01/13	6.89	6.96	6.76	6.78	49732208	339941024.00
2021/01/14	6.82	6.90	6.72	6.79	41500894	282933984.00
2021/01/15	6.79	6.90	6.69	6.78	43492377	295146816.00
2021/01/18	6.76	6.81	6.71	6.78	41121636	278018944.00
2021/01/19	6.76	6.77	6.59	6.60	70459487	468849056.00
2021/01/20	6.61	6.64	6.36	6.39	78728245	507847584.00
2021/01/21	6.39	6.81	6.39	6.77	135127126	902045120.00
2021/01/22	6.70	6.70	6.41	6.46	89223905	578916032.00
2021/01/25	6.39	6.40	6.14	6.17	78235711	488000960.00
2021/01/26	6.12	6.38	6.11	6.15	54433782	337734304.00
2021/01/27	6.17	6.55	6.06	6.47	133411742	852569856.00
2021/01/28	6.40	6.95	6.37	6.61	127991779	855313088.00
2021/01/29	6.66	6.67	6.15	6.21	91565933	581431360.00
2021/02/01	6.18	6.49	6.18	6.19	66441856	416764928.00
2021/02/02	6.19	6.72	6.08	6.50	107657820	696960384.00
2021/02/03	6.52	6.61	6.44	6.50	65599961	426356448.00
2021/02/04	6.47	6.48	6.14	6.22	71042790	443257824.00
2021/02/05	6.25	6.42	6.10	6.11	48861588	302525760.00
2021/02/08	6.09	6.13	5.85	5.87	61158797	362040480.00
2021/02/09	5.89	6.00	5.85	5.98	45068126	267073216.00
2021/02/10	6.06	6.29	6.01	6.19	61011201	374935808.00
2021/02/18	6.27	6.51	6.27	6.46	75875243	487480384.00
2021/02/19	6.46	6.87	6.40	6.78	116953106	783014976.00
2021/02/22	6.81	6.83	6.58	6.66	104490163	700437120.00
2021/02/23	6.61	6.66	6.43	6.44	73305558	477989376.00
2021/02/24	6.45	6.61	6.40	6.47	70294388	457206048.00
2021/02/25	6.48	6.51	6.30	6.33	59927425	380409312.00
2021/02/26	6.27	6.47	6.23	6.28	49318690	312011680.00
2021/03/01	6.33	6.65	6.32	6.63	76905079	498932736.00
2021/03/02	6.60	6.73	6.53	6.69	85114257	565221504.00
2021/03/03	6.65	6.76	6.64	6.71	61708586	414183008.00
2021/03/04	6.73	6.81	6.60	6.78	76555739	514933824.00
2021/03/05	6.74	7.18	6.71	7.10	134340455	945533568.00
2021/03/08	7.14	7.53	7.04	7.24	165101767	1210586880.00
2021/03/09	7.24	7.48	6.94	7.30	144965851	1055123328.00
2021/03/10	7.30	7.34	6.98	7.00	99098097	701350080.00
2021/03/11	7.00	7.70	6.96	7.70	249570122	1892893696.00
2021/03/12	7.66	7.74	7.45	7.58	181082525	1372978432.00
2021/03/15	7.97	8.15	7.60	7.62	317540652	2491917312.00
2021/03/16	7.52	7.62	7.28	7.35	162645235	1202737024.00
2021/03/17	7.38	7.98	7.29	7.86	199090516	1527376128.00
2021/03/18	7.78	8.24	7.72	7.99	192727901	1543706880.00
2021/03/19	7.83	8.09	7.75	7.84	112292888	883865856.00
2021/03/22	7.78	7.86	7.61	7.83	107569718	830293504.00
2021/03/23	7.80	7.81	7.41	7.44	114225319	868819008.00
2021/03/24	7.40	7.74	7.25	7.62	123240043	925793216.00
2021/03/25	7.55	7.56	7.34	7.39	64078685	476785664.00
2021/03/26	7.42	7.72	7.40	7.54	72134544	543401600.00
2021/03/29	7.50	7.50	7.32	7.34	65160994	479866816.00
2021/03/30	7.28	7.30	7.02	7.12	74388943	531067488.00
2021/03/31	7.15	7.25	7.10	7.13	40547885	290277056.00
2021/04/01	7.11	7.18	7.01	7.07	53046347	374491488.00
2021/04/02	7.12	7.38	7.07	7.37	84630316	614148416.00
2021/04/06	7.37	7.53	7.29	7.45	58654115	436259168.00
2021/04/07	7.39	7.42	7.31	7.37	39056703	287198880.00
2021/04/08	7.32	7.34	7.18	7.20	45906696	332072768.00
2021/04/09	7.16	7.30	7.15	7.20	27217628	196298176.00
2021/04/12	7.20	7.20	7.01	7.03	41019054	290274816.00
2021/04/13	7.02	7.12	6.86	6.89	44227021	307893472.00
2021/04/14	6.89	7.08	6.89	7.06	33582462	235577728.00
2021/04/15	7.04	7.07	6.94	6.97	23226063	162362560.00
2021/04/16	7.00	7.12	6.98	7.04	27017586	190728688.00
2021/04/19	7.01	7.13	6.93	7.11	37963823	268080128.00
2021/04/20	7.14	7.24	7.07	7.11	41305230	295758144.00
2021/04/21	7.13	7.30	7.08	7.25	54134312	391565312.00
2021/04/22	7.25	7.29	7.10	7.14	36671147	263385408.00
2021/04/23	7.12	7.12	6.98	7.01	39248875	276080480.00
2021/04/26	7.03	7.08	6.95	6.97	30022359	210298288.00
2021/04/27	6.94	7.04	6.92	6.93	27814184	193795072.00
2021/04/28	6.95	6.98	6.74	6.77	42607283	291739424.00
2021/04/29	6.87	6.97	6.78	6.93	41018015	282857088.00
2021/04/30	6.82	6.85	6.54	6.63	72744421	484298848.00
2021/05/06	6.58	6.68	6.41	6.52	41957383	272729120.00
2021/05/07	6.50	6.55	6.47	6.51	22528661	146695056.00
2021/05/10	6.51	6.57	6.40	6.46	31843151	206026256.00
2021/05/11	6.44	6.58	6.41	6.53	30878338	200902464.00
2021/05/12	6.49	6.57	6.42	6.56	33489503	218048832.00
2021/05/13	6.51	6.60	6.48	6.56	29068809	190462320.00
2021/05/14	6.59	6.65	6.54	6.63	27629659	182748784.00
2021/05/17	6.64	6.68	6.54	6.60	27833380	183888592.00
2021/05/18	6.63	6.76	6.58	6.67	26672925	178215952.00
2021/05/19	6.65	6.71	6.61	6.68	24024074	160168320.00
2021/05/20	6.69	6.70	6.51	6.52	39138294	256923216.00
2021/05/21	6.53	6.59	6.50	6.51	22101745	144387152.00
2021/05/24	6.50	6.51	6.41	6.42	26296659	169487056.00
2021/05/25	6.43	6.58	6.41	6.58	41327074	269406240.00
2021/05/26	6.57	6.65	6.53	6.59	33522551	220674560.00
2021/05/27	6.58	6.70	6.57	6.69	39855286	265296592.00
2021/05/28	6.70	6.72	6.60	6.64	32438603	215159520.00
2021/05/31	6.63	6.64	6.54	6.59	24267815	159787856.00
2021/06/01	6.61	6.64	6.57	6.61	28137755	185714912.00
2021/06/02	6.68	7.07	6.67	6.95	126047423	874983168.00
2021/06/03	6.99	7.03	6.86	6.87	47936836	332325952.00
2021/06/04	6.89	6.95	6.80	6.90	39712865	272635328.00
2021/06/07	6.96	6.97	6.86	6.88	26639790	183507552.00
2021/06/08	6.90	6.98	6.82	6.93	32571045	225206240.00
2021/06/09	6.98	7.12	6.90	7.02	51307883	360946912.00
2021/06/10	7.03	7.05	6.96	7.00	30654508	214197216.00
2021/06/11	7.13	7.15	6.85	6.88	52239734	365001184.00
2021/06/15	6.86	6.87	6.61	6.64	49073571	329078656.00
2021/06/16	6.65	6.72	6.52	6.56	36203344	239211760.00
2021/06/17	6.52	6.62	6.48	6.50	29311479	191311504.00
2021/06/18	6.53	6.58	6.46	6.58	31172788	203231920.00
2021/06/21	6.55	6.69	6.50	6.66	29700743	196725088.00
2021/06/22	6.66	6.73	6.55	6.61	25249579	167194384.00
2021/06/23	6.59	6.65	6.55	6.61	26731734	176108080.00
2021/06/24	6.61	6.63	6.50	6.51	28281234	184812256.00
2021/06/25	6.53	6.58	6.51	6.55	23121283	151305104.00
2021/06/28	6.54	6.59	6.52	6.56	20361215	133452848.00
2021/06/29	6.56	6.56	6.42	6.42	32304344	208859152.00
2021/06/30	6.43	6.47	6.40	6.42	20517180	131793696.00
2021/07/01	6.42	6.44	6.26	6.26	35348782	223702512.00
2021/07/02	6.25	6.33	6.24	6.25	21233297	132939336.00
2021/07/05	6.25	6.32	6.19	6.22	20981022	130799816.00
2021/07/06	6.25	6.34	6.14	6.30	29955031	186835280.00
2021/07/07	6.31	6.33	6.19	6.23	27588647	172029680.00
2021/07/08	6.22	6.22	6.09	6.10	34349885	210854864.00
2021/07/09	6.10	6.16	6.05	6.08	23806094	144967664.00
2021/07/12	6.08	6.13	6.06	6.07	26230651	159600384.00
2021/07/13	6.09	6.16	6.06	6.13	28868201	176565120.00
2021/07/14	6.12	6.13	6.03	6.04	30862147	186977088.00
2021/07/15	6.04	6.05	5.92	5.94	37629424	223827088.00
2021/07/16	5.94	6.18	5.89	6.14	52314288	316543616.00
2021/07/19	6.10	6.15	6.06	6.10	21090250	128417192.00
2021/07/20	6.07	6.12	6.06	6.08	14060268	85428048.00
2021/07/21	6.12	6.18	6.08	6.12	30347840	186283424.00
2021/07/22	6.12	6.14	6.07	6.10	19558177	119448368.00
2021/07/23	6.11	6.11	5.95	5.97	30295721	181400944.00
2021/07/26	5.95	5.99	5.75	5.79	43334991	253538112.00
2021/07/27	5.80	5.84	5.58	5.58	44568856	252718416.00
2021/07/28	5.56	5.63	5.37	5.38	40547291	221314080.00
2021/07/29	5.45	5.58	5.38	5.41	27176523	148076496.00
2021/07/30	5.42	5.72	5.28	5.58	45689656	253350464.00
2021/08/02	5.55	5.75	5.52	5.70	29342543	165614592.00
2021/08/03	5.64	5.70	5.31	5.40	77404701	422472480.00
2021/08/04	5.36	5.36	5.18	5.28	51399384	270377440.00
2021/08/05	5.28	5.29	5.14	5.14	44465120	230788592.00
2021/08/06	5.15	5.23	5.10	5.14	28628032	147261376.00
2021/08/09	5.08	5.16	5.07	5.13	32004131	164054912.00
2021/08/10	5.13	5.28	5.09	5.26	41833295	217488496.00
2021/08/11	5.23	5.33	5.22	5.23	28809653	151793248.00
2021/08/12	5.25	5.28	5.21	5.26	24102752	126679632.00
2021/08/13	5.26	5.27	5.20	5.24	21483969	112552576.00
2021/08/16	5.25	5.29	5.20	5.26	24219741	127415376.00
2021/08/17	5.27	5.27	5.12	5.13	28486542	147830512.00
2021/08/18	5.12	5.41	5.11	5.39	51197563	270084448.00
2021/08/19	5.34	5.61	5.32	5.49	58966177	324932544.00
2021/08/20	5.48	5.49	5.38	5.43	28338224	153555440.00
2021/08/23	5.43	5.48	5.35	5.41	28798320	155422944.00
2021/08/24	5.43	5.55	5.32	5.46	36031748	195301360.00
2021/08/25	5.46	5.90	5.45	5.73	66069282	379163872.00
2021/08/26	5.69	5.97	5.61	5.85	70389037	408934080.00
2021/08/27	5.81	6.04	5.81	5.87	55390202	328424256.00
2021/08/30	5.84	6.16	5.83	6.15	78405241	473557728.00
2021/08/31	6.02	6.27	5.90	6.25	87829495	538203008.00
2021/09/01	6.24	6.67	6.24	6.60	115238051	745205952.00
2021/09/02	6.59	6.86	6.48	6.53	150702395	1009606656.00
2021/09/03	6.58	6.72	6.49	6.62	84548381	559066304.00
2021/09/06	6.62	6.72	6.42	6.63	77716492	511923104.00
2021/09/07	6.58	6.85	6.58	6.78	75129992	505932960.00
2021/09/08	6.78	7.25	6.77	7.20	150700767	1063351680.00
2021/09/09	7.00	7.27	6.88	7.07	120116180	846424384.00
2021/09/10	7.14	7.15	6.97	7.09	66717516	471462592.00
2021/09/13	7.09	7.59	7.04	7.37	139597119	1029732096.00
2021/09/14	7.27	7.40	6.95	6.98	116424058	829552576.00
2021/09/15	6.92	7.19	6.92	7.13	75402248	535002720.00
2021/09/16	7.11	7.20	7.04	7.15	65982797	469602464.00
2021/09/17	7.17	7.17	6.80	7.01	73869440	515809504.00
2021/09/22	6.95	7.04	6.77	6.83	57105675	392771648.00
2021/09/23	6.91	7.11	6.87	6.93	55295258	386197664.00
2021/09/24	6.90	7.31	6.90	7.10	86648454	618619584.00
2021/09/27	7.12	7.22	6.79	6.98	67778597	473271808.00
2021/09/28	6.96	7.15	6.92	7.00	37109880	261384048.00
2021/09/29	6.99	7.30	6.92	7.16	93281575	666505088.00
2021/09/30	7.15	7.48	7.07	7.40	106704293	783850048.00
2021/10/08	7.49	7.50	7.28	7.45	65650871	486702912.00
2021/10/11	7.51	7.53	7.31	7.38	61202296	454258816.00
2021/10/12	7.37	7.44	7.13	7.22	55786302	404064640.00
2021/10/13	7.16	7.32	7.12	7.28	37357943	269929440.00
2021/10/14	7.25	7.33	6.88	6.99	64170832	451518080.00
2021/10/15	6.93	7.40	6.91	7.35	81065893	589702592.00
2021/10/18	7.35	7.39	7.06	7.25	56933917	408416992.00
2021/10/19	7.23	7.59	7.19	7.52	140876528	1056042880.00
2021/10/20	7.52	7.55	7.23	7.25	76681215	563499776.00
2021/10/21	7.28	7.38	7.11	7.35	44252923	320335904.00
2021/10/22	7.26	7.32	7.14	7.15	45930466	331203904.00
2021/10/25	7.15	7.28	6.97	7.25	37128519	265996784.00
2021/10/26	7.21	7.32	7.16	7.30	41325170	300234208.00
2021/10/27	7.23	7.48	7.12	7.45	82967766	609597376.00
2021/10/28	7.44	7.54	7.00	7.09	77143014	558301184.00
2021/10/29	7.02	7.50	7.01	7.43	129830008	957290240.00
2021/11/01	7.49	7.51	7.22	7.25	106699668	786364672.00
2021/11/02	7.19	7.25	6.92	6.94	107672629	759483584.00
2021/11/03	6.96	7.49	6.87	7.36	139716295	1025613504.00
2021/11/04	7.42	7.42	7.20	7.29	85399821	621992960.00
2021/11/05	7.26	7.78	7.18	7.61	244832312	1859485824.00
2021/11/08	7.73	7.85	7.29	7.40	184447158	1378351488.00
2021/11/09	7.46	7.48	7.20	7.23	112017555	816227264.00
2021/11/10	7.36	7.45	7.23	7.28	92281799	676373376.00
2021/11/11	7.19	7.99	7.08	7.80	270430771	2067613824.00
2021/11/12	7.79	8.01	7.74	7.81	191861882	1513299200.00
2021/11/15	7.79	8.03	7.70	7.96	181819778	1442923008.00
2021/11/16	7.97	8.11	7.85	7.97	176652536	1407020032.00
2021/11/17	7.89	8.02	7.85	7.93	106005431	840897856.00
2021/11/18	7.93	7.94	7.51	7.55	169995312	1301340544.00
2021/11/19	7.70	7.97	7.64	7.72	112049139	872574976.00
2021/11/22	7.65	7.84	7.55	7.63	109272893	837226496.00
2021/11/23	7.58	7.70	7.53	7.65	75789592	577186560.00
2021/11/24	7.60	7.93	7.55	7.79	120628912	935515840.00
2021/11/25	7.77	7.85	7.56	7.62	94627606	727136704.00
2021/11/26	7.56	7.59	7.30	7.33	96601862	715364160.00
2021/11/29	7.20	7.39	7.12	7.28	76127407	551864896.00
2021/11/30	7.28	7.37	7.24	7.33	55040114	401107136.00
2021/12/01	7.58	8.03	7.52	8.00	254557138	1986294016.00
2021/12/02	7.99	7.99	7.66	7.70	142289565	1109174400.00
2021/12/03	7.73	7.78	7.60	7.69	75474524	578667712.00
2021/12/06	7.68	7.72	7.47	7.54	77263246	586211968.00
2021/12/07	7.52	7.58	7.39	7.42	57386985	427243872.00
2021/12/08	7.41	7.65	7.41	7.53	56684782	426052992.00
2021/12/09	7.52	7.63	7.44	7.61	58365225	440851072.00
2021/12/10	7.55	7.78	7.52	7.74	87762660	675316032.00
2021/12/13	7.74	7.95	7.72	7.89	110696439	871387648.00
2021/12/14	7.81	8.06	7.75	7.81	154796081	1227010816.00
2021/12/15	7.75	7.93	7.69	7.79	69700527	543771904.00
2021/12/16	7.77	7.88	7.67	7.71	69822646	542431552.00
2021/12/17	7.71	7.90	7.62	7.80	98298965	763867200.00
2021/12/20	7.75	7.88	7.48	7.49	87259630	666157568.00
2021/12/21	7.53	7.87	7.49	7.84	109100321	846806272.00
2021/12/22	7.84	8.30	7.80	8.22	275657682	2248596224.00
2021/12/23	8.25	8.51	8.15	8.39	189687177	1589090176.00
2021/12/24	8.48	8.60	8.25	8.40	131050649	1103035648.00
2021/12/27	8.41	8.45	8.07	8.13	101446258	833056064.00
2021/12/28	8.15	8.22	8.06	8.10	72465424	588982016.00
2021/12/29	8.12	8.26	8.03	8.09	90741956	737378560.00
2021/12/30	8.10	8.41	8.08	8.38	125588993	1041501696.00
2021/12/31	8.40	8.45	8.28	8.39	92269929	772084288.00
2022/01/04	8.40	8.62	8.36	8.53	102359599	870338560.00
2022/01/05	8.54	8.68	8.40	8.48	112761260	962077312.00
2022/01/06	8.40	8.42	8.17	8.37	82479642	686836608.00
2022/01/07	8.35	8.55	8.15	8.16	78376082	651914752.00
2022/01/10	8.16	8.60	8.08	8.49	107549773	904310272.00
2022/01/11	8.46	8.60	8.25	8.25	88834956	744221312.00
2022/01/12	8.30	8.49	8.24	8.45	77389473	652261184.00
2022/01/13	8.52	8.54	8.22	8.25	68761245	572797824.00
2022/01/14	8.26	8.35	8.15	8.24	61455192	506955520.00
2022/01/17	8.25	8.38	8.14	8.28	67211476	555836480.00
2022/01/18	8.28	8.29	8.08	8.14	68761869	561100416.00
2022/01/19	8.20	8.43	8.14	8.21	125682993	1041682304.00
2022/01/20	8.17	8.21	7.81	8.08	95295086	767585536.00
2022/01/21	8.08	8.15	7.72	7.89	100514056	795133888.00
2022/01/24	7.86	8.05	7.74	7.97	50361742	400566016.00
2022/01/25	7.93	7.97	7.35	7.40	110776818	843013440.00
2022/01/26	7.41	7.54	7.16	7.33	74555604	544568384.00
2022/01/27	7.32	7.32	6.90	6.92	91979078	648653824.00
2022/01/28	7.00	7.05	6.70	6.79	65056252	447109376.00
2022/02/07	6.85	6.91	6.65	6.75	46909371	317596448.00
2022/02/08	6.75	6.85	6.68	6.83	40335977	272992096.00
2022/02/09	6.84	7.13	6.82	7.08	60304878	423510656.00
2022/02/10	7.09	7.25	7.02	7.24	54155849	388335840.00
2022/02/11	7.19	7.56	7.12	7.16	83568833	611720896.00
2022/02/14	7.21	7.25	6.97	6.99	62353643	443549664.00
2022/02/15	7.04	7.29	6.98	7.08	44483764	316199424.00
2022/02/16	7.11	7.17	7.04	7.08	31844805	225901552.00
2022/02/17	7.06	7.08	6.95	6.98	44262915	309950560.00
2022/02/18	6.92	7.03	6.90	6.99	38862693	270578816.00
2022/02/21	6.97	7.12	6.95	7.10	43034276	303958400.00
2022/02/22	7.00	7.00	6.66	6.70	85703636	579628992.00
2022/02/23	6.70	6.78	6.70	6.77	36346377	245393456.00
2022/02/24	6.73	6.77	6.28	6.41	90290647	587557120.00
2022/02/25	6.49	6.63	6.43	6.47	47207755	307609600.00
2022/02/28	6.53	6.55	6.32	6.51	47126052	303063424.00
2022/03/01	6.59	6.79	6.57	6.78	69354836	464901664.00
2022/03/02	6.78	6.93	6.72	6.80	47848494	326525248.00
2022/03/03	6.80	6.82	6.68	6.70	30075226	202649504.00
2022/03/04	6.65	6.76	6.63	6.66	38948822	259985008.00
2022/03/07	6.66	6.66	6.34	6.37	51475362	332054432.00
2022/03/08	6.38	6.41	6.08	6.09	58197432	361193984.00
2022/03/09	6.11	6.21	5.72	6.04	60142469	361638016.00
2022/03/10	6.23	6.29	6.12	6.17	46773050	290975392.00
2022/03/11	6.08	6.34	6.08	6.30	58045672	361845056.00
2022/03/14	6.23	6.34	6.17	6.18	34096054	213206080.00
2022/03/15	6.17	6.18	5.75	5.76	62677852	372820096.00
2022/03/16	5.86	6.01	5.59	5.98	67078440	388611072.00
2022/03/17	6.12	6.30	6.09	6.19	80618902	501104544.00
2022/03/18	6.18	6.25	6.11	6.21	37868303	234097168.00
2022/03/21	6.20	6.27	6.06	6.12	42560692	261665552.00
2022/03/22	6.11	6.20	6.04	6.15	31792123	194718976.00
2022/03/23	6.15	6.34	6.10	6.33	67899522	426342048.00
2022/03/24	6.34	6.38	6.22	6.27	41807740	263330848.00
2022/03/25	6.29	6.40	6.25	6.26	41156748	260091232.00
2022/03/28	6.22	6.34	6.19	6.27	37739239	237169536.00
2022/03/29	6.29	6.45	6.24	6.28	38531792	243939088.00
2022/03/30	6.32	6.35	6.23	6.31	29451927	185212400.00
2022/03/31	6.35	6.35	6.23	6.27	26054079	163760368.00
2022/04/01	6.24	6.52	6.15	6.51	72152650	462672448.00
2022/04/06	6.50	6.65	6.47	6.53	50811840	332393568.00
2022/04/07	6.50	6.51	6.33	6.33	33911547	217321440.00
2022/04/08	6.33	6.35	6.07	6.11	42960567	264066672.00
2022/04/11	6.12	6.12	5.74	5.75	62794584	368897792.00
2022/04/12	5.97	6.13	5.71	5.91	75115631	442833184.00
2022/04/13	5.80	5.81	5.70	5.72	37717125	217025200.00
2022/04/14	5.74	5.77	5.62	5.64	46163933	262613408.00
2022/04/15	5.61	5.66	5.50	5.57	38300953	213458160.00
2022/04/18	5.57	5.58	5.37	5.40	43319953	234192064.00
2022/04/19	5.41	5.54	5.40	5.52	44586353	244071472.00
2022/04/20	5.55	5.63	5.41	5.48	34241261	189100320.00
2022/04/21	5.39	5.45	5.17	5.22	44374536	235517648.00
2022/04/22	5.21	5.25	5.12	5.16	33367150	172618816.00
2022/04/25	5.12	5.12	4.80	4.80	68650126	341048640.00
2022/04/26	4.79	4.97	4.60	4.68	87749324	420327264.00
2022/04/27	4.62	4.65	4.39	4.60	110190982	500361600.00
2022/04/28	4.55	4.55	4.34	4.40	89610338	396453376.00
2022/04/29	4.47	4.84	4.45	4.76	105846634	493246208.00
2022/05/05	4.58	4.66	4.45	4.62	91669220	418597408.00
2022/05/06	4.51	4.59	4.48	4.52	53573688	242730496.00
2022/05/09	4.53	4.61	4.50	4.56	40363863	183840304.00
2022/05/10	4.48	4.61	4.43	4.59	46687250	211731248.00
2022/05/11	4.59	4.71	4.56	4.59	64607270	300062592.00
2022/05/12	4.56	4.62	4.51	4.57	42220300	192929552.00
2022/05/13	4.67	4.70	4.56	4.60	45000616	207354000.00
2022/05/16	4.64	4.65	4.53	4.56	45331640	207354672.00
2022/05/17	4.55	4.56	4.43	4.51	41681906	186989312.00
2022/05/18	4.55	4.67	4.51	4.59	56743700	260684144.00
2022/05/19	4.51	4.57	4.47	4.57	41449333	187506960.00
2022/05/20	4.60	4.65	4.56	4.63	55648213	256274224.00
2022/05/23	4.69	4.75	4.64	4.70	60412264	283490464.00
2022/05/24	4.71	4.72	4.50	4.50	60412700	278248576.00
2022/05/25	4.51	4.62	4.50	4.61	41306812	188277648.00
2022/05/26	4.66	4.68	4.54	4.67	45609702	210595840.00
2022/05/27	4.72	4.74	4.60	4.63	43417277	202441936.00
2022/05/30	4.61	4.64	4.53	4.55	48681279	221963328.00
2022/05/31	4.58	4.65	4.50	4.64	59136658	271222816.00
2022/06/01	4.63	4.75	4.58	4.63	60149077	280325632.00
2022/06/02	4.58	4.66	4.55	4.65	37637696	173314592.00
2022/06/06	4.65	4.87	4.62	4.84	104974406	499026624.00
2022/06/07	4.84	4.85	4.73	4.79	72431834	346882592.00
2022/06/08	4.93	4.97	4.71	4.80	80707110	388634528.00
2022/06/09	4.79	4.85	4.73	4.77	75004909	358721536.00
2022/06/10	4.71	4.80	4.70	4.79	79312404	376448448.00
2022/06/13	4.75	4.78	4.68	4.72	62695565	296426080.00
2022/06/14	4.68	4.74	4.54	4.74	75365144	348857440.00
2022/06/15	4.74	4.89	4.70	4.80	93085279	448109568.00
2022/06/16	4.80	5.02	4.80	4.91	118405412	583129216.00
2022/06/17	4.91	4.91	4.74	4.80	77419558	372758240.00
2022/06/20	4.79	4.84	4.77	4.81	53331366	256330832.00
2022/06/21	4.83	4.88	4.80	4.86	74941691	362406144.00
2022/06/22	4.91	4.93	4.72	4.73	71579220	343288224.00
2022/06/23	4.72	4.78	4.67	4.78	49440613	233740480.00
2022/06/24	4.80	4.81	4.74	4.77	49549864	236577552.00
2022/06/27	4.78	4.89	4.76	4.81	67880105	327541920.00
2022/06/28	4.79	4.92	4.75	4.91	78014187	377480928.00
2022/06/29	4.91	4.93	4.79	4.80	62986282	306024512.00
2022/06/30	4.81	4.85	4.80	4.82	41781315	201504384.00
2022/07/01	4.80	4.82	4.74	4.76	47560980	226447424.00
2022/07/04	4.75	4.76	4.68	4.71	39544472	186822560.00
2022/07/05	4.88	4.90	4.69	4.75	80329560	383523456.00
2022/07/06	4.71	4.73	4.60	4.63	55869186	260282000.00
2022/07/07	4.63	4.63	4.57	4.59	39421451	181144992.00
2022/07/08	4.60	4.68	4.59	4.60	35316643	163591424.00
2022/07/11	4.60	4.60	4.52	4.54	32753020	149248112.00
2022/07/12	4.52	4.57	4.45	4.45	42559399	190927584.00
2022/07/13	4.46	4.52	4.46	4.50	30596606	137350128.00
2022/07/14	4.48	4.53	4.46	4.49	25483891	114707640.00
2022/07/15	4.49	4.50	4.35	4.36	50174654	221320320.00
2022/07/18	4.36	4.46	4.32	4.46	30863593	136202448.00
2022/07/19	4.45	4.69	4.42	4.69	80716219	370007488.00
2022/07/20	4.71	4.77	4.63	4.73	81985853	385485024.00
2022/07/21	4.73	4.84	4.70	4.77	85730342	409102784.00
2022/07/22	4.78	4.79	4.64	4.67	51722390	242931856.00
2022/07/25	4.68	4.70	4.57	4.58	36614870	169106848.00
2022/07/26	4.62	4.64	4.58	4.63	26660973	123137064.00
2022/07/27	4.62	4.65	4.54	4.55	34935040	160047024.00
2022/07/28	4.57	4.65	4.56	4.58	43396019	199430416.00
2022/07/29	4.60	4.60	4.46	4.48	51045666	230662336.00
2022/08/01	4.48	4.53	4.43	4.48	32997596	148260560.00
2022/08/02	4.47	4.47	4.23	4.27	76557407	329839392.00
2022/08/03	4.27	4.34	4.21	4.21	50927049	217434208.00
2022/08/04	4.23	4.26	4.16	4.26	40286469	169912896.00
2022/08/05	4.25	4.43	4.25	4.41	59785596	260689472.00
2022/08/08	4.42	4.60	4.40	4.57	65132448	293358400.00
2022/08/09	4.58	4.58	4.47	4.54	43538092	196493264.00
2022/08/10	4.53	4.55	4.44	4.47	30346816	136325904.00
2022/08/11	4.48	4.65	4.48	4.63	68006183	311937920.00
2022/08/12	4.66	4.72	4.60	4.69	62279824	291460320.00
2022/08/15	4.66	4.68	4.59	4.62	48648397	224987648.00
2022/08/16	4.61	4.65	4.56	4.60	38513139	177102960.00
2022/08/17	4.60	4.69	4.55	4.68	43915346	203455600.00
2022/08/18	4.66	4.69	4.60	4.63	37348251	173027648.00
2022/08/19	4.61	4.88	4.61	4.70	116117612	553861312.00
2022/08/22	4.78	4.80	4.66	4.72	59726790	282306432.00
2022/08/23	4.69	4.74	4.63	4.66	36561080	170401840.00
2022/08/24	4.67	4.74	4.55	4.57	51878203	239702512.00
2022/08/25	4.57	4.63	4.46	4.55	39859238	180062368.00
2022/08/26	4.55	4.63	4.51	4.51	34698485	158256352.00
2022/08/29	4.48	4.50	4.42	4.49	29809439	133149816.00
2022/08/30	4.50	4.69	4.49	4.57	58156335	266861504.00
2022/08/31	4.54	4.65	4.52	4.58	51306178	235784912.00
2022/09/01	4.57	4.58	4.44	4.44	40614081	182786432.00
2022/09/02	4.45	4.65	4.45	4.63	66844740	306468928.00
2022/09/05	4.65	4.66	4.45	4.47	73868591	332358304.00
2022/09/06	4.49	4.49	4.40	4.46	43456635	192873488.00
2022/09/07	4.45	4.46	4.35	4.37	47038483	206510896.00
2022/09/08	4.37	4.41	4.30	4.31	43683834	189565856.00
2022/09/09	4.31	4.35	4.27	4.34	28665921	123733056.00
2022/09/13	4.34	4.40	4.30	4.31	38070482	165314192.00
2022/09/14	4.25	4.28	4.22	4.27	32082778	136486112.00
2022/09/15	4.28	4.29	4.17	4.21	43160130	182397424.00
2022/09/16	4.18	4.23	4.08	4.08	46415682	192783952.00
2022/09/19	4.07	4.07	3.90	3.95	57521208	227369904.00
2022/09/20	3.99	4.05	3.95	3.97	25737885	102494696.00
2022/09/21	3.93	4.05	3.88	4.02	35191725	139814448.00
2022/09/22	3.99	4.03	3.96	3.97	20640809	82448288.00
2022/09/23	3.96	3.98	3.88	3.91	27794605	109040000.00
2022/09/26	3.87	3.90	3.81	3.83	30251552	116603352.00
2022/09/27	3.82	3.90	3.81	3.89	36161934	139423360.00
2022/09/28	3.87	3.89	3.80	3.80	27063324	104066832.00
2022/09/29	3.83	3.85	3.67	3.70	41344217	154869072.00
2022/09/30	3.70	3.77	3.69	3.73	32357676	120933792.00
2022/10/10	3.73	3.76	3.66	3.71	27377544	101792736.00
2022/10/11	3.71	3.73	3.66	3.70	21305422	78604624.00
2022/10/12	3.71	3.81	3.66	3.79	29643794	110499448.00
2022/10/13	3.76	3.85	3.76	3.81	27743575	105735216.00
2022/10/14	3.83	3.88	3.81	3.87	36085471	139235072.00
2022/10/17	3.85	3.99	3.84	3.97	37572279	147815984.00
2022/10/18	3.99	4.02	3.94	3.97	30758805	122113520.00
2022/10/19	3.94	3.96	3.84	3.86	36433821	141397888.00
2022/10/20	3.84	3.92	3.83	3.85	30981627	120192136.00
2022/10/21	3.88	3.88	3.78	3.79	27061031	103364448.00
2022/10/24	3.81	3.85	3.62	3.64	44047090	163973216.00
2022/10/25	3.66	3.68	3.55	3.56	39428096	141376080.00
2022/10/26	3.57	3.72	3.57	3.68	54560919	199903856.00
2022/10/27	3.69	3.88	3.68	3.81	63363545	240497056.00
2022/10/28	3.80	3.81	3.58	3.60	53061010	195223984.00
2022/10/31	3.60	3.74	3.58	3.69	38010003	139416992.00
2022/11/01	3.71	3.74	3.64	3.74	34810755	128537208.00
2022/11/02	3.80	3.89	3.79	3.82	52641713	202080768.00
2022/11/03	3.79	3.82	3.70	3.74	45325961	170136656.00
2022/11/04	3.75	3.89	3.73	3.83	46169439	175980864.00
2022/11/07	3.84	3.98	3.82	3.95	61520427	240568816.00
2022/11/08	3.94	3.95	3.88	3.91	36705199	143166208.00
2022/11/09	3.92	3.92	3.86	3.87	31628978	122785792.00
2022/11/10	3.84	3.94	3.83	3.93	45378436	177396368.00
2022/11/11	4.00	4.03	3.89	3.90	62710606	247582112.00
2022/11/14	3.99	4.04	3.95	3.97	70382043	280484448.00
2022/11/15	3.96	4.01	3.94	4.00	44465355	177442752.00
2022/11/16	4.01	4.11	4.00	4.08	68704568	279762400.00
2022/11/17	4.25	4.29	4.06	4.17	123422950	512763296.00
2022/11/18	4.15	4.39	4.12	4.16	147670776	629431616.00
2022/11/21	4.16	4.16	3.99	4.02	74443967	300594208.00
2022/11/22	4.01	4.04	3.92	3.96	46943880	186880656.00
2022/11/23	3.95	3.96	3.89	3.93	43161216	169036128.00
2022/11/24	3.93	3.95	3.86	3.88	39503000	153644048.00
2022/11/25	3.87	3.91	3.85	3.87	34116951	132134176.00
2022/11/28	3.85	3.85	3.77	3.83	48447178	184317472.00
2022/11/29	3.82	3.96	3.81	3.96	58316113	227362336.00
2022/11/30	3.97	4.00	3.93	3.94	44746914	177443504.00
2022/12/01	3.98	4.03	3.96	4.02	57643188	230803856.00
2022/12/02	4.02	4.15	4.00	4.09	72167210	295692160.00
2022/12/05	4.12	4.14	4.07	4.11	49722905	203980368.00
2022/12/06	4.10	4.12	4.05	4.07	40489398	165188880.00
2022/12/07	4.06	4.09	3.99	4.07	53597308	216681920.00
2022/12/08	4.08	4.16	4.02	4.14	65528956	268611520.00
2022/12/09	4.13	4.21	4.08	4.13	87309529	360725344.00
2022/12/12	4.12	4.13	4.02	4.05	50331059	204797424.00
2022/12/13	4.04	4.12	4.03	4.06	38363012	156188496.00
2022/12/14	4.03	4.08	3.99	4.07	44239929	178720160.00
2022/12/15	4.06	4.09	4.00	4.01	35545791	143476128.00
2022/12/16	3.99	4.02	3.95	3.98	30777543	122451160.00
2022/12/19	3.99	4.00	3.85	3.87	32316575	126221488.00
2022/12/20	3.88	3.88	3.78	3.78	35205902	134551264.00
2022/12/21	3.78	3.82	3.71	3.74	40260190	151435600.00
2022/12/22	3.76	3.92	3.75	3.82	61625214	236358352.00
2022/12/23	3.79	3.88	3.77	3.85	25963809	99665224.00
2022/12/26	3.86	3.88	3.77	3.79	29348760	111783616.00
2022/12/27	3.80	3.83	3.77	3.80	19976293	75832424.00
2022/12/28	3.79	3.82	3.74	3.76	32288682	121720472.00
2022/12/29	3.82	3.85	3.74	3.74	40266225	152283872.00
2022/12/30	3.72	3.82	3.72	3.81	47354517	179701376.00
2023/01/03	3.77	3.79	3.68	3.76	74746687	280102368.00
2023/01/04	3.78	3.90	3.77	3.90	82326992	315358240.00
2023/01/05	3.89	3.97	3.85	3.88	50092425	195438336.00
2023/01/06	3.89	3.90	3.83	3.85	37648530	145203104.00
2023/01/09	3.87	3.90	3.85	3.87	29449774	114128600.00
2023/01/10	3.87	4.01	3.83	3.94	62963149	247243776.00
2023/01/11	3.97	3.97	3.80	3.81	55296471	213240736.00
2023/01/12	3.82	3.84	3.76	3.78	35755292	135563280.00
2023/01/13	3.78	3.81	3.75	3.80	31601333	119243728.00
2023/01/16	3.79	3.92	3.75	3.86	80890085	310667360.00
2023/01/17	3.86	3.88	3.80	3.82	36777643	141054448.00
2023/01/18	3.85	3.97	3.83	3.93	87513421	342686528.00
2023/01/19	3.94	3.97	3.90	3.96	45498504	179185248.00
2023/01/20	3.96	3.98	3.93	3.97	49213932	194714896.00
2023/01/30	3.99	4.04	3.95	3.97	79619052	317599872.00
2023/01/31	3.85	4.01	3.77	3.97	123601870	481286144.00
2023/02/01	4.03	4.13	3.94	4.11	103977194	420985888.00
2023/02/02	4.20	4.26	4.11	4.16	137159408	574362304.00
2023/02/03	4.15	4.22	4.13	4.18	76505067	319148640.00
2023/02/06	4.25	4.31	4.16	4.22	122986639	520443520.00
2023/02/07	4.22	4.47	4.19	4.37	180476327	784367296.00
2023/02/08	4.43	4.43	4.28	4.33	118825303	516045760.00
2023/02/09	4.33	4.70	4.24	4.65	274678349	1235861120.00
2023/02/10	4.61	4.83	4.57	4.61	239983153	1123188480.00
2023/02/13	4.61	4.69	4.52	4.63	131605661	606038080.00
2023/02/14	4.64	4.74	4.58	4.66	106996533	498597824.00
2023/02/15	4.68	4.86	4.64	4.80	159407706	761192192.00
2023/02/16	4.81	4.92	4.60	4.65	208257919	996107520.00
2023/02/17	4.65	4.69	4.48	4.50	150107785	684631680.00
2023/02/20	4.51	4.61	4.45	4.61	93479932	426152384.00
2023/02/21	4.58	4.63	4.44	4.51	104842448	473958304.00
2023/02/22	4.48	4.53	4.42	4.49	61439832	275155392.00
2023/02/23	4.51	4.52	4.41	4.49	86021276	383503488.00
2023/02/24	4.53	4.65	4.48	4.52	79534665	361189184.00
2023/02/27	4.50	4.55	4.38	4.40	69214034	307758144.00
2023/02/28	4.41	4.44	4.31	4.40	69338128	302956896.00
2023/03/01	4.40	4.52	4.38	4.50	78351454	350419072.00
2023/03/02	4.50	4.57	4.44	4.50	88385774	397278400.00
2023/03/03	4.48	4.55	4.41	4.47	56153193	251055216.00
2023/03/06	4.47	4.48	4.37	4.39	55537903	244528560.00
2023/03/07	4.40	4.40	4.26	4.28	76030136	328337888.00
2023/03/08	4.28	4.39	4.26	4.37	49306241	213618416.00
2023/03/09	4.37	4.37	4.28	4.33	34829368	150435840.00
2023/03/10	4.29	4.31	4.21	4.22	47765783	202925568.00
2023/03/13	4.20	4.25	4.12	4.25	73768744	309411360.00
2023/03/14	4.24	4.29	4.09	4.18	64075918	267343264.00
2023/03/15	4.20	4.24	4.16	4.17	46042967	192846736.00
2023/03/16	4.15	4.22	4.08	4.16	54910220	228357632.00
2023/03/17	4.19	4.35	4.18	4.33	90711097	388730144.00
2023/03/20	4.38	4.57	4.35	4.49	152658161	682568704.00
2023/03/21	4.47	4.56	4.44	4.52	106020718	477968800.00
2023/03/22	4.53	4.63	4.43	4.61	133249981	604098496.00
2023/03/23	4.90	5.07	4.79	5.07	308157930	1521352576.00
2023/03/24	5.10	5.30	4.98	5.30	509810169	2605505792.00
2023/03/27	5.30	5.54	5.15	5.26	418977295	2230566144.00
2023/03/28	5.17	5.79	5.08	5.55	542489526	2994402304.00
2023/03/29	5.47	5.52	5.21	5.36	325577548	1746864640.00
2023/03/30	5.30	5.72	5.27	5.47	299027561	1642342656.00
2023/03/31	5.67	6.02	5.50	6.02	493639345	2876703232.00
2023/04/03	6.03	6.62	5.98	6.45	590031230	3797485056.00
2023/04/04	6.50	6.73	6.35	6.50	449544178	2936407040.00
2023/04/06	6.31	6.33	5.92	6.04	384364524	2346044416.00
2023/04/07	6.07	6.64	5.90	6.64	455172471	2901356544.00
2023/04/10	6.85	6.95	6.38	6.38	414330331	2759055616.00
2023/04/11	6.52	6.78	6.31	6.51	314098910	2053371264.00
2023/04/12	6.51	7.02	6.37	6.90	388505780	2621656576.00
2023/04/13	6.84	7.05	6.55	6.60	345640012	2336634368.00
2023/04/14	6.58	6.77	6.22	6.59	306736947	1999108480.00
2023/04/17	6.40	6.45	6.03	6.21	273973232	1700645632.00
2023/04/18	6.15	6.35	6.02	6.26	193852306	1200489472.00
2023/04/19	6.26	6.55	6.24	6.32	196316116	1251488768.00
2023/04/20	6.24	6.75	6.21	6.65	335926595	2203445248.00
2023/04/21	6.73	6.86	6.42	6.46	254658719	1689485312.00
2023/04/24	6.42	6.95	6.34	6.64	323115003	2149588736.00
2023/04/25	6.50	6.70	6.22	6.48	262149050	1694271232.00
2023/04/26	6.33	6.65	6.05	6.46	321888728	2041135104.00
2023/04/27	6.39	6.80	6.11	6.27	332684793	2145476096.00
2023/04/28	6.09	6.90	6.05	6.85	576168903	3877471488.00
2023/05/04	6.96	7.15	6.35	6.62	542742139	3609042176.00
2023/05/05	6.40	6.46	5.96	5.96	389942135	2409541888.00
2023/05/08	5.96	6.06	5.66	5.96	264014410	1544202752.00
2023/05/09	5.84	6.05	5.78	5.78	189094480	1115963904.00
2023/05/10	5.68	5.82	5.56	5.65	196257253	1114253056.00
2023/05/11	5.60	5.90	5.54	5.74	170435759	976209984.00
2023/05/12	5.70	5.77	5.51	5.52	135327423	758062080.00
2023/05/15	5.59	5.63	5.32	5.46	149971664	813690752.00
2023/05/16	5.49	5.58	5.20	5.25	166528880	896884992.00
2023/05/17	5.21	5.36	5.16	5.30	135489152	712754880.00
2023/05/18	5.29	5.49	5.23	5.44	158091328	855106624.00
2023/05/19	5.45	5.94	5.42	5.64	223780096	1270878848.00
2023/05/22	5.56	5.63	5.27	5.41	165395232	896596992.00
2023/05/23	5.40	5.58	5.31	5.43	121241112	662235264.00
2023/05/24	5.39	5.55	5.28	5.51	135113248	731700608.00
2023/05/25	5.48	5.58	5.20	5.39	156910560	843296384.00
2023/05/26	5.34	5.50	5.30	5.43	112966440	610456896.00
2023/05/29	5.48	5.86	5.36	5.79	332401440	1878934528.00
2023/05/30	5.74	6.18	5.68	6.13	361459488	2167523328.00
2023/05/31	6.10	6.33	5.94	6.22	316883776	1946087040.00
2023/06/01	6.24	6.84	6.16	6.84	293878688	1942624896.00
2023/06/02	7.00	7.18	6.70	6.84	483909568	3360747264.00
2023/06/05	6.65	6.92	6.64	6.75	310764640	2103079040.00
2023/06/06	6.77	6.91	6.40	6.55	340021376	2257764096.00
2023/06/07	6.45	6.61	6.38	6.49	195063712	1268028544.00
2023/06/08	6.50	7.09	6.39	6.88	395746720	2682157056.00
2023/06/09	6.95	7.57	6.83	7.57	449425632	3252345344.00
2023/06/12	7.57	7.63	7.26	7.26	509498144	3775666688.00
2023/06/13	7.46	7.77	7.27	7.53	493104928	3689004032.00
2023/06/14	7.48	7.74	7.30	7.53	481387968	3621233408.00
2023/06/15	7.48	8.02	7.40	7.89	438453664	3404846848.00
2023/06/16	7.78	7.96	7.55	7.85	332512864	2585966336.00
2023/06/19	7.87	8.12	7.60	7.81	333749696	2625723392.00
2023/06/20	7.70	8.27	7.62	8.15	385927744	3127648512.00
2023/06/21	8.00	8.09	7.75	7.75	278442624	2195289856.00
2023/06/26	7.73	7.97	7.33	7.42	300270592	2297993472.00
2023/06/27	7.49	7.70	7.28	7.41	221667328	1655918208.00
2023/06/28	7.24	7.24	6.70	7.13	407828352	2829630720.00
2023/06/29	7.22	7.52	7.09	7.42	287805632	2090510976.00
2023/06/30	7.38	7.72	7.27	7.59	286969760	2158831104.00
2023/07/03	7.62	7.63	6.83	6.83	378744832	2634205952.00
2023/07/04	6.69	7.02	6.68	6.88	261550304	1792426112.00
2023/07/05	6.83	7.03	6.75	6.78	159371648	1099568896.00
2023/07/06	6.78	7.17	6.73	6.93	229753072	1611368064.00
2023/07/07	6.90	7.02	6.51	7.00	282594368	1914945408.00
2023/07/10	6.88	7.03	6.68	7.00	202560736	1388799872.00
2023/07/11	6.99	7.14	6.80	6.90	225577984	1569339648.00
2023/07/12	6.75	6.78	6.24	6.50	392737152	2551567360.00
2023/07/13	6.45	6.80	6.41	6.77	263057536	1742481280.00
2023/07/14	6.70	6.95	6.68	6.72	249540272	1694304128.00
2023/07/17	6.68	6.68	6.38	6.42	212949584	1377118592.00
2023/07/18	6.50	6.52	6.28	6.30	154160544	983587904.00
2023/07/19	6.26	6.39	6.25	6.32	107906800	682458496.00
2023/07/20	6.25	6.26	5.83	5.85	379876288	2265183232.00
2023/07/21	5.91	5.93	5.72	5.74	194732176	1128370176.00
2023/07/24	5.69	5.83	5.63	5.71	157960016	904701312.00
2023/07/25	5.50	5.69	5.47	5.55	295137920	1645126272.00
2023/07/26	5.56	5.56	5.26	5.30	258280368	1383537408.00
2023/07/27	5.31	5.34	5.20	5.23	131857000	696118080.00
2023/07/28	5.24	5.25	5.14	5.15	160200976	828734912.00
2023/07/31	5.15	5.38	5.04	5.29	244594176	1283691136.00
2023/08/01	5.29	5.40	5.20	5.36	168788944	900072704.00
2023/08/02	5.33	5.38	5.28	5.37	101084792	539826432.00
2023/08/03	5.36	5.43	5.31	5.40	133944640	718893568.00
2023/08/04	5.38	5.55	5.37	5.47	162669344	887635520.00
2023/08/07	5.46	5.72	5.43	5.57	234538928	1313497728.00
2023/08/08	5.56	5.68	5.51	5.53	134999488	753766400.00
2023/08/09	5.52	5.64	5.46	5.48	142035968	785792768.00
2023/08/10	5.59	5.68	5.50	5.58	180392192	1007040576.00
2023/08/11	5.54	5.64	5.51	5.53	146808480	818431936.00
2023/08/14	5.45	5.68	5.39	5.65	164396944	914030336.00
2023/08/15	5.63	5.63	5.40	5.48	143275136	789111424.00
2023/08/16	5.48	5.52	5.36	5.38	98644512	533874400.00
2023/08/17	5.36	5.45	5.28	5.44	89488032	482685760.00
2023/08/18	5.44	5.61	5.32	5.33	120213144	652505024.00
2023/08/21	5.32	5.41	5.26	5.30	84373656	450588096.00
2023/08/22	5.31	5.53	5.31	5.51	188877104	1025604992.00
2023/08/23	5.50	5.50	5.20	5.21	156817200	829761920.00
2023/08/24	5.25	5.40	5.25	5.27	139250704	740740352.00
2023/08/25	5.23	5.24	5.07	5.12	126290488	648945024.00
2023/08/28	5.45	5.49	5.25	5.29	204708640	1104112640.00
2023/08/29	5.27	5.48	5.23	5.43	155761952	836306752.00
2023/08/30	5.40	5.60	5.40	5.54	166582160	918128768.00
2023/08/31	5.55	5.55	5.37	5.42	123203376	671187904.00
2023/09/01	5.42	5.44	5.28	5.36	88245912	471994336.00
2023/09/04	5.37	5.41	5.29	5.41	84318120	451530720.00
2023/09/05	5.38	5.49	5.33	5.34	106961464	576916416.00
2023/09/06	5.30	5.32	5.19	5.27	120130024	630031552.00
2023/09/07	5.31	5.35	5.13	5.15	118120128	616509248.00
2023/09/08	5.11	5.13	5.03	5.07	87204440	442268864.00
2023/09/11	5.07	5.24	5.07	5.16	109203872	561749376.00
2023/09/12	5.17	5.20	5.09	5.12	66769936	342526784.00
2023/09/13	5.11	5.12	4.97	5.02	89623296	450691552.00
2023/09/14	5.00	5.04	4.96	4.99	59291228	296654528.00
2023/09/15	5.00	5.02	4.92	4.93	68442672	339745504.00
2023/09/18	4.90	4.96	4.84	4.86	79574672	389664736.00
2023/09/19	4.85	4.88	4.81	4.83	57543072	278484416.00
2023/09/20	4.84	4.91	4.80	4.81	64727352	314109280.00
2023/09/21	4.78	4.82	4.72	4.76	62908496	300561856.00
2023/09/22	4.76	4.94	4.74	4.93	125510736	612760832.00
2023/09/25	4.94	4.96	4.83	4.91	83888088	410170528.00
2023/09/26	4.89	4.99	4.87	4.91	92214064	455093120.00
2023/09/27	4.90	4.96	4.86	4.92	70147016	344605216.00
2023/09/28	4.92	4.96	4.72	4.83	151157904	734613952.00
2023/10/09	4.84	4.99	4.77	4.95	126942816	620658816.00
2023/10/10	4.98	5.14	4.95	5.06	137366928	694398848.00
2023/10/11	5.08	5.14	4.98	5.10	106559360	541808128.00
2023/10/12	5.15	5.26	5.09	5.23	160142384	828563776.00
2023/10/13	5.19	5.19	5.08	5.14	133225824	682308928.00
2023/10/16	5.14	5.20	5.08	5.19	106092840	545921600.00
2023/10/17	5.19	5.21	5.08	5.12	99088528	507043520.00
2023/10/18	5.09	5.17	4.97	5.13	97174712	492984992.00
2023/10/19	5.08	5.23	5.07	5.13	101280208	522614432.00
2023/10/20	5.09	5.12	4.99	5.05	69197088	349109536.00
2023/10/23	5.00	5.03	4.94	4.97	64854908	323016544.00
2023/10/24	4.96	5.14	4.93	5.09	81946528	414678336.00
2023/10/25	5.10	5.60	5.06	5.51	330051776	1784334848.00
2023/10/26	5.41	5.64	5.36	5.50	238154288	1308520576.00
2023/10/27	5.49	5.73	5.43	5.66	225661248	1257742720.00
2023/10/30	5.68	6.06	5.61	5.90	299301696	1759168256.00
2023/10/31	5.99	6.00	5.69	5.86	219786160	1271820416.00
2023/11/01	5.78	6.02	5.75	5.76	165884304	974056960.00
2023/11/02	5.71	5.82	5.64	5.64	172410032	986225984.00
2023/11/03	5.70	5.78	5.60	5.73	136716416	779853248.00
2023/11/06	5.73	5.93	5.70	5.88	193655552	1128424576.00
2023/11/07	5.84	6.25	5.82	6.09	301233728	1823947648.00
2023/11/08	6.09	6.20	5.98	6.06	227379824	1383845504.00
2023/11/09	6.01	6.14	6.00	6.02	134094656	811962816.00
2023/11/10	6.02	6.17	5.97	5.99	157069376	951172160.00
2023/11/13	5.97	6.03	5.91	5.94	111192280	662513536.00
2023/11/14	5.93	6.10	5.92	6.04	144236816	866819456.00
2023/11/15	6.03	6.10	5.86	5.91	146327408	870122304.00
2023/11/16	5.90	5.95	5.83	5.85	92309168	543962624.00
2023/11/17	5.82	5.87	5.80	5.87	82984496	484379424.00
2023/11/20	5.86	5.95	5.79	5.89	107606784	632428800.00
2023/11/21	5.92	5.98	5.81	5.83	103026144	607579136.00
2023/11/22	5.82	5.91	5.78	5.78	89257160	521029088.00
2023/11/23	5.78	5.81	5.70	5.79	76559952	441010208.00
2023/11/24	5.79	5.80	5.62	5.64	92787168	527647232.00
2023/11/27	5.63	5.67	5.53	5.55	81679792	455464832.00
2023/11/28	5.55	5.57	5.41	5.52	94397272	518455552.00
2023/11/29	5.52	5.61	5.45	5.54	86619888	480127072.00
2023/11/30	5.57	5.63	5.52	5.58	92644416	517225568.00
2023/12/01	5.60	5.80	5.53	5.77	149719360	850260736.00
2023/12/04	5.75	5.82	5.67	5.71	114633184	657391680.00
2023/12/05	5.72	5.73	5.54	5.55	95399080	533683552.00
2023/12/06	5.53	5.79	5.47	5.70	105153792	593029696.00
2023/12/07	5.72	5.79	5.64	5.73	95151760	544066432.00
2023/12/08	5.73	5.77	5.60	5.70	94018584	534525376.00
2023/12/11	5.67	5.85	5.63	5.76	150837616	869624832.00
2023/12/12	5.80	5.92	5.51	5.61	240787776	1373521536.00
2023/12/13	5.58	5.71	5.56	5.60	127453336	719184128.00
2023/12/14	5.62	5.82	5.57	5.57	100383504	568026048.00
2023/12/15	5.57	5.72	5.55	5.62	125627720	707656064.00
2023/12/18	5.59	5.63	5.46	5.56	125232448	693622464.00
2023/12/19	5.51	5.66	5.50	5.66	136104640	761850880.00
2023/12/20	5.67	5.69	5.56	5.57	102828416	576198912.00
2023/12/21	5.57	5.75	5.51	5.74	145940880	826437568.00
2023/12/22	5.73	5.74	5.17	5.17	226634592	1217478528.00
2023/12/25	4.95	5.10	4.78	5.02	315485952	1557839104.00
2023/12/26	5.05	5.15	4.94	5.01	122689536	616552768.00
2023/12/27	5.12	5.13	4.93	4.96	101790008	508140960.00
2023/12/28	4.91	5.06	4.88	5.04	90953448	454639168.00
2023/12/29	5.03	5.20	5.01	5.16	97441312	501011680.00
2024/01/02	5.18	5.27	5.10	5.11	85206984	440942048.00
2024/01/03	5.09	5.24	5.08	5.20	97916696	506805664.00
2024/01/04	5.21	5.21	5.10	5.12	73216768	375503392.00
2024/01/05	5.10	5.14	4.98	5.02	63966732	323942016.00
2024/01/08	4.97	5.04	4.91	4.91	61387936	305337344.00
2024/01/09	4.91	4.99	4.83	4.89	65221536	319981504.00
2024/01/10	4.85	4.87	4.76	4.77	50839488	244495888.00
2024/01/11	4.77	5.23	4.75	5.18	174328640	878725952.00
2024/01/12	5.20	5.22	5.02	5.03	93781416	479678912.00
2024/01/15	5.01	5.11	4.93	5.07	93306616	467666944.00
2024/01/16	5.04	5.20	5.03	5.19	126710632	650564544.00
2024/01/17	5.16	5.20	5.05	5.05	77252448	395718880.00
2024/01/18	5.03	5.07	4.87	5.06	88677432	441020448.00
2024/01/19	5.05	5.17	5.04	5.06	84074304	429310816.00
2024/01/22	5.01	5.05	4.65	4.70	94784104	458642400.00
2024/01/23	4.66	4.95	4.61	4.87	93984800	454220704.00
2024/01/24	4.88	4.94	4.69	4.84	75831576	363816704.00
2024/01/25	4.82	4.98	4.74	4.96	81272248	396964736.00
2024/01/26	4.95	5.13	4.92	4.93	91975840	460572608.00
2024/01/29	4.90	4.94	4.74	4.74	73097304	351224320.00
2024/01/30	4.69	4.75	4.51	4.51	78607800	364312704.00
2024/01/31	4.45	4.54	4.19	4.20	150030192	650503360.00
2024/02/01	4.17	4.44	4.11	4.30	110031784	472594144.00
2024/02/02	4.32	4.42	3.99	4.12	113430336	478554464.00
2024/02/05	4.06	4.08	3.72	3.81	145510784	565682240.00
2024/02/06	3.77	4.15	3.73	4.11	121173416	479681568.00
2024/02/07	4.11	4.26	4.05	4.11	102493416	424797024.00
2024/02/08	4.13	4.29	4.09	4.29	105032496	441620576.00
2024/02/19	4.42	4.58	4.35	4.56	135988832	605948416.00
2024/02/20	4.54	4.56	4.41	4.52	88399248	397337600.00
2024/02/21	4.47	4.67	4.44	4.53	100638680	459269056.00
2024/02/22	4.55	4.68	4.54	4.63	79171328	365404736.00
2024/02/23	4.64	4.70	4.59	4.70	97835872	455081024.00
2024/02/26	4.74	4.80	4.63	4.73	96807040	457533472.00
2024/02/27	4.70	4.94	4.68	4.93	102025840	493829952.00
2024/02/28	4.99	5.09	4.70	4.71	182557216	903841088.00
2024/02/29	4.68	4.89	4.64	4.89	100003896	481088736.00
2024/03/01	4.90	4.99	4.84	4.96	99626056	489302400.00
2024/03/04	4.96	5.10	4.92	5.03	104022896	521190560.00
2024/03/05	4.99	5.08	4.90	4.92	96867968	482972928.00
2024/03/06	4.89	4.96	4.83	4.87	72375440	354026688.00
2024/03/07	4.89	4.96	4.76	4.76	84743680	411412928.00
2024/03/08	4.76	4.82	4.71	4.81	60533976	288617344.00
2024/03/11	4.77	4.83	4.69	4.83	91172736	434745408.00
2024/03/12	4.87	5.03	4.81	4.83	134836960	659988416.00
2024/03/13	4.85	5.31	4.77	5.31	485686848	2481153536.00
2024/03/14	5.20	5.22	5.03	5.11	401304320	2053472768.00
2024/03/15	5.11	5.14	4.96	5.05	237897200	1197018752.00
2024/03/18	5.10	5.39	5.00	5.25	346761920	1799510784.00
2024/03/19	5.20	5.37	5.18	5.21	246835824	1297858688.00
2024/03/20	5.18	5.29	5.17	5.22	184556000	965859264.00
2024/03/21	5.25	5.36	5.23	5.34	309380416	1642757760.00
2024/03/22	5.30	5.31	5.13	5.24	213590720	1114462336.00
2024/03/25	5.19	5.23	4.98	4.99	159220464	814794816.00
2024/03/26	4.97	5.01	4.79	4.90	141099056	690566144.00
2024/03/27	4.88	4.90	4.62	4.63	123812224	586976384.00
2024/03/28	4.62	4.80	4.62	4.76	119217504	566023936.00
2024/03/29	4.74	4.74	4.62	4.72	96456448	450979552.00
2024/04/01	4.78	4.89	4.75	4.86	99272552	479986912.00
2024/04/02	4.97	5.18	4.93	5.07	257740080	1304420480.00
2024/04/03	5.02	5.11	4.93	4.99	124744288	625154880.00
2024/04/08	4.90	5.00	4.82	4.82	84793840	414686304.00
2024/04/09	4.80	4.89	4.77	4.87	78401600	378807200.00
2024/04/10	4.84	4.84	4.67	4.71	70670712	334839136.00
2024/04/11	4.66	4.81	4.63	4.72	71311048	339331776.00
2024/04/12	4.71	4.75	4.59	4.64	75922336	353754912.00
2024/04/15	4.59	4.60	4.34	4.51	100727432	452466880.00
2024/04/16	4.45	4.51	4.17	4.17	119133096	510500064.00
2024/04/17	4.24	4.47	4.22	4.34	124120416	540371840.00
2024/04/18	4.30	4.42	4.23	4.31	87678232	380399232.00
2024/04/19	4.28	4.28	4.18	4.19	74517888	314374592.00
2024/04/22	4.18	4.19	4.05	4.10	75509464	310395328.00
2024/04/23	4.13	4.17	4.06	4.09	61468912	252080016.00
2024/04/24	4.07	4.16	4.05	4.10	100246464	411874688.00
2024/04/25	4.08	4.13	3.96	3.96	144906688	585368960.00
2024/04/26	3.97	4.14	3.96	4.09	201117520	819923072.00
2024/04/29	4.19	4.48	4.18	4.40	212929824	929745472.00
2024/04/30	4.58	4.77	4.48	4.68	251868704	1166042368.00
2024/05/06	4.75	4.77	4.65	4.68	146604704	688403904.00
2024/05/07	4.65	4.79	4.62	4.66	114354656	536339040.00
2024/05/08	4.64	4.64	4.43	4.46	115999672	521300032.00
2024/05/09	4.48	4.58	4.46	4.57	97763552	441123040.00
2024/05/10	4.53	4.66	4.46	4.62	135063344	617578688.00
2024/05/13	4.50	4.51	4.21	4.27	235462208	1021789184.00
2024/05/14	4.27	4.37	4.22	4.32	180377136	777529152.00
2024/05/15	4.27	4.31	4.20	4.21	126171360	534521152.00
2024/05/16	4.19	4.39	4.14	4.28	166939776	713885632.00
2024/05/17	4.26	4.27	4.17	4.23	115851768	487436320.00
2024/05/20	4.13	4.19	3.94	4.07	228038800	926302656.00
2024/05/21	4.07	4.15	4.05	4.08	123893608	507514880.00
2024/05/22	4.04	4.08	4.00	4.06	85545848	345862112.00
2024/05/23	4.06	4.07	3.95	3.96	112711288	449854688.00
2024/05/24	3.96	4.03	3.95	3.95	84926616	338077952.00
2024/05/27	3.96	4.05	3.88	4.05	100243016	397421728.00
2024/05/28	4.04	4.04	3.96	3.96	74985576	299195648.00
2024/05/29	3.97	4.12	3.96	4.06	126674544	513090016.00
2024/05/30	4.05	4.10	4.00	4.02	76713072	309831680.00
2024/05/31	4.05	4.07	3.99	4.01	76398832	307163520.00
2024/06/03	4.00	4.01	3.88	3.92	103925848	407125216.00
2024/06/04	3.93	3.94	3.87	3.92	72769832	284294688.00
2024/06/05	3.89	3.90	3.81	3.84	91114440	351546272.00
2024/06/06	3.86	3.89	3.72	3.74	106578352	402901440.00
2024/06/07	3.76	3.81	3.62	3.67	121771040	449903168.00
2024/06/11	3.63	3.72	3.59	3.67	78859064	288269792.00
2024/06/12	3.68	3.74	3.65	3.71	72328080	268008304.00
2024/06/13	3.70	3.75	3.64	3.67	65752656	241979600.00
2024/06/14	3.66	3.72	3.63	3.67	54924680	201234624.00
2024/06/17	3.65	3.66	3.60	3.61	56131464	203547152.00
2024/06/18	3.62	3.69	3.61	3.68	55531716	202908640.00
2024/06/19	3.69	3.70	3.63	3.63	47689752	173959008.00
2024/06/20	3.63	3.65	3.51	3.51	70883232	252034448.00
2024/06/21	3.51	3.54	3.45	3.46	62521500	217668240.00
2024/06/24	3.43	3.44	3.34	3.34	78891752	266725712.00
2024/06/25	3.35	3.39	3.24	3.28	74115056	245071328.00
2024/06/26	3.28	3.48	3.26	3.47	104571512	352845440.00
2024/06/27	3.46	3.51	3.40	3.41	76848400	265548384.00
2024/06/28	3.42	3.50	3.41	3.43	55023916	190188688.00
2024/07/01	3.43	3.45	3.37	3.44	55551380	189320336.00
2024/07/02	3.45	3.52	3.44	3.46	64711880	225017072.00
2024/07/03	3.46	3.49	3.42	3.43	54534544	188170224.00
2024/07/04	3.45	3.47	3.35	3.36	48236776	163697904.00
2024/07/05	3.35	3.40	3.31	3.37	48315780	162689344.00
2024/07/08	3.36	3.36	3.23	3.24	64776572	212445248.00
2024/07/09	3.25	3.27	3.15	3.26	79038552	254358416.00
2024/07/10	3.26	3.32	3.21	3.27	63127584	207195760.00
2024/07/11	3.39	3.42	3.30	3.39	81792248	275270144.00
2024/07/12	3.38	3.42	3.35	3.38	63090576	213307360.00
2024/07/15	3.37	3.37	3.27	3.29	55825500	184684624.00
2024/07/16	3.27	3.31	3.23	3.31	55540984	182483296.00
2024/07/17	3.29	3.35	3.24	3.24	80970928	265949520.00
2024/07/18	3.19	3.24	3.16	3.20	73857328	236047536.00
2024/07/19	3.19	3.22	3.15	3.19	67404272	214834672.00
2024/07/22	3.19	3.22	3.09	3.18	86302960	273333952.00
2024/07/23	3.20	3.22	3.11	3.11	78338672	247515936.00
2024/07/24	3.08	3.12	3.02	3.03	80844584	247736176.00
2024/07/25	3.02	3.10	2.99	3.05	80249784	245389376.00
2024/07/26	3.07	3.16	3.07	3.13	76516328	238658784.00
2024/07/29	3.14	3.19	3.08	3.16	74427416	234251936.00
2024/07/30	3.16	3.18	3.13	3.16	45885384	144901280.00
2024/07/31	3.16	3.29	3.16	3.28	94207720	305216000.00
2024/08/01	3.28	3.33	3.24	3.27	68458000	224284096.00
2024/08/02	3.26	3.29	3.18	3.20	66233756	214346432.00
2024/08/05	3.17	3.30	3.16	3.17	112724376	364958144.00
2024/08/06	3.21	3.26	3.18	3.23	78610600	253137264.00
2024/08/07	3.22	3.25	3.18	3.22	61791488	198960880.00
2024/08/08	3.21	3.24	3.16	3.22	54599008	174766304.00
2024/08/09	3.22	3.25	3.14	3.15	56886320	181202240.00
2024/08/12	3.13	3.16	3.10	3.11	41316740	129267624.00
2024/08/13	3.13	3.13	3.08	3.12	38798832	120348344.00
2024/08/14	3.12	3.16	3.09	3.13	52859856	165679200.00
2024/08/15	3.11	3.28	3.10	3.22	113390224	364252032.00
2024/08/16	3.24	3.26	3.19	3.20	57477640	184527040.00
2024/08/19	3.20	3.27	3.19	3.24	76163400	246353120.00
2024/08/20	3.22	3.27	3.18	3.20	84307408	271255264.00
2024/08/21	3.19	3.34	3.16	3.16	127738536	413467712.00
2024/08/22	3.10	3.18	3.02	3.03	121024336	372019360.00
2024/08/23	3.03	3.09	3.00	3.04	65415992	199063856.00
2024/08/26	3.03	3.10	3.02	3.07	54577248	167364112.00
2024/08/27	3.06	3.15	3.05	3.10	81662936	253983696.00
2024/08/28	3.08	3.13	3.02	3.11	70471568	216711024.00
2024/08/29	3.11	3.22	3.09	3.20	88894400	281885568.00
2024/08/30	3.21	3.30	3.20	3.27	103020296	336505472.00
2024/09/02	3.30	3.48	3.30	3.31	206110272	694285888.00
2024/09/03	3.31	3.37	3.25	3.28	120844448	399195584.00
2024/09/04	3.25	3.30	3.23	3.27	87056472	284803680.00
2024/09/05	3.26	3.41	3.25	3.38	141992880	475680448.00
2024/09/06	3.37	3.39	3.31	3.34	80735904	269523520.00
2024/09/09	3.31	3.32	3.24	3.27	88913664	291322400.00
2024/09/10	3.27	3.32	3.20	3.29	80434120	261006176.00
2024/09/11	3.27	3.32	3.25	3.31	67398400	221990000.00
2024/09/12	3.30	3.35	3.26	3.26	61977740	204135584.00
2024/09/13	3.26	3.31	3.21	3.22	62667976	204062640.00
2024/09/18	3.20	3.21	3.09	3.13	57501948	180237040.00
2024/09/19	3.15	3.31	3.13	3.27	109027664	353938624.00
2024/09/20	3.27	3.28	3.18	3.22	77504984	249619088.00
2024/09/23	3.22	3.27	3.19	3.22	60230800	194825696.00
2024/09/24	3.24	3.34	3.19	3.34	134183672	440623072.00
2024/09/25	3.37	3.52	3.37	3.43	183929424	635056896.00
2024/09/26	3.42	3.59	3.40	3.58	169925392	592236736.00
2024/09/27	3.65	3.82	3.58	3.79	219736192	813276928.00
2024/09/30	3.98	4.17	3.95	4.17	325819680	1337835904.00
2024/10/08	4.59	4.59	4.18	4.56	431888800	1931918080.00
2024/10/09	4.40	4.44	4.11	4.16	290831392	1243801344.00
2024/10/10	4.17	4.31	4.00	4.12	212545056	881153984.00
2024/10/11	4.10	4.10	3.81	3.85	182222288	714514304.00
2024/10/14	3.85	3.94	3.76	3.92	137649296	531200640.00
2024/10/15	3.88	4.03	3.84	3.89	165686288	656127104.00
2024/10/16	3.86	4.17	3.82	4.14	327437664	1326987520.00
2024/10/17	4.17	4.17	4.04	4.07	285463520	1170803840.00
2024/10/18	4.06	4.21	3.94	4.12	281293728	1146313216.00
2024/10/21	4.12	4.34	4.12	4.28	277974720	1181230080.00
2024/10/22	4.30	4.31	4.18	4.22	225764064	954269248.00
2024/10/23	4.20	4.21	4.12	4.15	161165088	671821888.00
2024/10/24	4.12	4.14	4.08	4.11	95999424	393875424.00
2024/10/25	4.09	4.22	4.09	4.21	145780592	607432640.00
2024/10/28	4.22	4.27	4.18	4.25	153233312	647850496.00
2024/10/29	4.27	4.68	4.23	4.68	471862144	2141476736.00
2024/10/30	4.68	4.91	4.55	4.85	638232832	3024722944.00
2024/10/31	4.88	4.88	4.65	4.72	418001440	1987829504.00
2024/11/01	4.70	5.19	4.68	4.76	498847328	2448155136.00
2024/11/04	4.77	5.15	4.77	4.96	352845632	1737449856.00
2024/11/05	4.87	5.01	4.83	4.97	343888800	1694816640.00
2024/11/06	4.97	5.28	4.86	5.13	416717984	2120078720.00
2024/11/08	4.87	4.87	4.87	4.87	14679400	71488680.00
2024/11/11	4.63	4.63	4.63	4.63	5803400	26869742.00
2024/11/12	4.40	4.40	4.40	4.40	11805800	51945520.00
2024/11/13	4.18	4.18	4.18	4.18	44892100	187648976.00
2024/11/14	3.97	4.39	3.97	4.37	673616064	2833635840.00
2024/11/15	4.26	4.41	4.15	4.15	411009632	1751986176.00
2024/11/18	4.23	4.35	4.16	4.20	238902160	1019302528.00
2024/11/19	4.25	4.28	4.02	4.16	199125376	831238080.00
2024/11/20	4.16	4.31	4.16	4.29	155519664	661012032.00
2024/11/21	4.33	4.35	4.22	4.24	135741184	578373440.00
2024/11/22	4.25	4.45	4.22	4.27	217388976	944628224.00
2024/11/25	4.33	4.36	4.23	4.33	127590896	547561216.00
2024/11/26	4.30	4.46	4.28	4.35	117955592	514270656.00
2024/11/27	4.37	4.39	4.26	4.38	123086168	531045248.00
2024/11/28	4.45	4.55	4.40	4.41	143437824	640205952.00
2024/11/29	4.39	4.45	4.37	4.39	124902616	550444480.00
2024/12/02	4.40	4.41	4.32	4.35	160541280	697641152.00
2024/12/03	4.35	4.35	4.13	4.22	177390464	750397440.00
2024/12/04	4.20	4.26	4.11	4.13	124256024	519805408.00
2024/12/05	4.13	4.22	4.12	4.19	93823744	391622944.00
2024/12/06	4.19	4.24	4.18	4.21	103377432	434886112.00
2024/12/09	4.24	4.38	4.24	4.30	133125608	572486144.00
2024/12/10	4.38	4.41	4.29	4.29	121026032	524670880.00
2024/12/11	4.30	4.38	4.29	4.34	110139608	479151264.00
2024/12/12	4.37	4.56	4.35	4.52	193664128	869479360.00
2024/12/13	4.47	4.73	4.47	4.54	200109968	920999680.00
2024/12/16	4.59	4.72	4.55	4.69	139570800	649490432.00
2024/12/17	4.72	4.80	4.55	4.57	145952224	677820288.00
2024/12/18	4.60	4.72	4.58	4.72	112228568	523004768.00
2024/12/19	4.70	4.96	4.67	4.96	202700608	980213120.00
2024/12/20	5.03	5.20	4.86	4.92	230617648	1169391488.00
2024/12/23	4.99	5.05	4.74	4.84	181696784	889975552.00
2024/12/24	4.84	4.95	4.63	4.77	144167280	689439872.00
2024/12/25	4.79	4.92	4.74	4.91	114051120	550317568.00
2024/12/26	4.90	5.10	4.84	5.10	124700704	621202880.00
2024/12/27	5.14	5.21	5.06	5.06	122973560	632768448.00
2024/12/30	5.09	5.18	5.02	5.14	103020816	526226880.00
2024/12/31	5.15	5.20	5.10	5.14	104337792	537215040.00
2025/01/02	5.15	5.18	4.88	4.91	143332000	718709632.00
2025/01/03	4.96	4.99	4.67	4.68	144865328	699890880.00
2025/01/06	4.70	4.77	4.65	4.76	104094680	491351808.00
2025/01/07	4.75	4.91	4.73	4.91	88435800	425941568.00
2025/01/08	4.88	4.93	4.77	4.90	93048480	453051520.00
2025/01/09	4.89	4.94	4.83	4.87	65179176	318442464.00
2025/01/10	4.86	4.90	4.71	4.71	74236464	355989152.00
2025/01/13	4.63	4.74	4.62	4.67	56724588	265556512.00
2025/01/14	4.69	4.89	4.69	4.88	82156960	395159520.00
2025/01/15	4.88	4.91	4.83	4.88	58649440	285688064.00
2025/01/16	4.90	4.96	4.85	4.87	56049040	274381408.00
2025/01/17	4.88	5.05	4.86	4.95	79013192	392500896.00
2025/01/20	4.98	5.02	4.93	4.99	64671648	322002528.00
2025/01/21	5.03	5.06	4.95	4.97	60217264	300770656.00
2025/01/22	4.98	4.98	4.91	4.94	42518540	209946336.00
2025/01/23	4.95	5.00	4.81	4.83	80159960	393169440.00
2025/01/24	4.83	4.93	4.82	4.88	56610808	276216000.00
2025/01/27	5.02	5.11	4.97	5.04	87634200	442161472.00
2025/02/05	5.09	5.19	5.02	5.16	102995344	526946752.00
2025/02/06	5.15	5.22	5.11	5.15	111918528	578718016.00
2025/02/07	5.16	5.35	5.15	5.31	129787784	682928832.00
2025/02/10	5.35	5.58	5.29	5.58	107943400	593256448.00
2025/02/11	5.73	5.74	5.50	5.53	140060224	783661696.00
2025/02/12	5.59	5.80	5.55	5.80	135684160	773703744.00
2025/02/13	5.76	6.03	5.69	5.82	154972208	906817280.00
2025/02/14	5.85	6.00	5.81	5.99	115250728	681606400.00
2025/02/17	6.29	6.29	6.29	6.29	15948821	100318088.00
2025/02/18	6.60	6.60	6.00	6.09	321100312	2050692992.00
2025/02/19	6.16	6.39	6.15	6.39	200018617	1266718080.00
2025/02/20	6.45	6.71	6.42	6.69	209434768	1384359040.00
2025/02/21	6.80	7.02	6.80	7.02	126668575	880060928.00
2025/02/24	7.21	7.37	6.70	7.07	338839571	2394406400.00
2025/02/25	6.85	7.37	6.81	7.05	195985927	1393874176.00
2025/02/26	7.15	7.22	6.70	6.78	237722960	1650231936.00
2025/02/27	6.76	6.83	6.44	6.44	253976404	1658964352.00
2025/02/28	6.32	6.64	6.15	6.19	204800880	1311459840.00
数据来源:通达信
