880008 全Ａ等权 日线 不复权
      日期	    开盘	    最高	    最低	    收盘	    成交量	    成交额
2020/01/02	678.37	687.47	678.37	687.26	685202816	751265447936.00
2020/01/03	688.75	692.05	686.54	690.84	635299456	695215259648.00
2020/01/06	687.33	699.84	687.33	695.80	751745344	803877617664.00
2020/01/07	697.72	705.21	697.72	705.21	690700032	732113534976.00
2020/01/08	702.83	705.68	694.81	695.81	759860288	779030560768.00
2020/01/09	701.92	706.41	701.77	706.41	639631296	706416214016.00
2020/01/10	707.11	707.16	701.66	704.60	565803456	639989579776.00
2020/01/13	702.89	711.74	700.47	711.74	555483712	667763212288.00
2020/01/14	713.45	714.89	711.72	711.97	606826112	701717282816.00
2020/01/15	710.61	711.45	705.24	708.52	533175520	610895659008.00
2020/01/16	708.00	710.20	705.28	705.98	521025120	612595138560.00
2020/01/17	708.06	709.18	703.37	704.17	494836224	607253299200.00
2020/01/20	703.74	710.63	702.13	710.63	540833600	678968623104.00
2020/01/21	708.56	708.56	702.21	702.22	572986432	690297831424.00
2020/01/22	693.46	705.17	689.19	702.74	575446848	707752296448.00
2020/01/23	697.39	700.02	673.08	678.80	674857472	808616591360.00
2020/02/03	616.92	620.97	616.78	618.45	410418048	518899761152.00
2020/02/04	601.81	616.87	601.81	615.10	874618688	909622050816.00
2020/02/05	619.34	637.81	619.34	631.83	763700096	871913816064.00
2020/02/06	629.93	650.72	629.93	648.47	796734656	913075208192.00
2020/02/07	649.57	656.30	644.19	656.30	798506048	929291436032.00
2020/02/10	656.88	666.78	655.45	666.78	765156224	885468364800.00
2020/02/11	662.86	667.08	660.12	663.09	686572544	785822515200.00
2020/02/12	663.50	674.13	663.50	674.13	668446592	789871788032.00
2020/02/13	674.64	675.30	665.73	667.66	729637696	870881558528.00
2020/02/14	667.08	673.41	664.04	668.78	667403776	812805390336.00
2020/02/17	676.25	691.45	676.25	691.45	793719552	936927494144.00
2020/02/18	694.62	703.26	691.52	703.26	839203392	999715504128.00
2020/02/19	702.93	706.87	699.38	699.38	852354432	1038549516288.00
2020/02/20	702.26	711.96	697.10	711.96	896693056	1068104941568.00
2020/02/21	713.95	723.11	713.41	719.20	964245568	1170741526528.00
2020/02/24	720.57	729.61	715.70	728.11	990215488	1221727617024.00
2020/02/25	717.15	727.17	701.01	726.61	1171058560	1414872825856.00
2020/02/26	718.54	729.16	713.83	715.93	1154774144	1312359186432.00
2020/02/27	718.43	723.50	711.44	717.76	901778432	1050355892224.00
2020/02/28	698.76	702.74	679.67	679.74	1011234880	1129083568128.00
2020/03/02	692.52	709.98	690.24	707.91	899145920	1029006426112.00
2020/03/03	720.02	727.63	710.31	716.68	1011147712	1175696441344.00
2020/03/04	713.58	724.07	712.35	724.07	866288512	991828508672.00
2020/03/05	730.34	737.44	730.23	737.44	1037831744	1171637796864.00
2020/03/06	731.74	740.85	731.74	736.23	900455552	957294247936.00
2020/03/09	729.69	729.69	712.12	712.12	998655872	1085931782144.00
2020/03/10	710.19	727.27	694.07	727.27	974033280	1081228525568.00
2020/03/11	729.90	734.14	720.98	720.98	881609344	972651888640.00
2020/03/12	709.01	713.66	701.14	707.46	772932736	837373001728.00
2020/03/13	675.58	703.74	675.58	698.99	894699264	966388809728.00
2020/03/16	704.60	705.65	670.56	672.18	871781056	963032055808.00
2020/03/17	673.38	674.96	648.25	670.33	754711680	817820139520.00
2020/03/18	675.74	685.13	659.66	659.66	743302144	836776034304.00
2020/03/19	661.78	667.01	646.74	664.54	733936512	822176841728.00
2020/03/20	669.43	674.07	663.96	674.07	631598208	716794822656.00
2020/03/23	660.92	664.06	646.61	648.23	637475520	687193456640.00
2020/03/24	657.47	661.67	643.69	660.77	654997248	712317861888.00
2020/03/25	670.29	676.39	669.97	676.23	689585664	751137062912.00
2020/03/26	671.43	676.32	668.90	669.50	606783808	642329083904.00
2020/03/27	674.52	677.37	666.88	667.01	585455808	633759662080.00
2020/03/30	652.03	657.05	646.33	652.45	595968192	632964579328.00
2020/03/31	657.59	657.61	651.92	652.49	533619968	561618550784.00
2020/04/01	650.99	658.47	647.83	648.75	550029888	584733097984.00
2020/04/02	646.74	662.52	645.56	662.52	545755392	597610070016.00
2020/04/03	662.12	664.05	657.10	659.28	520498656	572220178432.00
2020/04/07	669.76	679.70	669.76	679.68	671484864	731848704000.00
2020/04/08	677.40	684.60	677.40	682.92	640035584	673881915392.00
2020/04/09	684.87	690.36	684.87	688.80	615303168	653058899968.00
2020/04/10	685.57	685.57	670.56	672.81	627907648	671939362816.00
2020/04/13	662.93	670.07	662.93	667.21	474882304	498920062976.00
2020/04/14	669.26	679.22	669.26	679.22	532278848	589199900672.00
2020/04/15	678.10	681.26	674.70	675.13	584506816	640933101568.00
2020/04/16	670.71	678.84	670.71	678.04	551450176	594869551104.00
2020/04/17	681.44	682.99	677.53	677.89	646853696	740148117504.00
2020/04/20	679.03	685.49	678.75	685.49	551717696	617161490432.00
2020/04/21	681.34	682.20	675.54	682.20	592222976	649179234304.00
2020/04/22	677.30	688.51	677.30	688.51	561713856	605819437056.00
2020/04/23	689.24	690.77	685.83	686.01	631142720	670402609152.00
2020/04/24	684.31	684.42	672.10	674.06	607604736	625068670976.00
2020/04/27	672.07	674.95	669.14	669.63	530168544	556541411328.00
2020/04/28	667.42	667.42	638.43	655.49	637985728	673719582720.00
2020/04/29	655.28	659.55	654.02	654.51	491921344	532637417472.00
2020/04/30	659.07	669.82	659.07	668.73	589910592	678854459392.00
2020/05/06	667.73	680.50	667.65	680.50	599528128	720922607616.00
2020/05/07	681.01	682.72	678.02	679.10	572204864	667078361088.00
2020/05/08	681.67	688.00	681.67	686.40	580717120	687297921024.00
2020/05/11	688.86	690.62	683.09	686.50	574075520	684561399808.00
2020/05/12	686.20	686.20	678.17	686.07	505306464	598925705216.00
2020/05/13	684.01	690.08	683.33	689.81	482975424	581033066496.00
2020/05/14	686.23	689.31	684.22	684.37	522238688	609853112320.00
2020/05/15	687.53	689.59	684.32	686.06	505695680	626674761728.00
2020/05/18	685.53	688.41	681.67	683.29	587238144	731447230464.00
2020/05/19	687.19	691.09	686.29	691.09	506799776	641302659072.00
2020/05/20	689.68	690.39	683.93	685.91	555484864	686533902336.00
2020/05/21	685.56	687.27	678.98	679.66	524349408	625969266688.00
2020/05/22	678.10	678.10	665.17	668.95	508394688	592519823360.00
2020/05/25	666.79	670.07	665.70	668.10	413946144	490405789696.00
2020/05/26	671.32	682.20	671.32	682.20	444764384	529738661888.00
2020/05/27	682.84	683.96	679.49	680.96	491188544	572981116928.00
2020/05/28	680.01	682.54	670.90	678.81	504257376	578079424512.00
2020/05/29	677.87	685.32	677.87	684.10	500959552	571544895488.00
2020/06/01	689.26	703.14	689.26	703.14	649985408	761352880128.00
2020/06/02	703.75	708.09	703.59	707.14	675113600	771898605568.00
2020/06/03	707.55	712.45	707.40	707.82	673976192	777345368064.00
2020/06/04	709.39	711.50	706.13	710.62	584969920	650442309632.00
2020/06/05	710.44	711.27	706.31	710.60	559465024	631341449216.00
2020/06/08	712.75	713.36	708.74	709.56	587703680	684018302976.00
2020/06/09	707.72	712.90	707.72	712.90	538677568	620143378432.00
2020/06/10	710.35	711.36	707.84	711.36	526947168	614951223296.00
2020/06/11	710.28	717.22	706.60	709.02	590156608	720760602624.00
2020/06/12	698.55	711.53	698.55	709.63	590299904	699062157312.00
2020/06/15	709.61	716.19	708.48	708.48	632030976	759296884736.00
2020/06/16	713.14	720.39	713.14	720.39	581952128	712252981248.00
2020/06/17	719.93	723.78	718.10	723.78	617058752	738672312320.00
2020/06/18	721.43	724.17	720.02	723.04	637380736	758347857920.00
2020/06/19	722.71	727.51	722.71	726.36	623917952	778602217472.00
2020/06/22	727.90	730.07	726.17	727.86	646652672	828414033920.00
2020/06/23	726.74	727.71	724.08	727.16	574300672	758189654016.00
2020/06/24	728.14	728.14	723.89	725.57	533944960	728587370496.00
2020/06/29	722.36	724.02	719.69	721.58	547518336	716164628480.00
2020/06/30	725.44	733.23	725.44	732.52	542060224	746502422528.00
2020/07/01	733.67	736.21	729.66	736.21	667667072	907075649536.00
2020/07/02	736.54	746.46	736.54	746.46	873360640	1079738957824.00
2020/07/03	747.34	755.31	747.33	755.31	972716800	1171253100544.00
2020/07/06	762.79	784.93	762.41	784.93	1336212992	1565412687872.00
2020/07/07	791.72	802.14	782.94	792.67	1414060672	1739252695040.00
2020/07/08	795.29	809.55	791.48	809.36	1257874432	1542099828736.00
2020/07/09	813.97	830.71	813.60	830.71	1380071168	1725659348992.00
2020/07/10	829.38	835.47	823.30	825.37	1254094208	1611989647360.00
2020/07/13	834.52	852.51	829.75	852.51	1267704832	1671926644736.00
2020/07/14	855.15	856.70	832.98	848.49	1280406912	1704052260864.00
2020/07/15	849.90	849.90	823.62	826.73	1163469568	1571055206400.00
2020/07/16	823.24	829.69	789.56	789.56	1112345984	1505703493632.00
2020/07/17	787.06	800.44	782.24	790.74	835941824	1115793784832.00
2020/07/20	799.55	817.99	796.74	817.99	912494720	1192673411072.00
2020/07/21	821.40	822.19	813.99	821.81	831592384	1102743470080.00
2020/07/22	821.66	832.31	820.81	825.83	893651648	1198098350080.00
2020/07/23	822.17	825.22	804.14	823.45	934326528	1245790601216.00
2020/07/24	823.07	823.34	787.94	790.02	992716288	1334567370752.00
2020/07/27	793.19	793.44	783.68	790.49	697232704	926994792448.00
2020/07/28	797.67	801.70	793.39	799.81	678863232	897800732672.00
2020/07/29	796.05	819.29	794.78	819.29	762230464	1046515220480.00
2020/07/30	820.76	824.09	817.66	819.12	810800128	1093534744576.00
2020/07/31	821.07	829.05	813.94	829.05	839513600	1145766150144.00
2020/08/03	836.54	853.49	836.54	853.49	975598784	1333659697152.00
2020/08/04	854.00	855.12	847.17	849.57	1009363584	1372559507456.00
2020/08/05	846.21	859.36	843.74	858.27	888357568	1196514344960.00
2020/08/06	859.72	859.72	845.30	857.17	949140800	1291284250624.00
2020/08/07	853.70	853.70	834.06	846.33	914241600	1261970259968.00
2020/08/10	850.15	857.13	844.66	853.15	833645824	1157436407808.00
2020/08/11	853.47	854.25	836.72	837.35	867434368	1134399062016.00
2020/08/12	831.74	833.02	814.70	831.76	828252672	1083424636928.00
2020/08/13	834.87	840.83	834.33	836.88	727872000	881322557440.00
2020/08/14	834.74	843.30	830.29	843.30	694369664	849617551360.00
2020/08/17	844.67	859.32	844.67	859.32	923042496	1153631911936.00
2020/08/18	860.22	866.21	860.22	866.04	855174400	1089721729024.00
2020/08/19	863.78	865.62	852.85	853.31	885006464	1088101023744.00
2020/08/20	845.93	851.90	841.60	843.93	724483904	871616610304.00
2020/08/21	850.79	853.26	843.96	849.63	671326656	844040634368.00
2020/08/24	849.11	856.73	841.87	854.91	676944704	896661454848.00
2020/08/25	856.99	859.07	851.93	854.55	733458304	941766868992.00
2020/08/26	851.84	853.83	833.96	837.05	759158528	977908793344.00
2020/08/27	832.37	848.25	832.37	847.41	651627392	837530615808.00
2020/08/28	845.36	855.56	842.83	855.47	711883968	947384287232.00
2020/08/31	860.30	865.78	856.64	856.72	774620096	1034002956288.00
2020/09/01	856.06	861.87	852.59	861.87	645674304	851093225472.00
2020/09/02	862.98	869.89	857.83	867.02	778241920	968743124992.00
2020/09/03	864.36	867.05	856.77	859.74	737712960	941934444544.00
2020/09/04	848.38	861.86	848.36	861.29	658176512	838371835904.00
2020/09/07	863.00	867.91	849.06	851.92	801714880	1021237264384.00
2020/09/08	851.81	860.45	845.61	860.38	804413184	924033417216.00
2020/09/09	853.61	855.01	838.00	838.00	987955456	1035940790272.00
2020/09/10	840.10	840.10	805.12	806.34	841863360	872960032768.00
2020/09/11	804.32	818.81	802.49	818.32	605319488	684354764800.00
2020/09/14	824.84	833.02	824.43	831.44	632768128	769296302080.00
2020/09/15	830.35	834.45	828.52	834.02	588589952	725371322368.00
2020/09/16	830.94	831.64	824.83	829.00	553258240	684074270720.00
2020/09/17	826.83	837.58	824.57	832.22	556446912	753380098048.00
2020/09/18	831.55	843.07	830.71	842.90	648062784	835413737472.00
2020/09/21	842.77	845.87	839.56	841.40	582770496	754894831616.00
2020/09/22	835.27	839.44	827.39	828.69	564234560	702153687040.00
2020/09/23	830.19	836.35	829.27	834.49	487143488	660629356544.00
2020/09/24	828.48	828.48	812.26	812.26	550462848	679148519424.00
2020/09/25	813.91	813.91	804.40	807.75	437304352	569217056768.00
2020/09/28	806.40	807.16	796.17	796.17	407063712	540079128576.00
2020/09/29	798.58	805.88	796.81	802.20	404290816	544881278976.00
2020/09/30	802.08	805.95	797.05	800.39	405426816	539853881344.00
2020/10/09	814.98	824.39	814.98	824.36	505921984	711024967680.00
2020/10/12	831.85	848.98	831.85	848.98	693300928	971064344576.00
2020/10/13	845.93	852.31	845.47	851.88	585955136	834720235520.00
2020/10/14	850.70	850.70	845.13	847.01	581613568	827304443904.00
2020/10/15	846.83	847.02	840.67	840.86	546419904	763801894912.00
2020/10/16	839.90	842.35	835.41	841.48	518307264	708415062016.00
2020/10/19	844.01	847.24	835.85	837.40	541608384	738942582784.00
2020/10/20	833.74	846.07	832.28	846.07	481420768	667196850176.00
2020/10/21	843.98	844.06	834.25	836.59	495152032	706090696704.00
2020/10/22	827.71	836.71	827.57	833.80	467388512	663556390912.00
2020/10/23	834.12	838.63	821.39	822.79	476365088	687476441088.00
2020/10/26	816.98	827.14	814.15	824.47	443531520	633401180160.00
2020/10/27	822.12	826.95	818.89	824.95	436829664	631092215808.00
2020/10/28	822.91	827.75	815.38	826.49	496786976	732961767424.00
2020/10/29	816.92	827.28	816.92	824.11	518369120	780096634880.00
2020/10/30	824.60	824.60	802.54	802.54	605347648	870605193216.00
2020/11/02	801.47	805.84	798.00	803.30	565581632	812188631040.00
2020/11/03	805.93	819.53	805.93	819.53	555481920	784528769024.00
2020/11/04	820.61	820.61	811.93	817.84	501248480	729545506816.00
2020/11/05	824.70	831.99	822.58	831.99	592167872	859513487360.00
2020/11/06	829.42	829.96	820.12	824.49	600695808	878298398720.00
2020/11/09	831.46	844.06	831.46	842.36	746903872	1083281702912.00
2020/11/10	839.62	839.81	831.11	834.82	672603712	980952285184.00
2020/11/11	831.56	832.38	824.69	825.21	621365696	869302796288.00
2020/11/12	825.83	828.81	823.37	826.33	518563424	707778838528.00
2020/11/13	820.56	827.15	820.07	826.57	523996352	726996090880.00
2020/11/16	828.21	835.01	827.35	835.01	615162368	800730054656.00
2020/11/17	832.25	832.25	825.24	829.57	644202176	853241495552.00
2020/11/18	831.20	834.20	829.45	833.05	634277632	821392113664.00
2020/11/19	829.28	836.32	828.39	835.61	599607424	774013386752.00
2020/11/20	835.07	840.72	834.10	840.22	590154624	750719860736.00
2020/11/23	838.08	846.78	837.17	843.23	774233856	953646383104.00
2020/11/24	842.88	844.93	841.25	842.98	655731840	829983752192.00
2020/11/25	842.41	843.74	832.07	832.07	689978688	863045550080.00
2020/11/26	831.92	831.92	824.21	828.51	572940736	732965896192.00
2020/11/27	826.83	828.14	820.24	828.14	589842688	725331738624.00
2020/11/30	825.76	833.54	825.76	826.16	755020032	950012149760.00
2020/12/01	824.67	837.40	824.67	836.87	685320320	864536821760.00
2020/12/02	838.02	839.36	835.43	838.75	699867328	880581083136.00
2020/12/03	836.28	839.54	833.77	837.12	672155968	826066141184.00
2020/12/04	835.00	839.64	833.45	838.90	574716864	748575522816.00
2020/12/07	838.65	839.37	834.73	834.88	571923904	768710082560.00
2020/12/08	834.80	835.59	832.82	833.23	519310720	701501079552.00
2020/12/09	832.34	832.51	817.78	817.78	596796672	791347003392.00
2020/12/10	813.37	821.85	813.07	817.48	537770624	709069635584.00
2020/12/11	816.28	816.28	797.49	804.18	644307264	834699067392.00
2020/12/14	798.78	809.79	798.78	809.79	530406528	709571969024.00
2020/12/15	807.78	809.73	805.11	808.79	510054496	709425823744.00
2020/12/16	806.88	806.88	799.42	799.68	518287200	700827631616.00
2020/12/17	796.04	806.98	789.34	806.74	605168320	791577034752.00
2020/12/18	805.94	808.91	802.88	803.48	593295232	771015639040.00
2020/12/21	801.55	811.74	801.55	811.70	627138752	864148848640.00
2020/12/22	807.69	810.07	794.83	795.09	707860032	957364830208.00
2020/12/23	794.76	800.23	794.32	798.17	667550720	928849854464.00
2020/12/24	794.10	795.68	781.79	783.04	631555840	825888997376.00
2020/12/25	779.89	792.41	779.89	790.54	632318016	793601572864.00
2020/12/28	788.72	788.72	780.24	781.85	688974080	880861970432.00
2020/12/29	781.53	786.69	779.73	779.89	682864960	859536818176.00
2020/12/30	777.41	785.77	777.41	783.27	642457920	846812741632.00
2020/12/31	785.22	794.18	785.22	794.18	707399040	961518108672.00
2021/01/04	794.18	806.67	794.18	805.76	815405056	1164033130496.00
2021/01/05	803.80	805.27	797.44	805.10	866047360	1266084478976.00
2021/01/06	803.24	803.24	791.93	794.79	802828864	1166930739200.00
2021/01/07	788.78	788.78	769.10	774.31	873861760	1216174620672.00
2021/01/08	765.63	779.15	761.07	773.59	764756928	1131951423488.00
2021/01/11	768.90	770.08	753.67	756.13	801123072	1211469266944.00
2021/01/12	757.27	763.02	757.27	762.15	709335680	1089864007680.00
2021/01/13	757.93	757.93	748.17	750.63	819912704	1234156126208.00
2021/01/14	748.13	757.58	743.93	753.82	743009216	1121061830656.00
2021/01/15	754.76	764.77	754.76	764.10	688551872	1036250185728.00
2021/01/18	767.07	776.09	767.07	775.80	665128064	997934497792.00
2021/01/19	775.49	783.72	775.49	779.10	717995072	1040913072128.00
2021/01/20	779.36	781.76	776.22	781.76	611977472	915373162496.00
2021/01/21	782.53	789.74	781.76	786.86	737559552	1085406052352.00
2021/01/22	783.70	783.70	776.85	779.17	720102912	1113449562112.00
2021/01/25	772.68	774.97	766.48	768.23	730017152	1207920099328.00
2021/01/26	765.66	770.16	760.87	761.96	627792704	1013796044800.00
2021/01/27	759.60	763.61	758.35	763.09	601870848	922878214144.00
2021/01/28	758.72	764.66	752.94	753.30	624449856	915349766144.00
2021/01/29	755.47	755.47	734.72	742.16	661853824	951975018496.00
2021/02/01	739.46	745.62	739.26	745.62	613907264	856447582208.00
2021/02/02	742.87	748.61	741.47	747.81	593475648	900581818368.00
2021/02/03	742.42	743.78	736.29	736.44	644634496	953399508992.00
2021/02/04	730.67	733.68	714.83	723.13	651710400	942231191552.00
2021/02/05	727.66	729.48	714.14	714.14	609428032	890870038528.00
2021/02/08	710.86	718.63	710.26	714.99	532390080	805929877504.00
2021/02/09	715.46	729.01	715.46	727.82	547283008	837049450496.00
2021/02/10	730.11	733.90	728.74	733.22	539989824	875031232512.00
2021/02/18	743.92	752.15	743.92	752.06	708031104	1084837855232.00
2021/02/19	753.32	772.32	753.32	772.32	750260096	1042179686400.00
2021/02/22	778.92	792.81	778.92	778.93	986686720	1292626034688.00
2021/02/23	777.26	779.97	770.67	774.60	798860480	1021039738880.00
2021/02/24	778.29	780.54	768.00	774.09	751605312	1063373176832.00
2021/02/25	776.13	776.13	768.66	769.29	724954496	933722587136.00
2021/02/26	763.59	769.79	763.59	766.40	677424576	906403774464.00
2021/03/01	772.49	783.33	772.49	783.33	659968384	872915664896.00
2021/03/02	782.75	784.19	774.92	779.00	696105088	917241266176.00
2021/03/03	780.05	789.26	778.56	789.26	702109504	862909628416.00
2021/03/04	787.98	788.79	780.51	782.45	787231424	971774427136.00
2021/03/05	779.85	791.26	779.85	789.01	736406336	876212846592.00
2021/03/08	795.56	797.20	779.55	779.55	789647424	978936659968.00
2021/03/09	771.19	776.48	748.87	759.79	830520192	986428866560.00
2021/03/10	760.78	760.78	750.29	751.19	624573376	749554434048.00
2021/03/11	748.99	766.13	748.40	766.13	667476928	803728457728.00
2021/03/12	764.91	768.01	760.16	766.99	723640256	816752164864.00
2021/03/15	765.04	769.56	759.85	764.93	718473280	806819725312.00
2021/03/16	767.77	774.98	765.10	774.98	671801536	735301206016.00
2021/03/17	773.56	779.91	771.04	779.56	626530304	710571982848.00
2021/03/18	778.84	783.13	778.84	780.70	629361920	736516505600.00
2021/03/19	777.16	784.98	776.57	778.89	660541376	771827105792.00
2021/03/22	782.77	792.02	782.77	792.02	675237440	759684726784.00
2021/03/23	791.01	791.01	780.31	783.37	704078656	788394147840.00
2021/03/24	778.88	783.15	775.97	776.96	674181248	762181648384.00
2021/03/25	775.11	779.43	771.27	774.42	607396672	675817390080.00
2021/03/26	776.16	785.10	776.16	784.50	613998464	747777163264.00
2021/03/29	785.03	788.02	783.85	785.50	631427264	757626109952.00
2021/03/30	781.97	781.97	778.40	779.59	629889344	749167902720.00
2021/03/31	777.74	782.24	777.23	781.71	590752128	687252176896.00
2021/04/01	779.98	784.61	778.79	783.92	578514624	657487560704.00
2021/04/02	783.79	787.69	783.38	787.46	578630912	716555943936.00
2021/04/06	788.64	795.87	788.64	795.68	541146816	660047396864.00
2021/04/07	795.27	801.37	794.05	801.37	648889600	739778953216.00
2021/04/08	799.40	801.48	796.02	796.02	703180416	767079153664.00
2021/04/09	794.01	796.75	794.01	796.40	610351680	694461726720.00
2021/04/12	793.85	795.29	785.05	786.38	667777792	775504658432.00
2021/04/13	783.77	785.16	778.83	780.50	601833152	671273517056.00
2021/04/14	778.63	789.59	778.63	789.59	562247232	653821345792.00
2021/04/15	786.66	787.90	784.12	787.04	568246592	660467810304.00
2021/04/16	788.90	799.97	788.90	799.64	608479232	691838386176.00
2021/04/19	801.65	810.35	801.65	810.32	688484224	861216768000.00
2021/04/20	809.77	812.80	807.04	807.18	662733184	845252001792.00
2021/04/21	803.24	807.03	801.41	804.90	588397120	743312719872.00
2021/04/22	808.50	809.32	806.64	808.15	574657472	740685119488.00
2021/04/23	804.00	804.44	799.01	801.50	588972992	778405675008.00
2021/04/26	800.80	807.29	797.97	798.29	651297536	908184715264.00
2021/04/27	796.54	796.54	786.64	792.47	585302336	764450373632.00
2021/04/28	786.97	794.11	786.97	794.11	563403456	787935854592.00
2021/04/29	792.08	794.74	791.58	791.58	597587776	822035152896.00
2021/04/30	789.24	789.93	782.26	785.49	646982656	866530033664.00
2021/05/06	787.87	789.88	785.41	788.81	650686208	875220762624.00
2021/05/07	787.85	790.46	785.10	785.43	727692288	883566706688.00
2021/05/10	784.85	789.53	784.51	789.53	744574016	854649077760.00
2021/05/11	787.55	793.80	782.52	793.09	735091968	842941792256.00
2021/05/12	790.15	801.32	790.15	801.32	661752576	765242507264.00
2021/05/13	799.45	804.46	797.42	798.02	693880448	801369292800.00
2021/05/14	800.97	808.51	800.97	808.51	729872704	901428543488.00
2021/05/17	804.33	805.34	800.97	801.76	690059136	929830469632.00
2021/05/18	800.18	806.38	799.51	806.38	589029888	751922970624.00
2021/05/19	803.92	806.67	803.88	805.79	611248000	791313186816.00
2021/05/20	803.68	805.70	800.32	803.01	688938432	864275857408.00
2021/05/21	804.34	806.74	803.65	804.26	617198784	807819673600.00
2021/05/24	804.56	809.43	804.56	809.43	636002752	841979396096.00
2021/05/25	809.94	816.31	808.23	816.31	721677696	1006266744832.00
2021/05/26	817.28	822.68	817.28	822.09	732601472	966638632960.00
2021/05/27	822.56	829.17	822.56	829.17	692570880	939361959936.00
2021/05/28	829.99	831.08	823.89	826.38	757176640	1015906631680.00
2021/05/31	826.78	836.84	826.78	836.84	717187008	1009199022080.00
2021/06/01	836.05	844.04	836.05	844.04	760634112	1046671917056.00
2021/06/02	842.84	844.32	836.54	838.65	760328576	1012706967552.00
2021/06/03	839.86	845.32	838.47	838.55	734809728	955388526592.00
2021/06/04	836.20	840.95	836.20	838.50	695539968	937131638784.00
2021/06/07	840.80	845.60	840.80	845.60	671751936	948938080256.00
2021/06/08	845.11	847.52	842.43	845.02	688713152	985148424192.00
2021/06/09	843.03	848.90	843.03	847.53	672058944	880821796864.00
2021/06/10	847.47	852.21	847.27	852.04	734655488	1002017128448.00
2021/06/11	851.52	853.42	846.62	846.78	812755520	1120966410240.00
2021/06/15	844.98	844.98	839.20	839.92	756666624	1000296284160.00
2021/06/16	837.81	840.06	829.90	830.86	690146304	931985686528.00
2021/06/17	832.88	836.99	831.91	836.99	641451136	891773321216.00
2021/06/18	834.97	844.48	834.77	844.21	698010048	1009869062144.00
2021/06/21	843.93	854.23	843.93	854.23	689694528	1014081126400.00
2021/06/22	855.60	859.74	855.32	859.52	732142848	1011175194624.00
2021/06/23	858.66	863.84	858.17	862.99	724720832	1073046552576.00
2021/06/24	859.43	861.06	858.06	858.25	735142656	1012750548992.00
2021/06/25	857.90	861.45	854.63	860.62	745959424	1054374428672.00
2021/06/28	861.18	866.11	861.18	865.59	704088704	1017252347904.00
2021/06/29	864.04	864.85	858.18	858.51	684635200	997226577920.00
2021/06/30	861.00	864.53	859.71	864.53	625407744	942322155520.00
2021/07/01	862.37	864.31	852.94	852.94	681385920	1019675934720.00
2021/07/02	851.64	852.90	847.75	848.99	649149440	1002641883136.00
2021/07/05	853.74	860.44	852.76	860.44	655686080	1005598408704.00
2021/07/06	859.65	862.95	852.55	860.74	714232448	1119839322112.00
2021/07/07	858.58	867.94	858.51	867.79	703994752	1050077560832.00
2021/07/08	867.77	868.77	863.58	864.19	790834752	1196842942464.00
2021/07/09	862.68	870.26	859.02	869.68	772856064	1127373340672.00
2021/07/12	873.37	882.29	873.37	880.46	888843712	1317604294656.00
2021/07/13	880.02	885.30	879.34	885.30	837973184	1219861151744.00
2021/07/14	882.55	884.97	878.37	878.37	855046656	1214726275072.00
2021/07/15	874.33	875.04	862.22	872.87	824152064	1171394002944.00
2021/07/16	872.82	877.84	871.82	871.82	809412288	1181301735424.00
2021/07/19	869.58	871.17	865.52	870.59	764979072	1121494368256.00
2021/07/20	866.18	873.30	865.08	873.30	675605632	966476562432.00
2021/07/21	878.84	884.79	878.84	884.06	791451648	1208961073152.00
2021/07/22	882.66	888.58	882.39	888.58	872750848	1300627587072.00
2021/07/23	887.09	887.09	877.30	878.96	974862144	1378520006656.00
2021/07/26	876.16	876.16	855.16	866.25	954233856	1418583867392.00
2021/07/27	870.36	870.54	849.74	849.74	997150912	1533740580864.00
2021/07/28	837.82	839.92	815.98	829.86	874200320	1269585412096.00
2021/07/29	841.79	852.80	841.79	851.04	783208576	1249206075392.00
2021/07/30	849.30	858.89	847.63	858.89	858620096	1339468021760.00
2021/08/02	858.52	875.40	858.52	875.40	939940736	1512575467520.00
2021/08/03	875.85	882.03	871.54	873.21	908303488	1415896498176.00
2021/08/04	873.73	883.37	873.73	883.37	794954176	1288770813952.00
2021/08/05	877.10	881.51	874.68	877.65	819454592	1290655891456.00
2021/08/06	874.68	877.95	872.13	877.95	779119232	1224721825792.00
2021/08/09	878.95	888.31	877.12	888.31	797087488	1248783237120.00
2021/08/10	889.19	898.19	889.19	898.19	818599360	1343834685440.00
2021/08/11	895.40	903.99	895.40	903.99	874892096	1282408579072.00
2021/08/12	904.36	908.02	902.17	906.85	883906304	1304593956864.00
2021/08/13	905.82	909.17	902.82	907.04	867879808	1296939220992.00
2021/08/16	905.90	911.80	904.45	908.22	862664064	1256850849792.00
2021/08/17	904.15	907.28	885.00	886.29	931616960	1308021882880.00
2021/08/18	889.34	894.26	884.46	894.26	835711296	1196947144704.00
2021/08/19	892.52	895.75	885.32	892.28	835419072	1214702288896.00
2021/08/20	880.84	889.29	878.40	887.11	831232960	1252222173184.00
2021/08/23	893.26	909.28	893.26	909.28	865560064	1322324197376.00
2021/08/24	910.57	915.21	910.24	914.41	938059648	1408032309248.00
2021/08/25	911.40	921.51	911.40	921.51	924484736	1314212413440.00
2021/08/26	918.35	921.53	915.43	915.73	1020627072	1374049140736.00
2021/08/27	913.30	914.11	908.59	914.11	966253120	1344014254080.00
2021/08/30	915.99	920.26	912.00	915.09	1063634880	1577826648064.00
2021/08/31	909.63	916.26	906.82	914.31	1053350464	1481693200384.00
2021/09/01	914.02	916.45	900.12	911.05	1268203008	1710743224320.00
2021/09/02	907.94	920.78	907.94	920.78	1094193408	1433712852992.00
2021/09/03	925.38	931.83	917.57	922.18	1211592448	1572767268864.00
2021/09/06	925.12	932.70	918.73	932.70	1052661248	1425857314816.00
2021/09/07	934.02	943.32	934.02	943.32	1079005056	1401964986368.00
2021/09/08	945.68	951.02	945.68	950.81	1196367104	1474360508416.00
2021/09/09	948.31	951.36	945.54	950.99	1175270400	1431792517120.00
2021/09/10	951.13	952.34	941.11	946.38	1208365568	1543604535296.00
2021/09/13	945.44	950.63	942.72	950.63	1106135168	1462824730624.00
2021/09/14	950.43	953.68	940.36	941.05	1141678464	1512828567552.00
2021/09/15	937.11	947.58	937.11	946.96	989422336	1354338533376.00
2021/09/16	950.48	953.21	933.31	933.31	1117394688	1478022922240.00
2021/09/17	933.56	935.04	917.45	930.42	1025024448	1342800396288.00
2021/09/22	923.44	934.05	923.44	934.05	907378496	1152281083904.00
2021/09/23	941.19	943.93	937.42	940.98	1049368256	1321081110528.00
2021/09/24	937.43	937.43	925.00	925.40	994992704	1283033268224.00
2021/09/27	923.94	923.94	894.28	900.20	1022232960	1365294841856.00
2021/09/28	896.31	905.57	896.31	903.39	824977920	1043524550656.00
2021/09/29	895.54	897.10	877.26	877.26	864539200	1077499985920.00
2021/09/30	886.21	896.64	886.21	895.99	747757632	950225207296.00
2021/10/08	908.59	909.27	904.42	909.27	807992448	1060344102912.00
2021/10/11	907.61	910.52	904.25	907.81	767625664	991898501120.00
2021/10/12	904.91	905.26	884.66	893.30	798566656	996253761536.00
2021/10/13	891.74	897.11	885.38	896.57	664142016	889411207168.00
2021/10/14	894.87	903.73	892.89	901.84	635796800	860646342656.00
2021/10/15	897.53	899.65	894.81	895.32	703343360	988801990656.00
2021/10/18	892.12	901.69	892.12	901.69	701867392	1001979772928.00
2021/10/19	902.15	906.74	902.13	906.03	692012096	973087768576.00
2021/10/20	901.96	907.22	901.37	904.46	721475968	1019758575616.00
2021/10/21	903.30	904.02	898.11	899.78	724166848	992753221632.00
2021/10/22	898.51	899.56	891.94	892.01	734871104	1014998171648.00
2021/10/25	889.49	898.30	889.49	898.30	683596416	1014557704192.00
2021/10/26	898.48	899.60	893.53	894.84	723680128	1082142162944.00
2021/10/27	889.62	889.81	877.57	879.83	748378816	1076576649216.00
2021/10/28	875.29	877.18	863.24	864.15	769114560	1107284328448.00
2021/10/29	866.72	877.65	861.86	877.65	738347840	1138161614848.00
2021/11/01	877.70	890.27	876.84	888.83	791381952	1222882885632.00
2021/11/02	891.48	892.86	871.91	877.94	860758016	1257846341632.00
2021/11/03	880.99	883.87	877.21	883.87	666968576	1000016248832.00
2021/11/04	886.73	896.41	886.73	896.41	703854080	1078468214784.00
2021/11/05	896.78	898.69	892.51	892.55	799491328	1150765629440.00
2021/11/08	892.11	897.88	889.41	897.88	698798720	1038642905088.00
2021/11/09	902.04	907.98	901.98	907.98	675761280	1010666438656.00
2021/11/10	907.89	913.53	901.11	913.53	733159616	1079927635968.00
2021/11/11	915.86	923.40	915.86	922.75	775471552	1122882289664.00
2021/11/12	922.91	932.39	922.91	931.88	756633216	1098845126656.00
2021/11/15	935.92	940.19	932.82	940.19	778280512	1157855576064.00
2021/11/16	940.25	940.34	932.56	932.70	768141952	1113452969984.00
2021/11/17	933.90	945.97	933.90	945.97	714196800	1036910919680.00
2021/11/18	945.68	945.68	939.32	939.32	791278976	1124120395776.00
2021/11/19	941.78	950.57	939.27	950.52	779607232	1112892375040.00
2021/11/22	951.96	958.81	950.29	958.81	806616320	1254457999360.00
2021/11/23	960.53	964.28	958.89	962.51	840197760	1228170592256.00
2021/11/24	962.03	968.14	960.56	966.66	814196992	1202148999168.00
2021/11/25	966.95	970.70	964.66	967.03	753098624	1112872189952.00
2021/11/26	964.04	966.37	962.44	964.78	741849792	1101387923456.00
2021/11/29	956.74	965.74	956.74	964.51	768590720	1177302335488.00
2021/11/30	970.54	976.10	966.56	972.33	821196288	1220380196864.00
2021/12/01	971.83	982.16	971.40	982.16	789777920	1146141278208.00
2021/12/02	980.54	980.98	971.02	971.04	832255296	1153036320768.00
2021/12/03	974.04	976.82	969.44	975.01	810964544	1134988886016.00
2021/12/06	971.84	971.95	960.24	960.71	885890624	1203261931520.00
2021/12/07	962.75	962.75	947.15	954.54	853564480	1199524282368.00
2021/12/08	955.11	965.95	955.11	965.95	768771904	1101303644160.00
2021/12/09	966.45	971.49	966.45	970.71	902061248	1263821783040.00
2021/12/10	967.95	975.01	967.95	974.53	873432064	1235208110080.00
2021/12/13	974.55	979.64	974.29	978.48	898770688	1270512353280.00
2021/12/14	976.44	984.01	976.44	983.88	823287104	1140910718976.00
2021/12/15	984.08	989.55	984.06	985.44	852177920	1135927230464.00
2021/12/16	987.18	994.03	986.59	994.03	855362176	1113359384576.00
2021/12/17	991.07	991.30	986.39	986.39	912098624	1159092240384.00
2021/12/20	985.20	988.91	976.42	976.60	927910912	1158021120000.00
2021/12/21	979.40	992.05	979.40	992.05	888057600	1000169275392.00
2021/12/22	993.10	997.69	993.10	996.48	926028352	1062280167424.00
2021/12/23	991.90	994.13	991.02	991.32	874945472	1077132722176.00
2021/12/24	989.26	989.26	974.67	974.67	897252288	1131625578496.00
2021/12/27	974.47	982.15	971.18	979.17	764935808	974580744192.00
2021/12/28	980.25	985.25	978.99	985.25	747989376	1002479550464.00
2021/12/29	981.07	986.83	980.69	984.29	729093952	997143347200.00
2021/12/30	985.65	996.11	985.65	993.91	762962688	1017735151616.00
2021/12/31	995.24	1001.57	995.24	1000.00	797921792	1060042833920.00
2022/01/04	1003.09	1012.01	1002.30	1011.05	974991744	1266088148992.00
2022/01/05	1010.91	1010.91	989.64	996.94	1007138816	1304879169536.00
2022/01/06	992.51	1007.58	991.94	1005.75	884552256	1136474324992.00
2022/01/07	1006.41	1008.98	989.76	990.07	997756224	1207019110400.00
2022/01/10	988.24	999.02	982.22	998.91	818995456	1051191803904.00
2022/01/11	999.58	1005.61	992.67	994.76	834847168	1055543197696.00
2022/01/12	996.88	1008.43	995.66	1008.43	808850560	1060978425856.00
2022/01/13	1009.28	1009.28	999.53	999.53	864136960	1093365661696.00
2022/01/14	996.05	1003.46	992.70	995.07	882986368	1106822692864.00
2022/01/17	996.26	1011.02	996.26	1010.99	817774336	1119473893376.00
2022/01/18	1012.02	1012.02	996.84	998.42	925697216	1195789123584.00
2022/01/19	995.08	1003.19	993.22	999.29	816281145	1065151168512.00
2022/01/20	999.01	999.28	975.28	975.70	896327838	1128858910720.00
2022/01/21	973.11	976.42	962.91	964.41	764903695	984251498496.00
2022/01/24	959.94	966.50	955.81	961.79	651776260	864024199168.00
2022/01/25	958.58	961.55	923.07	923.07	772869323	936598896640.00
2022/01/26	924.69	934.12	918.11	929.17	626129286	794042630144.00
2022/01/27	928.83	928.83	899.50	899.60	653426574	822810116096.00
2022/01/28	903.80	919.46	894.53	910.56	649170839	818613321728.00
2022/02/07	920.91	924.64	915.13	922.95	691678035	822920085504.00
2022/02/08	922.90	936.54	919.01	936.54	759809693	878566047744.00
2022/02/09	936.97	950.40	934.24	950.39	780220152	931544104960.00
2022/02/10	950.50	951.23	941.69	948.01	764169004	936133656576.00
2022/02/11	944.96	945.51	928.66	929.88	802650774	991324274688.00
2022/02/14	925.82	936.40	923.10	930.02	706311478	862233296896.00
2022/02/15	930.96	935.35	924.23	934.22	646614612	827332755456.00
2022/02/16	937.63	945.93	937.39	945.04	650001360	806879756288.00
2022/02/17	943.78	948.42	940.83	942.52	726243616	908661489664.00
2022/02/18	937.80	950.13	936.28	950.12	683106217	807363084288.00
2022/02/21	951.33	963.48	950.77	963.48	749111039	900210229248.00
2022/02/22	959.06	959.06	948.38	953.41	782733609	978036916224.00
2022/02/23	954.91	968.23	954.91	968.18	779235399	1040692412416.00
2022/02/24	964.69	971.95	933.97	945.97	1116723876	1362404442112.00
2022/02/25	950.83	962.45	950.83	955.13	811644452	1018482458624.00
2022/02/28	956.21	956.62	941.76	955.55	743208249	948804714496.00
2022/03/01	957.10	963.41	957.09	963.39	724741432	968725561344.00
2022/03/02	960.26	967.92	958.38	967.76	729354688	897789984768.00
2022/03/03	970.88	971.67	963.17	965.84	863333104	1010002558976.00
2022/03/04	962.13	965.29	951.72	954.52	841429799	1006066860032.00
2022/03/07	952.51	952.91	935.80	939.77	823481139	1024341311488.00
2022/03/08	938.88	940.55	907.63	910.55	901024279	1109688844288.00
2022/03/09	911.61	916.57	863.14	897.87	986814541	1161451667456.00
2022/03/10	913.60	921.65	910.96	913.83	835282826	1078516252672.00
2022/03/11	903.34	921.97	892.43	920.77	830136476	1049977946112.00
2022/03/14	914.93	918.28	896.49	896.49	748566605	969632710656.00
2022/03/15	890.51	891.52	850.90	850.90	955323873	1123792322560.00
2022/03/16	863.12	879.72	836.61	877.71	954605499	1191692861440.00
2022/03/17	886.49	906.60	885.81	894.03	950788589	1275176812544.00
2022/03/18	891.13	907.57	889.03	906.23	824493586	990214356992.00
2022/03/21	908.29	917.40	905.72	917.40	826292914	1014966648832.00
2022/03/22	916.03	922.86	909.29	916.77	825326278	962647818240.00
2022/03/23	917.58	922.52	915.35	919.67	800233271	942679851008.00
2022/03/24	915.36	915.36	906.72	908.92	769367511	919954653184.00
2022/03/25	909.39	917.27	905.44	905.53	776809450	918110797824.00
2022/03/28	900.72	910.15	891.07	902.85	767842240	870183796736.00
2022/03/29	904.03	905.07	891.82	895.11	740916218	863752355840.00
2022/03/30	897.49	909.30	894.61	909.30	817459676	958607130624.00
2022/03/31	907.59	914.55	905.64	907.81	896977166	1009425711104.00
2022/04/01	903.06	907.59	897.98	907.05	848652920	936029126656.00
2022/04/06	906.51	916.70	906.18	916.30	913306953	965708087296.00
2022/04/07	912.96	914.86	895.02	895.02	880568259	922691174400.00
2022/04/08	895.45	897.22	878.70	889.94	875767418	926143676416.00
2022/04/11	887.40	887.40	859.96	864.74	886810452	963415900160.00
2022/04/12	862.66	880.04	857.96	880.04	867420535	916079378432.00
2022/04/13	876.09	876.09	863.06	863.06	829213337	873106374656.00
2022/04/14	865.56	874.85	865.30	871.00	777337848	869747589120.00
2022/04/15	866.55	866.55	852.27	856.25	845441589	910808383488.00
2022/04/18	850.77	863.31	840.93	861.56	711518314	778061479936.00
2022/04/19	860.41	868.48	859.12	865.29	696657985	779140464640.00
2022/04/20	864.72	869.70	852.15	856.11	760617847	820369096704.00
2022/04/21	852.27	854.48	821.72	823.82	820634443	856087592960.00
2022/04/22	818.19	824.06	808.13	815.02	713800422	753060478976.00
2022/04/25	801.65	801.65	754.15	754.15	890435257	896484376576.00
2022/04/26	752.64	758.15	727.20	729.06	834685070	838516015104.00
2022/04/27	717.90	750.96	709.89	750.95	899323924	917389246464.00
2022/04/28	745.10	749.83	730.25	739.53	784933084	840279654400.00
2022/04/29	743.08	773.61	743.08	771.33	889010434	964708401152.00
2022/05/05	770.52	789.38	768.04	783.94	792572135	900462477312.00
2022/05/06	767.05	780.80	762.80	775.05	718313800	759475863552.00
2022/05/09	774.81	789.54	774.81	787.61	631118879	671204376576.00
2022/05/10	778.85	800.55	776.56	800.55	782038795	846570323968.00
2022/05/11	802.04	821.06	802.04	803.31	930587838	1077753282560.00
2022/05/12	799.38	812.18	799.15	809.42	748763667	821050867712.00
2022/05/13	812.17	815.22	805.58	815.22	716251898	756885422080.00
2022/05/16	820.01	822.86	813.99	817.61	746507140	785934450688.00
2022/05/17	816.95	816.95	804.82	816.64	717275427	789725380608.00
2022/05/18	817.00	829.04	814.93	822.61	708648732	770077949952.00
2022/05/19	811.50	829.00	809.63	829.00	750699573	806368116736.00
2022/05/20	831.80	839.28	830.64	839.28	818504237	920283119616.00
2022/05/23	841.55	850.27	840.57	850.27	773404318	859321597952.00
2022/05/24	851.07	851.07	815.82	815.82	905256394	990121099264.00
2022/05/25	814.32	831.66	814.32	831.66	717069315	761914523648.00
2022/05/26	833.28	838.58	819.93	835.98	770893693	822620061696.00
2022/05/27	838.25	841.30	829.18	836.24	757064263	815417982976.00
2022/05/30	839.24	844.28	832.24	844.28	723516241	810657972224.00
2022/05/31	844.25	854.17	837.42	853.63	796599568	934860685312.00
2022/06/01	852.03	861.56	850.49	858.83	776803605	884885225472.00
2022/06/02	856.73	866.97	851.92	866.55	769043785	891140177920.00
2022/06/06	866.61	880.87	866.59	880.21	889064111	1112203853824.00
2022/06/07	879.92	881.44	868.32	876.07	861840333	1038652014592.00
2022/06/08	875.81	880.86	859.27	875.01	913848383	1100950405120.00
2022/06/09	873.34	873.34	854.90	858.73	859554548	976607772672.00
2022/06/10	853.91	873.98	852.85	873.17	883580578	1050178551808.00
2022/06/13	868.14	877.61	866.86	876.00	906887640	1090617802752.00
2022/06/14	869.30	877.39	851.93	877.39	942044056	1099131584512.00
2022/06/15	878.68	888.70	876.66	876.66	1114233667	1298391891968.00
2022/06/16	876.45	889.23	876.45	883.60	924571526	1080432328704.00
2022/06/17	879.06	888.38	872.82	887.77	861955596	1092950425600.00
2022/06/20	889.43	899.10	889.43	897.81	891057760	1164062490624.00
2022/06/21	898.54	900.62	885.27	894.14	887978706	1079793418240.00
2022/06/22	894.49	895.38	882.99	883.23	816941698	996156047360.00
2022/06/23	883.55	900.16	880.23	900.16	874242573	1075596427264.00
2022/06/24	902.37	910.38	901.83	909.47	895729321	1159938048000.00
2022/06/27	913.28	918.47	912.01	917.34	930268560	1228375064576.00
2022/06/28	917.37	930.50	913.99	930.50	947896658	1220860706816.00
2022/06/29	929.59	931.29	911.52	911.52	1020506440	1315734028288.00
2022/06/30	912.50	924.19	912.50	919.04	883791721	1159333937152.00
2022/07/01	919.33	923.24	914.02	917.77	806809589	1051037138944.00
2022/07/04	917.42	923.82	911.12	923.82	815576771	1130221666304.00
2022/07/05	924.42	926.09	906.84	916.79	905021226	1180704571392.00
2022/07/06	914.19	916.39	901.63	908.74	835193110	1086350622720.00
2022/07/07	908.91	917.48	905.96	915.50	787348408	1052770762752.00
2022/07/08	917.79	923.85	915.63	917.42	786383877	1029105188864.00
2022/07/11	915.58	915.58	903.77	910.04	793400592	1008501456896.00
2022/07/12	909.84	909.95	896.14	896.14	778407602	976506322944.00
2022/07/13	896.39	909.05	896.37	907.48	776457066	942074757120.00
2022/07/14	906.63	917.26	904.65	912.95	824813252	1027528130560.00
2022/07/15	909.70	909.73	896.35	896.35	884932657	1087645089792.00
2022/07/18	897.58	919.27	897.58	919.27	820893720	1021091577856.00
2022/07/19	921.39	929.20	918.47	929.05	800864621	996535304192.00
2022/07/20	931.26	938.02	929.42	938.02	761519149	952223399936.00
2022/07/21	937.02	942.55	934.98	935.22	818247226	1017951223808.00
2022/07/22	935.77	940.83	925.58	933.54	764922252	941133791232.00
2022/07/25	934.47	937.49	923.11	925.95	704168929	861906141184.00
2022/07/26	926.57	936.49	918.46	936.49	682300348	833910996992.00
2022/07/27	935.34	945.23	933.96	944.52	692369671	867812114432.00
2022/07/28	948.45	954.99	948.45	952.21	792206362	1007022637056.00
2022/07/29	953.59	954.58	946.08	947.32	791989359	1014318432256.00
2022/08/01	946.80	952.46	942.28	952.46	746213784	993494433792.00
2022/08/02	944.35	944.35	907.21	916.07	989896113	1181134225408.00
2022/08/03	916.22	932.56	909.14	911.67	850354733	1115108540416.00
2022/08/04	916.30	924.25	909.33	924.25	688699156	899387883520.00
2022/08/05	926.21	935.80	923.40	935.55	729359293	995497803776.00
2022/08/08	934.47	948.30	930.80	948.30	678453666	953123340288.00
2022/08/09	947.96	951.52	944.75	951.52	684475247	953306841088.00
2022/08/10	949.92	954.87	948.08	954.87	685731956	966998294528.00
2022/08/11	958.29	967.70	958.29	967.70	789413312	1067291836416.00
2022/08/12	967.51	971.80	964.40	964.54	790209187	999980138496.00
2022/08/15	963.52	969.56	961.23	969.07	744201869	976772661248.00
2022/08/16	970.32	976.69	970.32	976.55	793763113	1020623060992.00
2022/08/17	978.09	980.16	974.14	979.69	837829478	1074853576704.00
2022/08/18	978.34	981.98	975.31	981.20	804146797	1054435770368.00
2022/08/19	981.83	985.22	969.53	969.54	851969432	1120490225664.00
2022/08/22	968.48	976.51	965.70	976.51	778356241	1026923626496.00
2022/08/23	974.74	980.66	973.01	980.66	776928752	1002449338368.00
2022/08/24	981.14	981.22	950.23	951.66	907668470	1126137593856.00
2022/08/25	954.33	956.12	935.87	948.46	804310146	986495451136.00
2022/08/26	949.24	956.59	941.83	943.54	732874008	929193132032.00
2022/08/29	931.99	950.80	926.86	950.80	692148154	845882851328.00
2022/08/30	951.07	954.63	942.33	947.68	703460658	838563987456.00
2022/08/31	945.49	945.49	921.62	923.02	803879236	1002297491456.00
2022/09/01	923.25	931.67	917.26	919.27	667878626	794972979200.00
2022/09/02	920.55	932.32	919.40	931.65	621777622	746876370944.00
2022/09/05	931.89	937.13	928.20	934.87	645916595	769808990208.00
2022/09/06	937.02	947.21	933.31	947.21	721126327	869170872320.00
2022/09/07	945.21	952.12	942.81	950.45	718417924	872082571264.00
2022/09/08	950.77	951.11	941.08	941.86	676489293	788369440768.00
2022/09/09	942.54	943.24	934.73	941.81	659314230	779608784896.00
2022/09/13	943.89	949.66	942.18	944.45	641006436	771438739456.00
2022/09/14	931.59	938.37	929.30	936.49	610182990	722858475520.00
2022/09/15	939.95	940.65	905.00	915.05	768077597	919318757376.00
2022/09/16	913.19	914.60	893.47	893.47	709884544	800165593088.00
2022/09/19	892.14	894.03	877.81	882.52	579523141	666207649792.00
2022/09/20	886.87	898.37	886.87	895.36	541157164	651786059776.00
2022/09/21	893.19	902.20	881.29	899.14	569439280	638215127040.00
2022/09/22	893.88	905.05	892.53	895.24	544386322	639936167936.00
2022/09/23	895.51	896.26	872.63	877.23	584837008	668461236224.00
2022/09/26	871.78	877.07	860.03	861.33	589630639	668175171584.00
2022/09/27	863.33	881.66	862.94	881.66	553976217	666874019840.00
2022/09/28	880.52	880.52	858.83	858.83	555004843	648610381824.00
2022/09/29	865.90	868.28	849.79	854.34	545314134	625653972992.00
2022/09/30	853.74	857.01	844.88	844.89	487794627	561636704256.00
2022/10/10	847.13	850.46	827.56	830.26	541892938	628641038336.00
2022/10/11	831.19	836.80	822.03	835.06	486295055	564381351936.00
2022/10/12	834.74	857.84	824.77	857.84	595294121	710736084992.00
2022/10/13	854.54	873.23	852.06	866.28	602552230	728992055296.00
2022/10/14	870.82	888.22	870.82	885.79	668248452	861785358336.00
2022/10/17	883.09	899.58	881.99	899.55	645765629	808221016064.00
2022/10/18	902.29	908.46	896.67	902.83	634573630	795003387904.00
2022/10/19	900.98	903.69	895.85	895.86	597067689	759389421568.00
2022/10/20	892.50	904.20	884.59	893.08	620584108	797186981888.00
2022/10/21	894.05	898.96	888.45	893.93	589586011	713315516416.00
2022/10/24	896.07	905.97	877.19	881.54	705391948	881576312832.00
2022/10/25	878.05	884.66	864.24	878.94	647552209	803371286528.00
2022/10/26	879.61	901.56	879.61	896.61	707251426	914816696320.00
2022/10/27	897.44	902.71	894.60	894.69	692466306	924597223424.00
2022/10/28	890.12	890.12	859.80	862.82	732955560	910521729024.00
2022/10/31	858.32	878.32	858.32	871.57	697118841	883677855744.00
2022/11/01	873.77	893.77	872.63	893.77	744930125	978027806720.00
2022/11/02	894.03	909.78	892.77	905.89	792043359	1052937814016.00
2022/11/03	899.85	910.17	898.61	909.04	660632814	887160307712.00
2022/11/04	909.77	926.29	909.77	924.96	796081277	1081291964416.00
2022/11/07	925.06	933.60	923.06	931.74	776255668	1007063334912.00
2022/11/08	931.79	931.79	924.36	931.33	656311393	836319117312.00
2022/11/09	931.75	937.56	929.56	932.18	629789405	779409948672.00
2022/11/10	928.27	933.96	926.00	928.81	697161856	843460313088.00
2022/11/11	945.25	949.18	933.17	933.29	1008178950	1223791345664.00
2022/11/14	934.28	939.71	928.82	932.52	880144426	1067758059520.00
2022/11/15	932.12	950.24	930.07	950.24	835184017	1059016474624.00
2022/11/16	950.79	955.41	946.10	948.50	769685508	943162261504.00
2022/11/17	947.08	953.01	942.84	953.01	725764687	913425825792.00
2022/11/18	953.46	957.35	946.05	946.77	792414701	979409043456.00
2022/11/21	943.21	949.88	937.78	949.88	677471647	850379341824.00
2022/11/22	948.99	951.93	935.21	938.78	761609012	885220966400.00
2022/11/23	937.71	937.76	919.90	932.95	732055536	831004082176.00
2022/11/24	934.24	939.71	932.24	936.21	643874218	748518834176.00
2022/11/25	934.87	934.87	928.28	929.03	680565141	740396564480.00
2022/11/28	918.99	925.29	915.07	925.29	681358858	758859038720.00
2022/11/29	927.94	942.89	927.94	942.89	861112225	968485044224.00
2022/11/30	943.11	946.46	939.17	942.62	849773985	931669475328.00
2022/12/01	949.95	953.76	948.83	950.13	881775823	1058779889664.00
2022/12/02	948.71	957.29	947.94	956.11	736786653	864994459648.00
2022/12/05	960.64	963.95	957.69	963.95	936695346	1055503941632.00
2022/12/06	961.53	963.69	956.65	959.96	829332593	998500007936.00
2022/12/07	958.18	964.18	956.13	960.94	799867493	949251866624.00
2022/12/08	959.96	961.33	954.96	957.48	761100310	870308577280.00
2022/12/09	957.53	959.47	951.05	956.11	837853642	1009483579392.00
2022/12/12	955.07	955.71	950.21	953.43	763933170	910287306752.00
2022/12/13	953.17	954.74	949.71	950.68	695061252	816867639296.00
2022/12/14	950.64	953.95	946.07	948.00	671847142	811200937984.00
2022/12/15	947.18	952.47	945.75	951.33	636158311	766695243776.00
2022/12/16	947.57	949.35	939.82	941.79	663938007	761774014464.00
2022/12/19	941.27	943.41	917.73	920.82	679264074	757095596032.00
2022/12/20	919.08	921.84	911.73	916.69	547252367	640076939264.00
2022/12/21	916.57	917.85	906.99	910.26	504584371	575151276032.00
2022/12/22	913.81	914.50	895.50	897.46	571452092	657911971840.00
2022/12/23	893.67	900.77	889.50	895.05	508051959	585632907264.00
2022/12/26	895.38	909.20	895.38	909.20	525403314	624606183424.00
2022/12/27	911.10	913.76	905.08	913.76	570163896	669022552064.00
2022/12/28	911.47	911.47	901.48	903.68	570969267	651132862464.00
2022/12/29	901.73	908.35	900.23	900.25	539024193	615325040640.00
2022/12/30	902.80	906.48	901.85	906.42	540326696	604351889408.00
2023/01/03	906.83	926.72	906.13	926.31	679326107	789054423040.00
2023/01/04	926.81	931.87	924.82	930.63	685534436	783906897920.00
2023/01/05	931.63	936.64	927.47	936.20	667844745	842904829952.00
2023/01/06	935.79	939.57	932.27	934.33	664483185	838228508672.00
2023/01/09	936.69	941.48	936.61	939.65	618419879	807289749504.00
2023/01/10	940.26	940.26	934.95	938.28	574873284	747281776640.00
2023/01/11	938.85	940.56	929.90	930.60	586768779	741866799104.00
2023/01/12	931.55	935.80	928.30	930.87	556657403	681510830080.00
2023/01/13	932.77	934.60	929.44	934.60	551672280	702445191168.00
2023/01/16	935.29	947.48	935.29	944.54	699445079	917247098880.00
2023/01/17	945.68	946.55	939.91	943.23	558000927	707291185152.00
2023/01/18	944.49	948.96	942.70	947.35	526946209	636081340416.00
2023/01/19	946.41	953.24	944.67	952.91	553269110	687200337920.00
2023/01/20	954.58	961.02	954.58	961.01	616860116	749346684928.00
2023/01/30	971.37	976.30	971.37	973.89	839457648	1062549454848.00
2023/01/31	970.88	978.03	968.63	978.03	747660253	902284574720.00
2023/02/01	979.33	994.01	978.84	994.01	839948655	1006537080832.00
2023/02/02	995.35	999.71	992.20	996.42	825794919	1025666514944.00
2023/02/03	995.07	996.71	984.46	996.09	742229688	915557777408.00
2023/02/06	994.01	998.12	990.82	994.50	691913724	875437096960.00
2023/02/07	995.44	1001.32	993.51	1001.32	692322651	846275149824.00
2023/02/08	1001.70	1002.07	996.23	996.65	663366629	805414174720.00
2023/02/09	994.86	1009.24	992.94	1009.24	697673325	901794562048.00
2023/02/10	1008.49	1012.84	1003.05	1008.24	719099843	893408313344.00
2023/02/13	1008.52	1018.54	1008.19	1018.54	764417655	980068204544.00
2023/02/14	1020.91	1020.91	1015.63	1019.37	719560293	914623758336.00
2023/02/15	1019.77	1022.41	1018.01	1021.71	734622439	938007330816.00
2023/02/16	1021.80	1025.01	992.95	999.51	984560983	1193914269696.00
2023/02/17	999.75	1006.14	993.47	994.62	731599676	914990891008.00
2023/02/20	995.84	1006.84	990.57	1006.84	763901983	950449733632.00
2023/02/21	1008.06	1013.25	1004.04	1011.18	754929523	922061307904.00
2023/02/22	1007.44	1013.25	1005.08	1012.60	625338250	783968960512.00
2023/02/23	1013.40	1015.63	1005.86	1010.41	645425958	807938555904.00
2023/02/24	1011.05	1012.06	1001.88	1007.66	560906472	726344990720.00
2023/02/27	1005.54	1007.58	997.50	998.92	580909641	754123866112.00
2023/02/28	1001.65	1008.59	997.77	1008.59	598734352	757410168832.00
2023/03/01	1008.98	1017.53	1006.82	1017.53	734101682	919618256896.00
2023/03/02	1017.49	1020.83	1013.12	1014.08	759969419	934069534720.00
2023/03/03	1014.22	1016.59	1007.09	1014.00	731194789	869972180992.00
2023/03/06	1015.13	1016.35	1009.79	1015.47	726588266	951258382336.00
2023/03/07	1015.34	1015.41	995.56	995.58	799054972	932963352576.00
2023/03/08	993.63	1004.04	993.36	1004.04	575166563	718842363904.00
2023/03/09	1005.55	1008.03	999.56	1005.82	592564757	756948008960.00
2023/03/10	1001.00	1002.59	992.10	992.35	642701239	809959882752.00
2023/03/13	989.90	994.95	984.15	994.69	658481870	839688192000.00
2023/03/14	993.64	993.64	972.31	982.81	717834686	932834377728.00
2023/03/15	986.44	995.31	986.44	991.28	656084932	818967085056.00
2023/03/16	987.09	987.39	974.75	975.86	685201711	845425016832.00
2023/03/17	981.09	988.11	980.16	982.95	749162815	973435305984.00
2023/03/20	984.19	984.34	975.51	979.54	830921424	1057780137984.00
2023/03/21	980.59	994.51	979.05	994.51	689068013	893406019584.00
2023/03/22	996.29	1000.57	995.93	1000.38	737091820	958287773696.00
2023/03/23	998.15	1001.02	995.35	1001.02	744460480	1021382098944.00
2023/03/24	1001.65	1002.82	997.82	1002.27	803783837	1075613138944.00
2023/03/27	1002.21	1002.44	993.33	1002.13	832819863	1140651589632.00
2023/03/28	1002.30	1002.30	993.35	994.18	741816315	1004717670400.00
2023/03/29	994.47	995.16	986.89	989.78	710905414	981595586560.00
2023/03/30	989.66	989.68	979.18	986.14	692130788	944826613760.00
2023/03/31	986.55	995.51	985.50	995.36	683311880	953532416000.00
2023/04/03	995.86	1004.78	995.86	1004.78	855787628	1253473124352.00
2023/04/04	1004.58	1004.58	992.73	996.61	894402222	1325063208960.00
2023/04/06	993.53	995.87	990.11	995.40	782042842	1193692102656.00
2023/04/07	996.26	1005.06	994.93	1005.06	710871271	1054208229376.00
2023/04/10	1005.77	1005.77	990.41	993.03	819315308	1225917595648.00
2023/04/11	992.88	994.78	987.93	994.60	743863521	1083466842112.00
2023/04/12	995.34	1002.57	994.35	1002.57	795326319	1132387631104.00
2023/04/13	1001.44	1004.27	996.97	998.42	818293295	1137372299264.00
2023/04/14	999.79	1004.05	992.84	1002.03	778368960	1115438710784.00
2023/04/17	1000.86	1003.51	999.58	1002.60	826502537	1121304444928.00
2023/04/18	1001.58	1001.59	994.14	997.42	746651142	1060548378624.00
2023/04/19	996.25	998.47	992.21	993.50	761347964	1083260207104.00
2023/04/20	991.65	991.69	981.64	988.48	784606592	1139351748608.00
2023/04/21	987.36	988.24	962.68	962.70	866956800	1218617016320.00
2023/04/24	961.38	963.85	952.45	958.28	781904960	1084443066368.00
2023/04/25	956.91	957.18	927.14	938.69	845479168	1135208038400.00
2023/04/26	935.67	951.95	935.42	947.25	797100032	1123605544960.00
2023/04/27	944.48	953.80	942.64	947.76	758071872	1046355247104.00
2023/04/28	945.55	965.37	945.55	965.34	855731520	1117952540672.00
2023/05/04	962.86	971.11	962.45	971.11	965826816	1173042364416.00
2023/05/05	970.46	970.46	958.36	964.29	880021056	1073680613376.00
2023/05/08	965.02	970.23	964.08	969.59	975353216	1139395395584.00
2023/05/09	968.26	968.28	954.48	954.64	1055957120	1224082587648.00
2023/05/10	952.62	961.38	951.82	958.66	847180992	1021361455104.00
2023/05/11	959.97	966.17	959.15	964.08	740457344	897330184192.00
2023/05/12	962.29	965.22	954.67	954.85	715996864	849599856640.00
2023/05/15	954.53	962.66	946.52	962.66	773700544	939783028736.00
2023/05/16	962.43	962.43	953.10	955.47	677109376	867631431680.00
2023/05/17	952.85	964.16	952.10	964.16	612817344	782793375744.00
2023/05/18	964.38	969.46	963.66	968.54	682843968	882266734592.00
2023/05/19	967.20	972.41	961.60	969.43	641795072	849875369984.00
2023/05/22	968.54	973.33	967.33	973.33	620613504	797281353728.00
2023/05/23	972.94	974.24	965.10	965.10	616649216	767797231616.00
2023/05/24	962.52	969.83	959.55	963.69	635488000	804550475776.00
2023/05/25	962.04	965.60	952.10	962.41	662224832	858804125696.00
2023/05/26	962.46	968.61	954.68	967.30	620470144	822908747776.00
2023/05/29	968.17	970.05	961.32	962.83	693755328	922720010240.00
2023/05/30	961.05	966.81	954.37	966.81	701549824	934852558848.00
2023/05/31	965.57	968.15	961.95	964.69	683074752	940442714112.00
2023/06/01	962.60	972.79	959.31	967.53	731997056	988295593984.00
2023/06/02	969.02	976.78	969.02	975.55	701747776	942103920640.00
2023/06/05	976.08	979.31	974.06	979.18	654381248	874937450496.00
2023/06/06	978.39	978.39	958.58	960.45	723806528	939043258368.00
2023/06/07	960.53	965.73	957.97	964.67	607076096	815803006976.00
2023/06/08	963.62	964.87	955.55	960.29	663904896	860986474496.00
2023/06/09	960.65	965.09	958.10	964.96	723239488	990881644544.00
2023/06/12	963.88	973.56	960.21	971.44	719591168	966612090880.00
2023/06/13	970.38	975.36	969.79	975.15	682854144	943470870528.00
2023/06/14	975.86	978.45	973.04	976.38	730929344	1001800728576.00
2023/06/15	975.88	980.39	973.87	980.39	747106112	1073728454656.00
2023/06/16	980.97	987.81	979.20	987.11	752751296	1068842549248.00
2023/06/19	986.90	989.07	985.78	986.69	758963200	1108106149888.00
2023/06/20	985.92	986.00	980.95	982.48	727067584	1091667558400.00
2023/06/21	981.46	982.70	968.86	968.86	714340032	1023908577280.00
2023/06/26	963.89	968.14	950.83	952.54	733120704	979092963328.00
2023/06/27	953.27	970.69	953.27	970.69	658666624	842315988992.00
2023/06/28	970.27	970.27	950.59	968.45	676811264	889737183232.00
2023/06/29	967.10	980.36	966.73	977.23	632243648	867281600512.00
2023/06/30	977.07	990.33	975.99	988.64	671379584	920416878592.00
2023/07/03	990.91	995.79	987.94	993.14	754543616	1026083979264.00
2023/07/04	993.19	999.39	991.35	999.39	679573952	930962145280.00
2023/07/05	998.90	1000.22	992.17	993.64	652083840	869936857088.00
2023/07/06	992.46	996.88	989.76	992.50	625650240	821420097536.00
2023/07/07	990.73	992.75	984.30	987.89	641093696	801454161920.00
2023/07/10	990.50	992.01	986.03	988.78	581732224	762911784960.00
2023/07/11	989.91	996.32	987.17	996.32	579155840	774695157760.00
2023/07/12	996.57	997.96	984.16	984.97	688093248	913297506304.00
2023/07/13	986.41	994.45	986.40	993.96	673314880	922096304128.00
2023/07/14	994.51	997.30	990.83	994.04	675840896	924239986688.00
2023/07/17	991.26	991.96	984.67	991.96	614483648	803893542912.00
2023/07/18	992.40	995.51	987.08	992.15	598249344	778368319488.00
2023/07/19	991.40	995.56	985.72	990.54	546248512	703619268608.00
2023/07/20	991.66	992.71	979.40	980.41	625946368	787654901760.00
2023/07/21	979.04	984.68	975.11	977.99	598143552	712231223296.00
2023/07/24	977.30	982.89	972.86	977.96	570736704	659987234816.00
2023/07/25	984.77	993.74	984.69	993.74	787355200	949092614144.00
2023/07/26	993.32	993.32	988.21	990.32	732857152	793089867776.00
2023/07/27	990.08	993.73	983.04	984.12	747634240	780993822720.00
2023/07/28	981.95	992.27	977.69	991.68	881102848	949445591040.00
2023/07/31	993.13	1001.22	993.13	1000.23	994474048	1106186731520.00
2023/08/01	999.71	999.72	994.86	997.78	941374336	957612163072.00
2023/08/02	996.33	998.19	993.67	996.46	834295040	836953047040.00
2023/08/03	993.72	995.73	990.70	995.73	801120960	833740734464.00
2023/08/04	997.98	1001.88	994.76	996.79	957419072	1050091651072.00
2023/08/07	995.22	995.54	988.34	990.73	777304128	891006222336.00
2023/08/08	990.50	991.48	985.68	988.64	696292992	799752585216.00
2023/08/09	986.36	986.76	980.00	981.01	631093120	737393311744.00
2023/08/10	980.30	984.12	979.09	983.83	610388736	695073832960.00
2023/08/11	984.69	984.69	967.94	967.97	702435648	764305014784.00
2023/08/14	961.28	971.28	956.60	971.28	645695744	742508527616.00
2023/08/15	971.21	972.37	958.31	965.36	606026752	707030679552.00
2023/08/16	963.09	965.68	956.43	956.45	616043264	705001095168.00
2023/08/17	954.09	968.92	948.16	968.50	644516352	740634329088.00
2023/08/18	968.21	971.85	954.90	954.93	658887936	745538256896.00
2023/08/21	953.75	961.26	948.35	948.35	587750848	678945161216.00
2023/08/22	951.43	955.30	933.62	950.94	696440704	819287949312.00
2023/08/23	949.41	949.41	935.40	935.42	609749440	706974384128.00
2023/08/24	936.82	942.57	927.00	935.26	667722752	786739560448.00
2023/08/25	931.73	936.14	915.97	919.09	681577792	767425445888.00
2023/08/28	966.42	966.42	925.11	927.47	1015552704	1127829733376.00
2023/08/29	925.37	959.02	924.84	958.56	907201024	1038169014272.00
2023/08/30	959.29	969.85	959.05	964.85	823835840	985346015232.00
2023/08/31	963.41	963.81	957.31	959.67	714438016	829492297728.00
2023/09/01	960.97	964.14	957.67	961.34	653231168	746980114432.00
2023/09/04	964.89	975.95	963.98	975.95	785600192	888139022336.00
2023/09/05	974.39	975.66	968.61	971.24	682374336	805844942848.00
2023/09/06	968.66	976.16	964.94	975.56	642042048	772678877184.00
2023/09/07	974.16	974.16	959.91	959.92	658845504	768239140864.00
2023/09/08	957.85	965.22	956.44	962.04	572448768	682906681344.00
2023/09/11	963.09	973.51	957.39	971.10	685173120	841980116992.00
2023/09/12	970.49	973.72	967.93	970.43	579116928	709154897920.00
2023/09/13	968.91	969.45	953.55	960.32	607304192	699079786496.00
2023/09/14	959.80	959.80	948.86	953.75	600243648	666643791872.00
2023/09/15	955.80	961.41	951.54	955.69	624692608	722445205504.00
2023/09/18	953.50	964.66	948.63	962.16	595444032	699328757760.00
2023/09/19	961.13	961.13	950.71	953.01	571112896	635748614144.00
2023/09/20	951.05	954.42	946.34	946.35	523593696	574016913408.00
2023/09/21	944.70	949.36	938.79	940.03	526345856	579718938624.00
2023/09/22	938.86	957.09	936.72	957.09	654103744	766472749056.00
2023/09/25	956.76	958.79	950.70	952.88	603365504	718683701248.00
2023/09/26	951.37	953.67	948.17	948.89	538931520	666441285632.00
2023/09/27	948.42	958.04	946.32	952.96	586349184	717258948608.00
2023/09/28	955.27	963.41	955.27	962.35	589613568	717998915584.00
2023/10/09	961.85	962.02	954.48	957.78	651358528	770676817920.00
2023/10/10	959.66	962.12	954.48	955.49	652732096	775313686528.00
2023/10/11	956.89	960.97	953.11	957.39	668724096	839275053056.00
2023/10/12	960.27	962.96	956.73	962.96	678857088	831821512704.00
2023/10/13	959.67	960.31	955.10	957.00	663296448	809155493888.00
2023/10/16	957.88	958.09	947.19	951.44	689887680	813686456320.00
2023/10/17	951.57	951.57	944.31	949.91	636792128	735966396416.00
2023/10/18	947.47	947.47	932.80	933.14	661309888	767122210816.00
2023/10/19	929.34	938.91	924.38	924.46	698548864	813296779264.00
2023/10/20	921.13	928.47	915.33	916.39	635574272	732178808832.00
2023/10/23	913.56	913.56	891.07	894.88	662521920	721691607040.00
2023/10/24	897.46	915.92	895.48	915.86	712659456	804605198336.00
2023/10/25	921.34	931.32	921.34	928.70	772931904	874319052800.00
2023/10/26	924.22	932.04	919.40	931.60	727945152	842960011264.00
2023/10/27	929.17	948.37	927.19	945.67	800331136	966007455744.00
2023/10/30	943.06	958.70	942.92	957.40	852827840	1039241510912.00
2023/10/31	956.95	958.98	949.06	954.01	774862528	919323279360.00
2023/11/01	954.55	957.93	951.93	956.03	688438656	813444431872.00
2023/11/02	956.07	959.79	947.12	947.18	672677696	768157941760.00
2023/11/03	948.57	960.97	948.57	958.51	679127552	811103420416.00
2023/11/06	963.23	977.34	963.23	977.34	888812288	1065880125440.00
2023/11/07	976.71	984.19	972.78	982.54	817634496	994877112320.00
2023/11/08	982.32	987.90	979.28	985.35	854450560	1039790440448.00
2023/11/09	984.81	989.15	977.57	979.72	784404800	964874731520.00
2023/11/10	976.47	979.38	971.66	978.10	679785792	829752082432.00
2023/11/13	980.57	987.71	980.06	987.71	715731072	870694453248.00
2023/11/14	987.59	992.98	985.75	992.96	741049280	896116195328.00
2023/11/15	998.91	1000.14	994.33	999.25	784051392	993201094656.00
2023/11/16	997.20	998.59	992.17	992.19	699650688	853537325056.00
2023/11/17	990.49	999.77	989.81	999.77	686374528	828797157376.00
2023/11/20	1001.42	1009.93	998.34	1009.93	754468608	931039543296.00
2023/11/21	1010.96	1015.61	1005.35	1007.37	872170560	1008199270400.00
2023/11/22	1004.72	1009.83	1001.52	1001.52	785643008	888453726208.00
2023/11/23	1000.78	1010.54	1000.30	1010.23	740645824	839664205824.00
2023/11/24	1009.84	1009.88	999.14	1002.05	753384512	830469570560.00
2023/11/27	1001.41	1006.73	999.93	1006.22	752771456	858948370432.00
2023/11/28	1003.40	1012.83	999.89	1012.48	671805568	795370127360.00
2023/11/29	1012.45	1014.68	1003.71	1004.64	679925312	792618860544.00
2023/11/30	1003.38	1005.29	990.95	999.39	676210432	785423073280.00
2023/12/01	999.10	1006.60	995.98	1004.03	712926656	844562366464.00
2023/12/04	1004.41	1007.96	1001.99	1004.23	712034688	858977599488.00
2023/12/05	1002.35	1002.35	989.85	989.86	711482880	838378717184.00
2023/12/06	987.89	1000.86	987.44	994.59	709359296	831509037056.00
2023/12/07	993.86	996.32	989.08	993.08	701825536	834022146048.00
2023/12/08	993.37	996.41	983.98	984.58	817774144	975900442624.00
2023/12/11	980.84	993.78	975.01	993.60	791415168	922701004800.00
2023/12/12	993.83	998.85	991.81	998.85	672554048	798075453440.00
2023/12/13	997.76	1002.55	994.07	994.09	663099712	784711680000.00
2023/12/14	996.72	1001.46	992.10	992.71	654652288	757819179008.00
2023/12/15	993.92	996.55	986.18	988.88	661435712	748349292544.00
2023/12/18	987.09	988.40	975.03	977.09	660585152	709087199232.00
2023/12/19	976.48	979.83	971.30	978.48	596542720	658293325824.00
2023/12/20	979.38	982.28	969.53	969.54	603932544	681800040448.00
2023/12/21	966.13	975.82	955.73	972.99	662488128	755096289280.00
2023/12/22	972.63	973.01	957.62	960.91	703673536	792458166272.00
2023/12/25	959.44	961.49	952.56	959.77	554288832	623360475136.00
2023/12/26	959.72	959.72	945.67	948.37	555994240	628022181888.00
2023/12/27	948.52	955.69	944.48	954.98	587682048	652663914496.00
2023/12/28	953.62	976.42	948.26	973.09	763854976	902437994496.00
2023/12/29	972.30	988.75	972.14	988.64	698750336	841354641408.00
2024/01/02	989.99	995.70	988.65	992.02	707052224	810098229248.00
2024/01/03	989.82	993.09	981.96	988.54	666724224	756485259264.00
2024/01/04	987.54	987.54	980.32	985.19	607720512	690095325184.00
2024/01/05	985.03	988.50	962.79	967.05	680039744	754644484096.00
2024/01/08	965.24	965.24	947.76	947.76	617856640	670317019136.00
2024/01/09	949.09	961.13	944.60	952.06	622133504	687035973632.00
2024/01/10	950.09	955.74	936.52	944.53	592431616	656898260992.00
2024/01/11	943.53	961.90	942.97	959.58	654483840	722159665152.00
2024/01/12	958.74	964.41	949.70	949.70	644552896	689171464192.00
2024/01/15	946.66	953.74	941.36	946.95	573655360	618912219136.00
2024/01/16	947.00	947.94	932.32	945.75	664688064	697396559872.00
2024/01/17	944.04	944.04	922.71	922.71	606456896	649336848384.00
2024/01/18	917.80	919.72	892.38	917.77	843377344	876721405952.00
2024/01/19	917.30	921.90	907.22	907.95	611648320	680418476032.00
2024/01/22	906.04	906.04	850.48	856.43	778734592	805201510400.00
2024/01/23	853.47	862.27	840.75	859.15	693774080	713250766848.00
2024/01/24	862.30	872.55	841.02	871.82	784623552	777294053376.00
2024/01/25	872.35	902.16	868.05	902.13	885149440	903075856384.00
2024/01/26	901.37	912.56	896.47	899.03	840681472	839486341120.00
2024/01/29	900.14	902.28	869.34	869.34	812737088	815077457920.00
2024/01/30	863.60	869.10	841.76	842.87	680464768	671226003456.00
2024/01/31	837.59	841.29	803.12	805.13	815491968	767019450368.00
2024/02/01	799.70	808.65	780.41	792.23	756591424	710903332864.00
2024/02/02	792.74	803.36	733.91	758.38	902171968	814111719424.00
2024/02/05	750.20	750.20	682.93	697.85	1022843072	884967407616.00
2024/02/06	679.35	732.29	660.57	717.23	1103586176	935923744768.00
2024/02/07	718.61	729.86	698.85	708.21	1173821696	1032978825216.00
2024/02/08	708.19	754.85	704.23	754.72	1164431232	1024880738304.00
2024/02/19	764.44	783.32	764.44	779.63	1022619712	964694769664.00
2024/02/20	778.07	791.05	769.00	789.79	799422592	798516510720.00
2024/02/21	783.59	821.98	779.34	802.80	995971200	989967024128.00
2024/02/22	802.01	820.39	801.71	820.39	818753472	830673780736.00
2024/02/23	823.57	841.30	819.84	841.24	906940288	930085273600.00
2024/02/26	844.51	865.44	839.93	853.01	973966656	997272190976.00
2024/02/27	849.97	876.86	845.55	876.86	916300608	1002711744512.00
2024/02/28	879.03	892.42	825.24	825.24	1321881856	1371246821376.00
2024/02/29	816.27	855.81	816.27	855.81	983222464	1063424688128.00
2024/03/01	858.20	866.21	853.10	865.16	926502080	1065644261376.00
2024/03/04	866.48	869.59	849.13	866.16	924376640	1086015340544.00
2024/03/05	861.03	863.32	850.09	852.52	900473472	1075152420864.00
2024/03/06	849.22	867.24	847.55	860.83	812664896	939323752448.00
2024/03/07	862.96	870.94	853.20	853.26	894088384	989424517120.00
2024/03/08	853.31	863.63	848.40	862.15	759148736	866472427520.00
2024/03/11	861.28	878.89	861.19	878.89	858657472	1012207779840.00
2024/03/12	880.74	889.14	875.51	889.14	986114176	1151496486912.00
2024/03/13	888.90	896.10	883.00	890.10	897209280	1060362387456.00
2024/03/14	889.93	895.08	875.16	885.56	877885632	1012851343360.00
2024/03/15	883.18	899.09	881.18	899.09	844758720	953539100672.00
2024/03/18	902.09	916.47	901.77	916.47	975096768	1145098076160.00
2024/03/19	915.15	921.66	913.59	913.59	924026944	1084541763584.00
2024/03/20	912.53	923.89	912.53	923.89	865071232	1005483524096.00
2024/03/21	925.48	928.38	915.48	924.59	930834432	1073724391424.00
2024/03/22	922.46	923.62	904.56	911.72	964530816	1102734819328.00
2024/03/25	908.55	913.02	889.90	889.92	919165056	1048920588288.00
2024/03/26	887.86	895.82	875.85	889.54	834752448	960816939008.00
2024/03/27	887.90	888.73	862.44	862.44	815648576	894258577408.00
2024/03/28	860.52	888.99	860.52	881.44	838039296	937131311104.00
2024/03/29	881.67	891.92	878.23	891.92	789411392	863200935936.00
2024/04/01	894.40	911.32	894.40	911.32	896223936	1003647467520.00
2024/04/02	911.29	912.70	903.52	909.83	902142784	972442894336.00
2024/04/03	907.84	908.20	895.15	902.75	861025920	922512064512.00
2024/04/08	899.75	899.75	880.87	880.87	887853632	935811219456.00
2024/04/09	879.64	893.27	879.25	893.27	749880256	799664439296.00
2024/04/10	891.62	891.72	868.64	876.27	799462528	837328044032.00
2024/04/11	870.18	886.88	867.11	877.61	764053952	817822498816.00
2024/04/12	877.28	883.00	869.53	870.92	754608320	814587641856.00
2024/04/15	865.53	870.69	830.92	841.54	1010863424	1001920921600.00
2024/04/16	832.89	832.89	788.20	788.44	987498432	951792369664.00
2024/04/17	793.83	834.96	793.83	834.96	927223488	923660189696.00
2024/04/18	834.42	843.58	824.49	833.39	904796608	955353006080.00
2024/04/19	829.25	837.62	822.48	828.23	819616320	865139949568.00
2024/04/22	824.14	830.95	810.69	822.81	777163136	825564856320.00
2024/04/23	822.35	832.39	822.35	828.27	725485632	779136335872.00
2024/04/24	828.56	843.33	828.26	843.33	728484800	799135236096.00
2024/04/25	840.40	852.13	838.68	846.65	716905024	777901703168.00
2024/04/26	844.90	860.10	842.36	858.70	985271616	1090951708672.00
2024/04/29	859.17	882.34	859.17	882.25	1094625024	1216693665792.00
2024/04/30	882.14	884.14	872.17	877.47	970888512	1035342577664.00
2024/05/06	886.40	895.71	886.40	895.71	981567808	1106939609088.00
2024/05/07	895.51	901.06	892.81	901.06	880152832	972728631296.00
2024/05/08	898.60	898.60	888.79	889.67	800973248	868566827008.00
2024/05/09	889.28	903.02	889.28	901.28	818623552	905543090176.00
2024/05/10	901.87	903.28	889.47	891.78	860685440	916558643200.00
2024/05/13	885.60	885.60	874.44	877.61	849873792	913277321216.00
2024/05/14	877.85	886.57	877.85	884.47	775766720	827438465024.00
2024/05/15	882.77	885.97	877.41	878.28	742686528	763807334400.00
2024/05/16	879.48	887.96	879.48	882.27	829585984	850305482752.00
2024/05/17	882.47	893.52	879.49	893.52	871494336	889976782848.00
2024/05/20	893.86	899.47	891.88	896.39	954980032	997970345984.00
2024/05/21	894.24	894.24	884.22	887.34	783018880	801763098624.00
2024/05/22	886.82	892.91	886.31	891.55	795999168	834155380736.00
2024/05/23	888.65	888.65	872.85	874.48	830683392	855722426368.00
2024/05/24	872.93	878.88	866.03	866.03	725922496	769077608448.00
2024/05/27	866.79	871.07	855.61	870.99	735455488	778409738240.00
2024/05/28	868.89	871.99	861.61	862.62	721444544	745321398272.00
2024/05/29	860.57	869.57	859.83	864.11	694841984	711731380224.00
2024/05/30	861.39	865.65	856.83	858.38	701514048	726697115648.00
2024/05/31	858.39	866.80	858.39	863.67	675169600	717706428416.00
2024/06/03	862.76	862.84	841.06	847.35	807586752	833703116800.00
2024/06/04	843.49	843.49	831.30	841.45	727721792	748790611968.00
2024/06/05	838.23	838.72	825.70	825.71	685312768	691317243904.00
2024/06/06	825.40	829.52	792.29	796.15	870126400	849077272576.00
2024/06/07	802.33	813.89	798.67	810.71	710366976	719017803776.00
2024/06/11	807.87	816.49	796.80	815.70	666191104	705190690816.00
2024/06/12	815.07	827.09	814.64	826.03	639086656	694051471360.00
2024/06/13	826.46	828.35	820.48	822.48	676592576	754983501824.00
2024/06/14	820.97	824.89	814.89	823.29	743969088	850729500672.00
2024/06/17	819.82	823.61	817.07	819.25	655891776	753899077632.00
2024/06/18	819.51	829.31	817.96	829.31	662232832	739496427520.00
2024/06/19	830.28	832.65	824.21	825.48	628315776	708780818432.00
2024/06/20	824.03	827.19	809.26	809.69	684910336	727736320000.00
2024/06/21	806.83	814.69	801.30	809.37	583384704	623380267008.00
2024/06/24	803.85	803.85	779.74	780.41	677251456	698563100672.00
2024/06/25	780.24	787.40	774.89	780.50	623231616	651025776640.00
2024/06/26	778.64	801.99	773.25	801.99	656084224	646136987648.00
2024/06/27	799.43	802.63	787.45	787.45	623944832	629048606720.00
2024/06/28	785.79	801.40	784.80	791.06	688067072	705770815488.00
2024/07/01	790.60	798.52	783.63	797.63	648732416	660521680896.00
2024/07/02	797.51	803.18	795.42	798.14	654582400	647201947648.00
2024/07/03	797.47	798.10	790.99	791.56	593029056	582897434624.00
2024/07/04	791.48	793.04	769.70	771.14	629724480	585936797696.00
2024/07/05	769.92	781.86	761.43	779.47	591717632	577249869824.00
2024/07/08	777.18	777.18	756.83	758.75	610885952	584206974976.00
2024/07/09	757.86	772.69	746.40	771.94	714791552	726986915840.00
2024/07/10	768.77	774.64	765.19	766.47	659550144	679906902016.00
2024/07/11	776.99	789.81	775.74	789.81	756067328	789865889792.00
2024/07/12	789.17	793.17	785.47	788.18	674125760	689868308480.00
2024/07/15	786.68	786.68	775.11	776.79	603670016	604907175936.00
2024/07/16	775.47	779.97	771.25	779.47	591227840	646371409920.00
2024/07/17	779.21	781.09	773.32	774.69	633750656	687903342592.00
2024/07/18	769.75	775.06	758.82	773.19	628964992	681712353280.00
2024/07/19	770.21	781.57	768.46	777.52	604571712	676505518080.00
2024/07/22	777.40	782.86	775.33	780.79	601107840	661279473664.00
2024/07/23	780.73	783.43	765.40	765.40	652846784	666692616192.00
2024/07/24	762.65	767.14	752.68	753.46	654280704	631436738560.00
2024/07/25	749.59	764.32	746.88	757.64	588837248	592871751680.00
2024/07/26	758.68	769.68	758.68	769.65	611875200	610370125824.00
2024/07/29	770.45	773.43	764.79	770.44	585462976	589699022848.00
2024/07/30	769.00	776.61	765.68	774.80	608631360	603516043264.00
2024/07/31	774.26	800.44	772.85	800.44	907020480	908075139072.00
2024/08/01	800.92	805.31	797.36	800.87	779110720	786508611584.00
2024/08/02	795.68	803.71	789.76	790.56	735089600	726153428992.00
2024/08/05	785.64	796.81	771.00	771.00	816214912	793634603008.00
2024/08/06	777.87	785.56	775.32	785.56	700569600	656862674944.00
2024/08/07	784.92	789.89	781.55	785.99	621067072	594565922816.00
2024/08/08	783.39	789.57	775.12	784.69	682024064	623003566080.00
2024/08/09	786.91	790.24	779.18	779.18	657939584	565925052416.00
2024/08/12	778.42	780.04	771.50	774.10	585490752	498657230848.00
2024/08/13	772.88	779.25	768.34	779.25	543423872	479877070848.00
2024/08/14	779.21	780.32	775.13	775.31	531880000	480187482112.00
2024/08/15	773.22	785.96	769.47	781.78	677083136	594343952384.00
2024/08/16	782.23	783.59	777.73	778.26	664003264	594138562560.00
2024/08/19	776.62	782.47	773.40	775.21	638279872	573276749824.00
2024/08/20	774.59	775.02	760.67	762.71	651191040	561189224448.00
2024/08/21	760.38	764.56	758.58	760.66	576042688	512686817280.00
2024/08/22	760.79	762.58	748.67	749.30	609848960	552040267776.00
2024/08/23	747.46	749.66	739.96	746.08	572892032	512860618752.00
2024/08/26	746.11	755.41	744.34	753.96	572188544	528903634944.00
2024/08/27	751.91	752.50	742.65	743.91	570201152	513993015296.00
2024/08/28	741.88	753.14	739.93	747.35	560025984	498951979008.00
2024/08/29	744.59	759.63	742.07	757.89	656897536	609933197312.00
2024/08/30	757.78	781.70	757.42	772.69	921855552	880036216832.00
2024/09/02	771.85	774.43	760.12	760.17	776361920	708292771840.00
2024/09/03	759.93	770.62	759.43	767.36	647941440	582641057792.00
2024/09/04	763.04	768.81	759.91	762.16	621946432	561573003264.00
2024/09/05	762.47	771.46	762.47	768.97	591523648	536877596672.00
2024/09/06	769.34	770.01	755.05	755.21	619378688	544816758784.00
2024/09/09	752.03	759.08	747.21	753.23	594098624	520462565376.00
2024/09/10	754.17	759.46	744.22	757.15	611251264	529417764864.00
2024/09/11	754.41	758.18	750.46	753.80	553832000	501160312832.00
2024/09/12	754.29	762.11	751.94	751.94	578407424	517324144640.00
2024/09/13	752.26	753.32	743.05	743.05	603442112	528496820224.00
2024/09/18	742.62	743.39	727.73	737.96	583636032	481733869568.00
2024/09/19	740.76	758.20	738.44	754.35	731326976	629393391616.00
2024/09/20	754.47	754.47	747.51	751.93	671012352	576795967488.00
2024/09/23	751.40	756.98	748.11	753.11	625025088	552857567232.00
2024/09/24	755.75	779.42	753.68	779.42	1067462720	974424506368.00
2024/09/25	786.20	804.33	786.20	789.00	1288148992	1161677111296.00
2024/09/26	787.41	815.68	786.87	815.68	1285006464	1166365163520.00
2024/09/27	827.76	862.23	826.09	857.21	1450513920	1455641329664.00
2024/09/30	893.65	959.73	877.93	954.48	2442484992	2611520208896.00
2024/10/08	1065.82	1080.19	975.25	1037.86	2922666240	3483607236608.00
2024/10/09	1006.35	1006.83	943.07	943.07	2284475648	2966562013184.00
2024/10/10	950.45	971.81	927.78	943.96	1810426368	2160920363008.00
2024/10/11	938.58	938.58	895.97	905.91	1384398464	1586802458624.00
2024/10/14	911.19	935.48	897.92	935.48	1409809152	1649040949248.00
2024/10/15	930.78	947.85	921.23	921.29	1378825728	1651527909376.00
2024/10/16	909.25	935.36	908.69	926.11	1227702784	1389583794176.00
2024/10/17	932.07	940.81	923.53	923.72	1307976064	1519269576704.00
2024/10/18	921.41	972.62	919.76	956.05	1668075136	2130591612928.00
2024/10/21	962.78	987.92	961.28	978.54	1660331008	2228894040064.00
2024/10/22	978.90	993.41	970.91	986.68	1530502912	1960746942464.00
2024/10/23	985.36	1004.00	981.66	992.24	1593353088	1964776751104.00
2024/10/24	988.24	995.93	983.28	992.21	1293762688	1563417772032.00
2024/10/25	995.60	1021.30	995.60	1013.61	1493450752	1830766379008.00
2024/10/28	1017.04	1040.21	1016.07	1040.21	1653659008	1904059088896.00
2024/10/29	1045.73	1046.53	1024.16	1024.18	1786057088	2114866905088.00
2024/10/30	1018.73	1032.75	1013.93	1026.12	1625762048	1893387730944.00
2024/10/31	1026.67	1045.06	1024.05	1039.51	1911168512	2262180823040.00
2024/11/01	1036.92	1041.23	1004.62	1006.25	2057039488	2267789918208.00
2024/11/04	1004.39	1028.96	1004.06	1028.96	1508464640	1723498364928.00
2024/11/05	1030.06	1062.78	1029.84	1062.76	1923936128	2350646296576.00
2024/11/06	1067.35	1082.12	1060.42	1072.66	2142009344	2624053575680.00
2024/11/07	1066.79	1099.83	1064.19	1099.83	2212197632	2563107717120.00
2024/11/08	1110.20	1115.18	1096.71	1100.68	2242245376	2732299386880.00
2024/11/11	1098.10	1124.48	1097.68	1124.48	1957791232	2546532089856.00
2024/11/12	1127.48	1132.24	1103.09	1113.77	1973853440	2587030454272.00
2024/11/13	1108.33	1119.02	1090.50	1115.84	1600491264	2041786400768.00
2024/11/14	1113.84	1115.24	1083.32	1084.51	1484710784	1871202353152.00
2024/11/15	1080.32	1094.56	1065.25	1065.25	1489650560	1863281803264.00
2024/11/18	1070.23	1075.67	1035.60	1041.84	1633853184	1795978952704.00
2024/11/19	1041.81	1065.30	1031.46	1065.30	1415001344	1596624863232.00
2024/11/20	1062.71	1091.63	1061.23	1089.94	1400850816	1651577847808.00
2024/11/21	1088.58	1098.88	1083.38	1095.48	1370199424	1655826415616.00
2024/11/22	1093.20	1098.59	1056.87	1056.96	1577097088	1832183791616.00
2024/11/25	1059.41	1071.18	1049.36	1071.18	1324466432	1521385996288.00
2024/11/26	1069.44	1079.71	1059.80	1060.28	1199188224	1334560030720.00
2024/11/27	1053.94	1078.48	1032.86	1078.48	1321780224	1487471378432.00
2024/11/28	1079.15	1094.05	1079.15	1081.42	1380328576	1525635612672.00
2024/11/29	1079.01	1105.15	1072.93	1098.52	1490588800	1746371346432.00
2024/12/02	1099.96	1123.90	1099.96	1123.19	1625235584	1825335148544.00
2024/12/03	1124.44	1130.35	1114.69	1125.78	1621978112	1755957297152.00
2024/12/04	1123.71	1126.89	1104.21	1109.46	1568057216	1697394982912.00
2024/12/05	1105.90	1125.38	1105.90	1124.06	1401552512	1526551543808.00
2024/12/06	1125.86	1138.11	1116.33	1134.28	1741586688	1817573326848.00
2024/12/09	1134.01	1138.41	1120.14	1129.58	1663893888	1661217669120.00
2024/12/10	1162.95	1164.61	1136.50	1138.23	1979332480	2227903397888.00
2024/12/11	1134.78	1152.52	1134.75	1152.52	1704662912	1798391857152.00
2024/12/12	1152.92	1164.35	1145.61	1164.35	1751315072	1887396298752.00
2024/12/13	1158.12	1159.68	1144.44	1144.98	1863670912	2089810526208.00
2024/12/16	1145.67	1149.34	1131.92	1137.58	1556848512	1716849344512.00
2024/12/17	1135.11	1135.48	1095.92	1097.50	1434660096	1525197438976.00
2024/12/18	1098.30	1112.28	1087.20	1102.64	1261059968	1375320276992.00
2024/12/19	1091.01	1106.96	1085.19	1104.32	1286019968	1464744542208.00
2024/12/20	1102.42	1123.82	1102.42	1115.93	1232112512	1532757803008.00
2024/12/23	1113.90	1114.35	1069.26	1070.96	1359764352	1545661317120.00
2024/12/24	1073.53	1082.96	1062.67	1080.76	1143839744	1321306816512.00
2024/12/25	1079.01	1079.37	1048.63	1058.95	1146494592	1294648082432.00
2024/12/26	1056.96	1077.16	1056.96	1071.59	1023248128	1286354108416.00
2024/12/27	1072.63	1090.36	1069.73	1079.01	1187604992	1447454441472.00
2024/12/30	1075.95	1076.23	1058.80	1066.97	1071340992	1288477343744.00
2024/12/31	1068.36	1071.66	1041.99	1042.20	1156644992	1358625112064.00
2025/01/02	1040.56	1053.82	1014.92	1023.83	1249360000	1409498349568.00
2025/01/03	1026.24	1029.24	986.81	988.42	1210507008	1282194407424.00
2025/01/06	985.31	996.72	966.78	983.72	1024531136	1071200337920.00
2025/01/07	984.47	1005.37	980.91	1005.37	1005861760	1089148878848.00
2025/01/08	1001.61	1010.94	975.99	1005.06	1164841088	1257629417472.00
2025/01/09	1000.15	1014.81	999.09	1008.80	997997056	1129504833536.00
2025/01/10	1007.24	1015.38	980.85	980.85	1028095872	1162956767232.00
数据来源:通达信
